TITLE = "B00004"
VARIABLES = "position", "position(2)", "Vx", "Vy"
ZONE T="Frame 0", I=51, J=39
-54.582013 102.250314 0.000000 0.000000
-50.700637 102.250314 10.596273 -0.152543
-46.819261 102.250314 9.358749 0.163412
-42.937885 102.250314 9.432004 -0.193990
-39.056509 102.250314 10.048768 0.259509
-35.175133 102.250314 0.000000 0.000000
-31.293757 102.250314 0.000000 0.000000
-27.412381 102.250314 0.000000 0.000000
-23.531005 102.250314 0.000000 0.000000
-19.649629 102.250314 7.884051 0.529736
-15.768253 102.250314 10.185011 0.314569
-11.886877 102.250314 10.459325 -0.595098
-8.005501 102.250314 9.112009 0.741733
-4.124125 102.250314 10.744463 -0.218064
-0.242749 102.250314 10.361856 -0.117806
3.638627 102.250314 0.000000 0.000000
7.520003 102.250314 11.094974 -0.176512
11.401379 102.250314 11.645520 0.079411
15.282755 102.250314 8.722302 -0.442646
19.164131 102.250314 10.127303 -1.007356
23.045507 102.250314 8.987769 -2.515928
26.926883 102.250314 11.026840 -0.572451
30.808259 102.250314 0.000000 0.000000
34.689635 102.250314 0.000000 0.000000
38.571011 102.250314 9.394738 -2.196002
42.452387 102.250314 0.000000 0.000000
46.333763 102.250314 0.000000 0.000000
50.215140 102.250314 0.000000 0.000000
54.096516 102.250314 0.000000 0.000000
57.977892 102.250314 0.000000 0.000000
61.859268 102.250314 0.000000 0.000000
65.740644 102.250314 0.000000 0.000000
69.622020 102.250314 0.000000 0.000000
73.503396 102.250314 10.603507 0.829142
77.384772 102.250314 10.427059 -0.205894
81.266148 102.250314 10.860550 -0.298769
85.147524 102.250314 10.338067 -0.590641
89.028900 102.250314 9.213398 1.742689
92.910276 102.250314 9.397782 1.018106
96.791652 102.250314 9.649298 0.503606
100.673028 102.250314 9.400905 -0.591765
104.554404 102.250314 10.472881 -0.156823
108.435780 102.250314 9.622659 0.208772
112.317156 102.250314 10.779161 0.370030
116.198532 102.250314 10.649699 0.227278
120.079908 102.250314 9.136523 -0.723199
123.961284 102.250314 10.203275 0.427806
127.842660 102.250314 10.972346 0.806621
131.724036 102.250314 10.045024 0.226388
135.605412 102.250314 9.856345 -0.337409
139.486788 102.250314 9.508731 0.605162
-54.582013 98.368938 9.090817 1.405416
-50.700637 98.368938 10.650903 -0.145822
-46.819261 98.368938 9.715976 -2.017481
-42.937885 98.368938 10.910105 -0.232011
-39.056509 98.368938 10.730511 1.065746
-35.175133 98.368938 0.000000 0.000000
-31.293757 98.368938 0.000000 0.000000
-27.412381 98.368938 0.000000 0.000000
-23.531005 98.368938 0.000000 0.000000
-19.649629 98.368938 0.000000 0.000000
-15.768253 98.368938 10.337562 0.417284
-11.886877 98.368938 9.874474 0.671094
-8.005501 98.368938 10.284351 -0.258652
-4.124125 98.368938 9.515764 0.961219
-0.242749 98.368938 9.227905 1.362200
3.638627 98.368938 10.528948 2.250472
7.520003 98.368938 10.496661 -1.295251
11.401379 98.368938 9.565989 1.142026
15.282755 98.368938 10.466389 -1.502983
19.164131 98.368938 12.714197 0.438852
23.045507 98.368938 0.000000 0.000000
26.926883 98.368938 11.074454 0.604474
30.808259 98.368938 0.000000 0.000000
34.689635 98.368938 0.000000 0.000000
38.571011 98.368938 10.602285 -0.333784
42.452387 98.368938 10.878783 0.271246
46.333763 98.368938 0.000000 0.000000
50.215140 98.368938 0.000000 0.000000
54.096516 98.368938 0.000000 0.000000
57.977892 98.368938 0.000000 0.000000
61.859268 98.368938 0.000000 0.000000
65.740644 98.368938 0.000000 0.000000
69.622020 98.368938 0.000000 0.000000
73.503396 98.368938 0.000000 0.000000
77.384772 98.368938 9.628927 -0.654801
81.266148 98.368938 9.215651 -0.729467
85.147524 98.368938 10.403986 -0.184568
89.028900 98.368938 0.000000 0.000000
92.910276 98.368938 9.645047 -1.440684
96.791652 98.368938 9.870032 -0.009454
100.673028 98.368938 10.281872 -0.232252
104.554404 98.368938 10.171420 -0.007291
108.435780 98.368938 10.027981 -0.430591
112.317156 98.368938 10.037827 0.220209
116.198532 98.368938 10.109012 -0.161995
120.079908 98.368938 10.198944 0.643948
123.961284 98.368938 10.128265 0.034408
127.842660 98.368938 10.351973 -0.085081
131.724036 98.368938 9.814885 -0.680445
135.605412 98.368938 9.965230 -0.169655
139.486788 98.368938 8.788159 -0.720459
-54.582013 94.487562 0.000000 0.000000
-50.700637 94.487562 9.835928 0.905108
-46.819261 94.487562 11.432094 0.156293
-42.937885 94.487562 9.625923 0.886686
-39.056509 94.487562 0.000000 0.000000
-35.175133 94.487562 0.000000 0.000000
-31.293757 94.487562 0.000000 0.000000
-27.412381 94.487562 0.000000 0.000000
-23.531005 94.487562 0.000000 0.000000
-19.649629 94.487562 0.000000 0.000000
-15.768253 94.487562 10.354468 -0.179062
-11.886877 94.487562 11.752264 0.114582
-8.005501 94.487562 10.478131 0.970433
-4.124125 94.487562 9.374188 1.366516
-0.242749 94.487562 8.690882 1.119539
3.638627 94.487562 0.000000 0.000000
7.520003 94.487562 9.598223 1.259092
11.401379 94.487562 9.997751 -0.621415
15.282755 94.487562 10.140518 0.870812
19.164131 94.487562 11.676697 0.757116
23.045507 94.487562 10.044718 1.827804
26.926883 94.487562 7.619232 -1.391040
30.808259 94.487562 12.843345 0.616964
34.689635 94.487562 9.277118 0.361603
38.571011 94.487562 10.807334 -0.194388
42.452387 94.487562 9.879686 0.133932
46.333763 94.487562 11.729706 -0.249225
50.215140 94.487562 0.000000 0.000000
54.096516 94.487562 12.013351 0.427924
57.977892 94.487562 0.000000 0.000000
61.859268 94.487562 0.000000 0.000000
65.740644 94.487562 0.000000 0.000000
69.622020 94.487562 0.000000 0.000000
73.503396 94.487562 9.061742 0.442782
77.384772 94.487562 10.613819 0.604489
81.266148 94.487562 10.216625 -0.184323
85.147524 94.487562 9.897202 -0.743184
89.028900 94.487562 10.057501 0.010881
92.910276 94.487562 10.179637 -0.523807
96.791652 94.487562 10.773603 -0.590770
100.673028 94.487562 9.263351 0.006543
104.554404 94.487562 10.000700 0.243199
108.435780 94.487562 10.127183 0.157881
112.317156 94.487562 9.087292 -0.794364
116.198532 94.487562 9.939109 0.097256
120.079908 94.487562 9.532134 -0.243286
123.961284 94.487562 10.178934 0.106793
127.842660 94.487562 10.341615 0.572921
131.724036 94.487562 9.026290 0.342432
135.605412 94.487562 9.351997 0.221604
139.486788 94.487562 8.378500 0.218035
-54.582013 90.606186 0.000000 0.000000
-50.700637 90.606186 0.000000 0.000000
-46.819261 90.606186 10.375570 -0.401318
-42.937885 90.606186 10.761617 0.239974
-39.056509 90.606186 10.105134 0.617574
-35.175133 90.606186 0.000000 0.000000
-31.293757 90.606186 0.000000 0.000000
-27.412381 90.606186 0.000000 0.000000
-23.531005 90.606186 0.000000 0.000000
-19.649629 90.606186 0.000000 0.000000
-15.768253 90.606186 0.000000 0.000000
-11.886877 90.606186 10.471046 0.267869
-8.005501 90.606186 10.612184 0.395644
-4.124125 90.606186 10.645452 0.070809
-0.242749 90.606186 10.208707 -0.718987
3.638627 90.606186 10.412811 -0.320770
7.520003 90.606186 10.591424 -0.500656
11.401379 90.606186 10.383874 -0.287578
15.282755 90.606186 10.158495 -0.775756
19.164131 90.606186 9.546120 1.127994
23.045507 90.606186 10.469800 0.445422
26.926883 90.606186 9.929695 -0.420140
30.808259 90.606186 0.000000 0.000000
34.689635 90.606186 10.124786 0.595647
38.571011 90.606186 11.041279 -0.296457
42.452387 90.606186 10.110929 0.109108
46.333763 90.606186 10.261463 0.231003
50.215140 90.606186 10.655113 -0.143804
54.096516 90.606186 9.959258 -2.209787
57.977892 90.606186 12.714641 1.103394
61.859268 90.606186 0.000000 0.000000
65.740644 90.606186 0.000000 0.000000
69.622020 90.606186 0.000000 0.000000
73.503396 90.606186 9.974910 0.729780
77.384772 90.606186 9.409628 0.712128
81.266148 90.606186 9.068836 0.887476
85.147524 90.606186 10.686955 -0.218448
89.028900 90.606186 10.024813 -0.397308
92.910276 90.606186 9.302588 -0.927854
96.791652 90.606186 9.290333 -0.564941
100.673028 90.606186 9.619717 0.501808
104.554404 90.606186 9.085043 -0.039918
108.435780 90.606186 9.850987 -0.422449
112.317156 90.606186 9.629297 0.644807
116.198532 90.606186 10.312329 -0.435456
120.079908 90.606186 9.715473 0.484760
123.961284 90.606186 9.885193 0.166049
127.842660 90.606186 9.999056 -0.308695
131.724036 90.606186 10.021947 0.122400
135.605412 90.606186 9.794998 0.684946
139.486788 90.606186 9.844753 0.388618
-54.582013 86.724810 0.000000 0.000000
-50.700637 86.724810 0.000000 0.000000
-46.819261 86.724810 9.161039 1.231995
-42.937885 86.724810 8.755456 1.113753
-39.056509 86.724810 9.235765 0.191084
-35.175133 86.724810 0.000000 0.000000
-31.293757 86.724810 0.000000 0.000000
-27.412381 86.724810 0.000000 0.000000
-23.531005 86.724810 0.000000 0.000000
-19.649629 86.724810 0.000000 0.000000
-15.768253 86.724810 10.149951 1.088542
-11.886877 86.724810 10.667125 -0.655111
-8.005501 86.724810 11.424709 -0.365254
-4.124125 86.724810 10.998674 -0.197648
-0.242749 86.724810 11.793181 1.202803
3.638627 86.724810 10.543850 -0.520100
7.520003 86.724810 10.568540 -0.223959
11.401379 86.724810 10.808574 -0.534522
15.282755 86.724810 10.396854 0.766439
19.164131 86.724810 8.820597 -0.698056
23.045507 86.724810 10.384223 -0.115372
26.926883 86.724810 10.155956 -0.393893
30.808259 86.724810 10.551910 0.537728
34.689635 86.724810 10.322145 0.352337
38.571011 86.724810 10.074423 0.173776
42.452387 86.724810 10.397329 0.440712
46.333763 86.724810 10.194215 -0.462005
50.215140 86.724810 10.807531 -0.183339
54.096516 86.724810 10.785288 0.006618
57.977892 86.724810 9.299197 -0.166352
61.859268 86.724810 0.000000 0.000000
65.740644 86.724810 0.000000 0.000000
69.622020 86.724810 0.000000 0.000000
73.503396 86.724810 10.935726 -0.547249
77.384772 86.724810 10.536898 -0.917488
81.266148 86.724810 10.150743 -1.659410
85.147524 86.724810 9.860201 0.563169
89.028900 86.724810 10.282393 -0.108672
92.910276 86.724810 10.271590 -0.500031
96.791652 86.724810 9.614929 -0.468261
100.673028 86.724810 9.395975 0.341976
104.554404 86.724810 7.976226 0.806364
108.435780 86.724810 9.827806 0.491226
112.317156 86.724810 10.391756 -0.045744
116.198532 86.724810 9.628770 -0.265096
120.079908 86.724810 9.909666 -0.145589
123.961284 86.724810 9.946750 0.225364
127.842660 86.724810 10.298309 0.132305
131.724036 86.724810 8.805159 -0.052322
135.605412 86.724810 10.166311 -0.267981
139.486788 86.724810 9.591921 -0.533246
-54.582013 82.843434 12.108132 -0.373016
-50.700637 82.843434 12.223906 -0.120680
-46.819261 82.843434 0.000000 0.000000
-42.937885 82.843434 9.787765 0.996013
-39.056509 82.843434 9.369161 1.428645
-35.175133 82.843434 0.000000 0.000000
-31.293757 82.843434 0.000000 0.000000
-27.412381 82.843434 0.000000 0.000000
-23.531005 82.843434 0.000000 0.000000
-19.649629 82.843434 0.000000 0.000000
-15.768253 82.843434 10.629035 0.407785
-11.886877 82.843434 10.586113 0.600419
-8.005501 82.843434 11.611731 -0.276900
-4.124125 82.843434 10.950707 0.623296
-0.242749 82.843434 11.461512 -0.652934
3.638627 82.843434 10.463591 0.371065
7.520003 82.843434 11.648993 -0.418566
11.401379 82.843434 10.027419 0.240915
15.282755 82.843434 10.299235 -0.220714
19.164131 82.843434 10.912638 -0.288857
23.045507 82.843434 9.895286 -0.179875
26.926883 82.843434 10.192145 0.404062
30.808259 82.843434 10.696836 0.085563
34.689635 82.843434 10.599716 -0.432133
38.571011 82.843434 10.523032 -0.493001
42.452387 82.843434 9.622699 -0.889231
46.333763 82.843434 10.563021 0.273791
50.215140 82.843434 10.293408 -0.936592
54.096516 82.843434 10.026207 0.340401
57.977892 82.843434 9.304621 0.422480
61.859268 82.843434 0.000000 0.000000
65.740644 82.843434 0.000000 0.000000
69.622020 82.843434 9.223862 0.115665
73.503396 82.843434 8.895828 -0.193845
77.384772 82.843434 9.633236 0.980135
81.266148 82.843434 10.476516 -0.248900
85.147524 82.843434 9.908134 0.508204
89.028900 82.843434 9.506442 0.319447
92.910276 82.843434 10.276945 0.135291
96.791652 82.843434 9.796938 0.154608
100.673028 82.843434 9.662766 0.173793
104.554404 82.843434 9.683340 0.807270
108.435780 82.843434 10.078436 -0.205496
112.317156 82.843434 9.801735 0.303840
116.198532 82.843434 10.871192 0.326269
120.079908 82.843434 9.677815 0.101505
123.961284 82.843434 10.337839 -0.000208
127.842660 82.843434 9.529864 0.028386
131.724036 82.843434 9.008387 -0.538907
135.605412 82.843434 9.178588 -0.111258
139.486788 82.843434 9.913559 0.095244
-54.582013 78.962058 0.000000 0.000000
-50.700637 78.962058 10.635526 -0.073043
-46.819261 78.962058 10.244156 -0.498939
-42.937885 78.962058 10.286570 1.309363
-39.056509 78.962058 9.581788 0.619322
-35.175133 78.962058 0.000000 0.000000
-31.293757 78.962058 0.000000 0.000000
-27.412381 78.962058 0.000000 0.000000
-23.531005 78.962058 0.000000 0.000000
-19.649629 78.962058 0.000000 0.000000
-15.768253 78.962058 9.919917 0.871514
-11.886877 78.962058 10.104816 0.530473
-8.005501 78.962058 10.669802 -0.522777
-4.124125 78.962058 9.918094 0.342966
-0.242749 78.962058 11.297554 -0.218479
3.638627 78.962058 10.483314 0.432874
7.520003 78.962058 10.779803 -0.117944
11.401379 78.962058 10.282806 -0.698703
15.282755 78.962058 10.795622 -0.537277
19.164131 78.962058 10.422379 -0.153686
23.045507 78.962058 10.044083 0.492381
26.926883 78.962058 10.601416 -1.045948
30.808259 78.962058 11.575650 -0.699984
34.689635 78.962058 10.852175 -0.780015
38.571011 78.962058 10.449003 -0.584414
42.452387 78.962058 10.822559 0.094590
46.333763 78.962058 10.025630 -0.664183
50.215140 78.962058 10.276507 -0.462926
54.096516 78.962058 9.658178 -0.069818
57.977892 78.962058 10.260705 -0.722343
61.859268 78.962058 0.000000 0.000000
65.740644 78.962058 0.000000 0.000000
69.622020 78.962058 9.448627 0.313844
73.503396 78.962058 8.984326 -0.597307
77.384772 78.962058 10.314048 0.541783
81.266148 78.962058 9.100929 -0.561216
85.147524 78.962058 9.457921 0.305853
89.028900 78.962058 10.113762 -0.158332
92.910276 78.962058 10.273829 -0.127447
96.791652 78.962058 9.854803 0.481374
100.673028 78.962058 9.942277 -0.296386
104.554404 78.962058 10.104239 -0.375558
108.435780 78.962058 10.398505 0.040646
112.317156 78.962058 10.112343 -0.116677
116.198532 78.962058 9.857117 0.086566
120.079908 78.962058 9.582704 0.651101
123.961284 78.962058 9.385367 0.025132
127.842660 78.962058 10.076453 -0.264141
131.724036 78.962058 9.605139 0.640857
135.605412 78.962058 9.884539 0.416550
139.486788 78.962058 9.871580 0.272264
-54.582013 75.080682 0.000000 0.000000
-50.700637 75.080682 0.000000 0.000000
-46.819261 75.080682 9.851154 1.182488
-42.937885 75.080682 9.645522 0.692155
-39.056509 75.080682 10.112698 0.490954
-35.175133 75.080682 0.000000 0.000000
-31.293757 75.080682 0.000000 0.000000
-27.412381 75.080682 0.000000 0.000000
-23.531005 75.080682 0.000000 0.000000
-19.649629 75.080682 0.000000 0.000000
-15.768253 75.080682 10.451077 0.518971
-11.886877 75.080682 10.332599 0.508042
-8.005501 75.080682 10.664539 0.393518
-4.124125 75.080682 11.228788 0.125264
-0.242749 75.080682 10.701543 0.047283
3.638627 75.080682 10.670610 -0.045915
7.520003 75.080682 10.186353 0.450214
11.401379 75.080682 9.569995 0.397154
15.282755 75.080682 10.246321 -0.046512
19.164131 75.080682 10.489264 -0.596665
23.045507 75.080682 10.897091 -0.490806
26.926883 75.080682 9.755289 0.119232
30.808259 75.080682 9.821140 -0.424130
34.689635 75.080682 10.520336 -0.240926
38.571011 75.080682 9.611878 -0.191081
42.452387 75.080682 9.733956 -0.511592
46.333763 75.080682 9.861965 -0.166075
50.215140 75.080682 9.750283 -0.136353
54.096516 75.080682 9.741285 -0.488180
57.977892 75.080682 10.048753 -0.733105
61.859268 75.080682 0.000000 0.000000
65.740644 75.080682 0.000000 0.000000
69.622020 75.080682 10.522763 -1.187085
73.503396 75.080682 10.258187 -0.696692
77.384772 75.080682 9.804622 -0.356481
81.266148 75.080682 10.182429 -0.381862
85.147524 75.080682 9.383152 0.326676
89.028900 75.080682 9.474785 -0.276837
92.910276 75.080682 10.593719 0.277482
96.791652 75.080682 9.473144 0.126777
100.673028 75.080682 10.096565 -0.264459
104.554404 75.080682 9.886165 -0.113328
108.435780 75.080682 9.096864 0.103962
112.317156 75.080682 9.807247 -0.327576
116.198532 75.080682 9.827997 -0.229325
120.079908 75.080682 9.401690 -0.208014
123.961284 75.080682 9.456967 0.225447
127.842660 75.080682 9.494171 -0.266411
131.724036 75.080682 9.750224 -0.284850
135.605412 75.080682 10.296949 0.286461
139.486788 75.080682 9.454416 -0.994200
-54.582013 71.199306 0.000000 0.000000
-50.700637 71.199306 11.188274 0.567669
-46.819261 71.199306 0.000000 0.000000
-42.937885 71.199306 9.127728 0.928245
-39.056509 71.199306 10.051721 1.124564
-35.175133 71.199306 0.000000 0.000000
-31.293757 71.199306 0.000000 0.000000
-27.412381 71.199306 0.000000 0.000000
-23.531005 71.199306 0.000000 0.000000
-19.649629 71.199306 0.000000 0.000000
-15.768253 71.199306 10.441507 0.394689
-11.886877 71.199306 10.652700 0.065482
-8.005501 71.199306 10.365512 0.369255
-4.124125 71.199306 10.829003 1.064193
-0.242749 71.199306 10.587895 -0.066675
3.638627 71.199306 10.594114 -0.213511
7.520003 71.199306 11.173792 1.111996
11.401379 71.199306 10.927903 0.006620
15.282755 71.199306 10.286178 0.335558
19.164131 71.199306 10.041362 0.086478
23.045507 71.199306 10.270360 0.607893
26.926883 71.199306 10.516273 0.242949
30.808259 71.199306 10.576381 -0.483491
34.689635 71.199306 10.322860 -0.328254
38.571011 71.199306 10.519031 0.574875
42.452387 71.199306 10.469930 0.525177
46.333763 71.199306 10.499330 -0.377730
50.215140 71.199306 10.493710 -0.237804
54.096516 71.199306 10.344008 -0.765157
57.977892 71.199306 10.433840 0.423702
61.859268 71.199306 0.000000 0.000000
65.740644 71.199306 0.000000 0.000000
69.622020 71.199306 10.318874 -0.019102
73.503396 71.199306 9.991261 -0.148350
77.384772 71.199306 10.121371 -0.218676
81.266148 71.199306 9.664687 0.182108
85.147524 71.199306 9.854901 0.348637
89.028900 71.199306 10.082076 -0.351547
92.910276 71.199306 9.969601 -0.304634
96.791652 71.199306 10.136683 0.322576
100.673028 71.199306 9.853273 0.127175
104.554404 71.199306 9.482506 -0.298184
108.435780 71.199306 10.004769 -0.476892
112.317156 71.199306 10.191575 0.168016
116.198532 71.199306 10.157798 -0.139275
120.079908 71.199306 10.391675 -0.371255
123.961284 71.199306 9.752297 0.144179
127.842660 71.199306 9.633610 0.203488
131.724036 71.199306 10.144506 -0.553736
135.605412 71.199306 9.020596 0.675117
139.486788 71.199306 10.402040 0.024020
-54.582013 67.317930 9.397104 2.282827
-50.700637 67.317930 9.210092 1.700024
-46.819261 67.317930 9.532834 0.952651
-42.937885 67.317930 10.069670 0.342839
-39.056509 67.317930 9.873869 1.273502
-35.175133 67.317930 0.000000 0.000000
-31.293757 67.317930 0.000000 0.000000
-27.412381 67.317930 0.000000 0.000000
-23.531005 67.317930 0.000000 0.000000
-19.649629 67.317930 11.003230 0.419506
-15.768253 67.317930 10.468881 0.687074
-11.886877 67.317930 10.500529 0.474644
-8.005501 67.317930 10.761018 -0.017627
-4.124125 67.317930 11.023545 -0.092777
-0.242749 67.317930 11.618320 0.536768
3.638627 67.317930 10.459670 0.164677
7.520003 67.317930 11.436116 0.083976
11.401379 67.317930 10.175534 -0.305588
15.282755 67.317930 10.266495 -0.071325
19.164131 67.317930 9.807284 -0.312634
23.045507 67.317930 10.654647 -0.891126
26.926883 67.317930 10.235910 -0.745224
30.808259 67.317930 10.427772 -0.527676
34.689635 67.317930 10.403338 -0.581515
38.571011 67.317930 10.137628 0.116837
42.452387 67.317930 10.618875 -0.483721
46.333763 67.317930 10.421501 -0.565779
50.215140 67.317930 10.687098 -0.525857
54.096516 67.317930 10.347170 0.326856
57.977892 67.317930 9.512839 -0.703000
61.859268 67.317930 0.000000 0.000000
65.740644 67.317930 0.000000 0.000000
69.622020 67.317930 9.842085 -0.411284
73.503396 67.317930 10.038935 -0.371047
77.384772 67.317930 9.636908 -0.792520
81.266148 67.317930 10.311379 -0.232206
85.147524 67.317930 9.611582 -0.173704
89.028900 67.317930 9.408119 0.132141
92.910276 67.317930 9.625726 0.105421
96.791652 67.317930 9.458059 -0.188556
100.673028 67.317930 10.008396 -0.240954
104.554404 67.317930 9.621346 0.014253
108.435780 67.317930 9.839266 -0.154537
112.317156 67.317930 10.157393 0.412350
116.198532 67.317930 9.991561 -0.403092
120.079908 67.317930 10.044120 -0.435704
123.961284 67.317930 9.466274 -0.443772
127.842660 67.317930 9.442883 -0.214327
131.724036 67.317930 9.888966 0.141091
135.605412 67.317930 9.849865 0.301453
139.486788 67.317930 9.886445 -0.049393
-54.582013 63.436554 9.613420 -0.546992
-50.700637 63.436554 9.815915 0.796132
-46.819261 63.436554 9.259874 1.005471
-42.937885 63.436554 10.168425 0.684502
-39.056509 63.436554 10.342037 0.965088
-35.175133 63.436554 0.000000 0.000000
-31.293757 63.436554 0.000000 0.000000
-27.412381 63.436554 0.000000 0.000000
-23.531005 63.436554 0.000000 0.000000
-19.649629 63.436554 10.676443 0.626389
-15.768253 63.436554 10.440799 0.309093
-11.886877 63.436554 11.204059 -0.153182
-8.005501 63.436554 10.764991 0.105505
-4.124125 63.436554 10.997724 -0.085155
-0.242749 63.436554 10.862721 0.102529
3.638627 63.436554 10.695583 0.546133
7.520003 63.436554 11.486609 0.126774
11.401379 63.436554 10.705303 -0.313972
15.282755 63.436554 9.926620 0.035740
19.164131 63.436554 10.874530 -0.105778
23.045507 63.436554 10.856482 -0.133459
26.926883 63.436554 10.579234 -0.009371
30.808259 63.436554 10.792015 -0.417685
34.689635 63.436554 9.797857 -0.791920
38.571011 63.436554 9.726414 0.528985
42.452387 63.436554 10.504552 -0.671144
46.333763 63.436554 10.428626 0.224617
50.215140 63.436554 10.404791 -0.451769
54.096516 63.436554 10.269141 -0.298490
57.977892 63.436554 10.290468 -0.414906
61.859268 63.436554 0.000000 0.000000
65.740644 63.436554 0.000000 0.000000
69.622020 63.436554 9.921234 -0.544609
73.503396 63.436554 9.764327 -0.039039
77.384772 63.436554 9.649705 0.178278
81.266148 63.436554 9.851062 -0.716125
85.147524 63.436554 9.643805 -0.427846
89.028900 63.436554 10.031744 -0.035884
92.910276 63.436554 9.862662 -0.543538
96.791652 63.436554 10.043802 -0.071861
100.673028 63.436554 9.460265 -0.559777
104.554404 63.436554 10.346985 -0.529594
108.435780 63.436554 9.779985 0.127969
112.317156 63.436554 9.594086 -0.487230
116.198532 63.436554 10.612215 -0.268637
120.079908 63.436554 11.813519 0.028231
123.961284 63.436554 10.364786 0.007399
127.842660 63.436554 9.543529 0.375052
131.724036 63.436554 9.484693 0.157931
135.605412 63.436554 10.568583 0.163827
139.486788 63.436554 9.144312 -0.340506
-54.582013 59.555178 0.000000 0.000000
-50.700637 59.555178 9.151021 0.772428
-46.819261 59.555178 10.105696 0.633432
-42.937885 59.555178 9.625250 1.012476
-39.056509 59.555178 9.950615 0.684594
-35.175133 59.555178 0.000000 0.000000
-31.293757 59.555178 0.000000 0.000000
-27.412381 59.555178 0.000000 0.000000
-23.531005 59.555178 0.000000 0.000000
-19.649629 59.555178 10.706574 0.904546
-15.768253 59.555178 10.908008 0.355374
-11.886877 59.555178 10.848412 0.039207
-8.005501 59.555178 11.009727 0.386009
-4.124125 59.555178 11.004045 0.404293
-0.242749 59.555178 10.867249 0.138673
3.638627 59.555178 10.916956 -0.237044
7.520003 59.555178 10.587763 0.484595
11.401379 59.555178 10.767980 0.161462
15.282755 59.555178 10.787292 -0.507491
19.164131 59.555178 10.298337 -0.084897
23.045507 59.555178 10.745345 -0.207646
26.926883 59.555178 10.455345 -0.352508
30.808259 59.555178 10.674556 -0.281851
34.689635 59.555178 10.453970 -0.224920
38.571011 59.555178 10.311823 -0.592302
42.452387 59.555178 10.270171 -0.767869
46.333763 59.555178 10.628085 -0.380062
50.215140 59.555178 10.175507 -0.663130
54.096516 59.555178 10.387792 0.126914
57.977892 59.555178 9.634785 -0.291064
61.859268 59.555178 0.000000 0.000000
65.740644 59.555178 0.000000 0.000000
69.622020 59.555178 10.157875 -0.102535
73.503396 59.555178 9.425492 -0.488502
77.384772 59.555178 9.704100 -0.329330
81.266148 59.555178 10.053204 -0.306262
85.147524 59.555178 9.803836 -0.274340
89.028900 59.555178 9.803191 -0.202200
92.910276 59.555178 9.615784 -0.065593
96.791652 59.555178 10.065049 -0.070098
100.673028 59.555178 9.536841 0.084205
104.554404 59.555178 9.527168 -0.131685
108.435780 59.555178 10.271347 0.155614
112.317156 59.555178 9.432069 0.244729
116.198532 59.555178 9.777922 0.172606
120.079908 59.555178 10.636966 -0.521651
123.961284 59.555178 10.411911 0.468577
127.842660 59.555178 10.405880 0.076655
131.724036 59.555178 9.684707 0.162268
135.605412 59.555178 9.478134 0.536977
139.486788 59.555178 10.368784 0.374380
-54.582013 55.673802 9.671061 0.744873
-50.700637 55.673802 9.228988 0.553435
-46.819261 55.673802 10.001070 0.897826
-42.937885 55.673802 9.152421 0.857678
-39.056509 55.673802 9.691700 0.994033
-35.175133 55.673802 0.000000 0.000000
-31.293757 55.673802 0.000000 0.000000
-27.412381 55.673802 0.000000 0.000000
-23.531005 55.673802 10.733034 0.917429
-19.649629 55.673802 10.958352 0.835469
-15.768253 55.673802 11.268984 0.654110
-11.886877 55.673802 10.681008 0.618358
-8.005501 55.673802 11.344431 0.347602
-4.124125 55.673802 11.243187 0.060081
-0.242749 55.673802 10.942931 0.112600
3.638627 55.673802 10.847159 -0.089646
7.520003 55.673802 11.159976 0.188754
11.401379 55.673802 10.781704 -0.596269
15.282755 55.673802 10.806562 -0.436984
19.164131 55.673802 10.901653 -0.310028
23.045507 55.673802 10.689479 -0.245832
26.926883 55.673802 10.452104 -0.439017
30.808259 55.673802 10.459815 -0.227051
34.689635 55.673802 10.491201 -0.847818
38.571011 55.673802 10.827372 -0.394294
42.452387 55.673802 10.651532 -0.514243
46.333763 55.673802 10.207673 -0.130503
50.215140 55.673802 10.753639 -0.603297
54.096516 55.673802 10.418595 -0.252928
57.977892 55.673802 10.293164 -0.687168
61.859268 55.673802 0.000000 0.000000
65.740644 55.673802 0.000000 0.000000
69.622020 55.673802 9.762782 -0.875581
73.503396 55.673802 10.019868 -0.441526
77.384772 55.673802 9.999846 -0.457882
81.266148 55.673802 9.696913 -0.230136
85.147524 55.673802 9.875368 -0.315742
89.028900 55.673802 9.639097 -0.559059
92.910276 55.673802 9.788095 -0.508332
96.791652 55.673802 10.216683 -0.541077
100.673028 55.673802 9.962831 -0.156657
104.554404 55.673802 9.873101 0.065800
108.435780 55.673802 9.927637 0.554106
112.317156 55.673802 9.747168 0.384925
116.198532 55.673802 10.112426 -0.372466
120.079908 55.673802 10.273623 -0.221971
123.961284 55.673802 9.806275 0.045714
127.842660 55.673802 9.530977 0.166133
131.724036 55.673802 9.860457 0.296344
135.605412 55.673802 9.530259 0.307130
139.486788 55.673802 0.000000 0.000000
-54.582013 51.792426 9.936987 0.689010
-50.700637 51.792426 9.312554 0.458191
-46.819261 51.792426 9.046670 1.062372
-42.937885 51.792426 9.643703 1.002090
-39.056509 51.792426 9.898528 1.085326
-35.175133 51.792426 0.000000 0.000000
-31.293757 51.792426 0.000000 0.000000
-27.412381 51.792426 0.000000 0.000000
-23.531005 51.792426 10.630553 1.070051
-19.649629 51.792426 10.896177 1.068384
-15.768253 51.792426 11.007771 0.954823
-11.886877 51.792426 11.089297 0.618512
-8.005501 51.792426 11.136135 0.208003
-4.124125 51.792426 11.221465 0.427625
-0.242749 51.792426 11.731705 0.125829
3.638627 51.792426 11.025612 0.109694
7.520003 51.792426 11.270323 -0.431020
11.401379 51.792426 10.737837 -0.402583
15.282755 51.792426 10.905065 -0.599016
19.164131 51.792426 10.462461 -0.469851
23.045507 51.792426 10.642438 -0.738677
26.926883 51.792426 10.517149 -0.736256
30.808259 51.792426 10.765003 -0.414545
34.689635 51.792426 10.586739 -0.661000
38.571011 51.792426 10.649150 -0.689954
42.452387 51.792426 10.042133 -0.837589
46.333763 51.792426 10.444944 -0.554267
50.215140 51.792426 10.531197 -0.564212
54.096516 51.792426 10.381817 -0.642267
57.977892 51.792426 9.977513 -0.920161
61.859268 51.792426 0.000000 0.000000
65.740644 51.792426 0.000000 0.000000
69.622020 51.792426 10.212698 -0.374842
73.503396 51.792426 9.806375 -0.634094
77.384772 51.792426 9.605727 -0.413454
81.266148 51.792426 9.648872 -0.306206
85.147524 51.792426 9.746964 -0.456740
89.028900 51.792426 9.811072 -0.125474
92.910276 51.792426 9.460505 0.212896
96.791652 51.792426 9.896442 -0.119240
100.673028 51.792426 9.953243 0.105351
104.554404 51.792426 10.196720 -0.927760
108.435780 51.792426 9.757763 -0.178790
112.317156 51.792426 9.776036 -0.209196
116.198532 51.792426 10.150824 -0.317621
120.079908 51.792426 10.013915 -0.273655
123.961284 51.792426 9.200624 -0.055692
127.842660 51.792426 9.880705 -0.107333
131.724036 51.792426 9.305694 0.005506
135.605412 51.792426 9.380268 0.430616
139.486788 51.792426 10.383051 -0.073576
-54.582013 47.911049 0.000000 0.000000
-50.700637 47.911049 9.123820 0.815946
-46.819261 47.911049 9.466570 1.421595
-42.937885 47.911049 9.767363 0.964587
-39.056509 47.911049 9.629775 1.396622
-35.175133 47.911049 0.000000 0.000000
-31.293757 47.911049 0.000000 0.000000
-27.412381 47.911049 0.000000 0.000000
-23.531005 47.911049 11.121233 1.160732
-19.649629 47.911049 11.034968 1.194579
-15.768253 47.911049 11.472777 0.882354
-11.886877 47.911049 11.354755 0.431185
-8.005501 47.911049 11.630816 0.449947
-4.124125 47.911049 11.473700 0.342461
-0.242749 47.911049 11.254295 0.031690
3.638627 47.911049 11.471855 0.007806
7.520003 47.911049 10.882658 -0.276577
11.401379 47.911049 10.855457 -0.228876
15.282755 47.911049 11.253003 -0.066008
19.164131 47.911049 10.741122 -0.418774
23.045507 47.911049 10.537912 0.046726
26.926883 47.911049 10.268077 -0.767287
30.808259 47.911049 10.609170 -0.616257
34.689635 47.911049 10.712123 -0.718942
38.571011 47.911049 10.540544 -0.645259
42.452387 47.911049 10.772404 -0.203872
46.333763 47.911049 10.680953 -0.748932
50.215140 47.911049 10.331664 -0.726539
54.096516 47.911049 10.287957 -0.627346
57.977892 47.911049 9.766193 -0.888561
61.859268 47.911049 0.000000 0.000000
65.740644 47.911049 0.000000 0.000000
69.622020 47.911049 9.771293 -0.686720
73.503396 47.911049 9.354928 -0.802320
77.384772 47.911049 9.716139 -0.502466
81.266148 47.911049 9.638465 -0.573615
85.147524 47.911049 9.443908 -0.418620
89.028900 47.911049 9.961926 0.246023
92.910276 47.911049 10.046461 -0.319829
96.791652 47.911049 9.797043 -0.381022
100.673028 47.911049 9.930232 -0.584689
104.554404 47.911049 9.465620 -0.321754
108.435780 47.911049 9.688492 0.216995
112.317156 47.911049 9.207605 0.042963
116.198532 47.911049 10.175985 -0.567433
120.079908 47.911049 10.331290 -0.095994
123.961284 47.911049 10.173779 -0.311743
127.842660 47.911049 9.800735 -0.338066
131.724036 47.911049 9.081024 0.003259
135.605412 47.911049 9.242798 0.313045
139.486788 47.911049 10.439472 0.095260
-54.582013 44.029673 0.000000 0.000000
-50.700637 44.029673 9.907035 1.024731
-46.819261 44.029673 8.803882 0.869080
-42.937885 44.029673 9.074188 0.867435
-39.056509 44.029673 9.759352 1.904150
-35.175133 44.029673 0.000000 0.000000
-31.293757 44.029673 0.000000 0.000000
-27.412381 44.029673 11.047149 2.272242
-23.531005 44.029673 11.454775 2.145730
-19.649629 44.029673 11.695044 1.158804
-15.768253 44.029673 11.674463 0.895318
-11.886877 44.029673 11.465134 0.523178
-8.005501 44.029673 11.480162 0.246372
-4.124125 44.029673 11.213698 0.440877
-0.242749 44.029673 11.445015 -0.151451
3.638627 44.029673 0.000000 0.000000
7.520003 44.029673 10.893596 -0.215379
11.401379 44.029673 11.206388 -0.674082
15.282755 44.029673 10.913223 -0.671896
19.164131 44.029673 11.075815 -0.542053
23.045507 44.029673 10.933835 -0.449771
26.926883 44.029673 10.749001 -0.588781
30.808259 44.029673 10.693455 -0.359931
34.689635 44.029673 10.641371 -0.467607
38.571011 44.029673 10.718912 -0.595712
42.452387 44.029673 10.643922 -0.903740
46.333763 44.029673 9.961967 -0.648590
50.215140 44.029673 10.756193 -0.347121
54.096516 44.029673 10.443090 -0.892459
57.977892 44.029673 10.138670 -0.720180
61.859268 44.029673 0.000000 0.000000
65.740644 44.029673 0.000000 0.000000
69.622020 44.029673 9.556636 -0.396714
73.503396 44.029673 9.647549 -0.315068
77.384772 44.029673 10.074979 -0.729835
81.266148 44.029673 9.444490 -0.609335
85.147524 44.029673 9.165306 -0.553770
89.028900 44.029673 9.282272 -0.414360
92.910276 44.029673 10.318976 -0.649508
96.791652 44.029673 10.148624 -0.653728
100.673028 44.029673 10.146286 -0.840011
104.554404 44.029673 9.230611 -0.834269
108.435780 44.029673 9.374858 -0.473104
112.317156 44.029673 9.134682 0.255094
116.198532 44.029673 9.815557 0.327273
120.079908 44.029673 10.434879 -0.208961
123.961284 44.029673 9.731396 -1.034864
127.842660 44.029673 9.890760 -0.919619
131.724036 44.029673 8.754595 -0.999015
135.605412 44.029673 8.132581 2.171753
139.486788 44.029673 9.790084 1.901109
-54.582013 40.148297 9.429070 0.662717
-50.700637 40.148297 10.007381 2.346251
-46.819261 40.148297 8.931027 1.548031
-42.937885 40.148297 8.875748 1.358846
-39.056509 40.148297 8.535370 1.521514
-35.175133 40.148297 0.000000 0.000000
-31.293757 40.148297 0.000000 0.000000
-27.412381 40.148297 0.000000 0.000000
-23.531005 40.148297 0.000000 0.000000
-19.649629 40.148297 0.000000 0.000000
-15.768253 40.148297 0.000000 0.000000
-11.886877 40.148297 0.000000 0.000000
-8.005501 40.148297 0.000000 0.000000
-4.124125 40.148297 0.000000 0.000000
-0.242749 40.148297 0.000000 0.000000
3.638627 40.148297 0.000000 0.000000
7.520003 40.148297 0.000000 0.000000
11.401379 40.148297 0.000000 0.000000
15.282755 40.148297 0.000000 0.000000
19.164131 40.148297 0.000000 0.000000
23.045507 40.148297 0.000000 0.000000
26.926883 40.148297 0.000000 0.000000
30.808259 40.148297 0.000000 0.000000
34.689635 40.148297 0.000000 0.000000
38.571011 40.148297 0.000000 0.000000
42.452387 40.148297 10.236693 -0.920437
46.333763 40.148297 10.320266 -1.551179
50.215140 40.148297 10.724804 -0.638767
54.096516 40.148297 10.269073 -1.483598
57.977892 40.148297 9.182675 -0.134759
61.859268 40.148297 10.628222 -1.310240
65.740644 40.148297 0.000000 0.000000
69.622020 40.148297 8.558887 -0.396399
73.503396 40.148297 10.904075 -0.522874
77.384772 40.148297 9.971014 -1.452903
81.266148 40.148297 9.398551 -0.921256
85.147524 40.148297 8.970653 -1.239871
89.028900 40.148297 7.574862 -0.666915
92.910276 40.148297 8.555216 0.772048
96.791652 40.148297 9.666233 1.120209
100.673028 40.148297 9.827085 -1.893963
104.554404 40.148297 9.324929 -1.227895
108.435780 40.148297 7.463991 -0.710701
112.317156 40.148297 8.240527 1.730230
116.198532 40.148297 0.000000 0.000000
120.079908 40.148297 10.580749 -0.122833
123.961284 40.148297 9.954723 -2.039515
127.842660 40.148297 9.510835 -1.077252
131.724036 40.148297 9.325941 -2.581168
135.605412 40.148297 10.128630 3.388465
139.486788 40.148297 8.617196 2.382464
-54.582013 36.266921 0.000000 0.000000
-50.700637 36.266921 9.925370 0.811611
-46.819261 36.266921 8.421611 0.850301
-42.937885 36.266921 7.977605 0.029073
-39.056509 36.266921 10.406759 1.792448
-35.175133 36.266921 0.000000 0.000000
-31.293757 36.266921 0.000000 0.000000
-27.412381 36.266921 0.000000 0.000000
-23.531005 36.266921 0.000000 0.000000
-19.649629 36.266921 0.000000 0.000000
-15.768253 36.266921 0.000000 0.000000
-11.886877 36.266921 0.000000 0.000000
-8.005501 36.266921 0.000000 0.000000
-4.124125 36.266921 0.000000 0.000000
-0.242749 36.266921 0.000000 0.000000
3.638627 36.266921 0.000000 0.000000
7.520003 36.266921 0.000000 0.000000
11.401379 36.266921 0.000000 0.000000
15.282755 36.266921 0.000000 0.000000
19.164131 36.266921 0.000000 0.000000
23.045507 36.266921 0.000000 0.000000
26.926883 36.266921 0.000000 0.000000
30.808259 36.266921 0.000000 0.000000
34.689635 36.266921 0.000000 0.000000
38.571011 36.266921 0.000000 0.000000
42.452387 36.266921 0.000000 0.000000
46.333763 36.266921 0.000000 0.000000
50.215140 36.266921 0.000000 0.000000
54.096516 36.266921 0.000000 0.000000
57.977892 36.266921 0.000000 0.000000
61.859268 36.266921 0.000000 0.000000
65.740644 36.266921 0.000000 0.000000
69.622020 36.266921 0.000000 0.000000
73.503396 36.266921 0.000000 0.000000
77.384772 36.266921 0.000000 0.000000
81.266148 36.266921 9.122679 -1.845571
85.147524 36.266921 9.438546 -1.610073
89.028900 36.266921 9.020337 -1.027077
92.910276 36.266921 8.697489 2.752056
96.791652 36.266921 8.890613 3.322468
100.673028 36.266921 8.890825 -1.975388
104.554404 36.266921 9.098906 -1.417601
108.435780 36.266921 9.937329 -1.505113
112.317156 36.266921 10.359296 2.335568
116.198532 36.266921 8.224602 2.067497
120.079908 36.266921 7.767097 -0.456039
123.961284 36.266921 8.719045 -1.099372
127.842660 36.266921 9.406093 -0.976411
131.724036 36.266921 10.940377 -1.282029
135.605412 36.266921 9.274835 0.821659
139.486788 36.266921 8.643196 1.001095
-54.582013 32.385545 0.000000 0.000000
-50.700637 32.385545 0.000000 0.000000
-46.819261 32.385545 0.000000 0.000000
-42.937885 32.385545 0.000000 0.000000
-39.056509 32.385545 0.000000 0.000000
-35.175133 32.385545 0.000000 0.000000
-31.293757 32.385545 0.000000 0.000000
-27.412381 32.385545 0.000000 0.000000
-23.531005 32.385545 0.000000 0.000000
-19.649629 32.385545 0.000000 0.000000
-15.768253 32.385545 0.000000 0.000000
-11.886877 32.385545 0.000000 0.000000
-8.005501 32.385545 0.000000 0.000000
-4.124125 32.385545 0.000000 0.000000
-0.242749 32.385545 0.000000 0.000000
3.638627 32.385545 0.000000 0.000000
7.520003 32.385545 0.000000 0.000000
11.401379 32.385545 0.000000 0.000000
15.282755 32.385545 0.000000 0.000000
19.164131 32.385545 0.000000 0.000000
23.045507 32.385545 0.000000 0.000000
26.926883 32.385545 0.000000 0.000000
30.808259 32.385545 0.000000 0.000000
34.689635 32.385545 0.000000 0.000000
38.571011 32.385545 0.000000 0.000000
42.452387 32.385545 0.000000 0.000000
46.333763 32.385545 0.000000 0.000000
50.215140 32.385545 0.000000 0.000000
54.096516 32.385545 0.000000 0.000000
57.977892 32.385545 0.000000 0.000000
61.859268 32.385545 0.000000 0.000000
65.740644 32.385545 0.000000 0.000000
69.622020 32.385545 0.000000 0.000000
73.503396 32.385545 0.000000 0.000000
77.384772 32.385545 7.935333 0.395349
81.266148 32.385545 9.184430 0.002292
85.147524 32.385545 10.041849 0.230253
89.028900 32.385545 10.804776 1.336969
92.910276 32.385545 9.152048 1.560304
96.791652 32.385545 8.353697 0.940296
100.673028 32.385545 8.603993 -0.479910
104.554404 32.385545 9.531730 -0.995475
108.435780 32.385545 9.820431 -0.789380
112.317156 32.385545 10.221761 0.731871
116.198532 32.385545 9.239439 0.904770
120.079908 32.385545 8.858539 0.148289
123.961284 32.385545 8.962049 -0.603013
127.842660 32.385545 9.615728 -0.403872
131.724036 32.385545 10.539207 0.488693
135.605412 32.385545 9.222054 0.077337
139.486788 32.385545 9.285786 0.379525
-54.582013 28.504169 0.000000 0.000000
-50.700637 28.504169 0.000000 0.000000
-46.819261 28.504169 0.000000 0.000000
-42.937885 28.504169 0.000000 0.000000
-39.056509 28.504169 0.000000 0.000000
-35.175133 28.504169 0.000000 0.000000
-31.293757 28.504169 0.000000 0.000000
-27.412381 28.504169 0.000000 0.000000
-23.531005 28.504169 0.000000 0.000000
-19.649629 28.504169 0.000000 0.000000
-15.768253 28.504169 0.000000 0.000000
-11.886877 28.504169 0.000000 0.000000
-8.005501 28.504169 0.000000 0.000000
-4.124125 28.504169 0.000000 0.000000
-0.242749 28.504169 0.000000 0.000000
3.638627 28.504169 0.000000 0.000000
7.520003 28.504169 0.000000 0.000000
11.401379 28.504169 0.000000 0.000000
15.282755 28.504169 0.000000 0.000000
19.164131 28.504169 0.000000 0.000000
23.045507 28.504169 0.000000 0.000000
26.926883 28.504169 0.000000 0.000000
30.808259 28.504169 0.000000 0.000000
34.689635 28.504169 0.000000 0.000000
38.571011 28.504169 0.000000 0.000000
42.452387 28.504169 0.000000 0.000000
46.333763 28.504169 0.000000 0.000000
50.215140 28.504169 0.000000 0.000000
54.096516 28.504169 0.000000 0.000000
57.977892 28.504169 0.000000 0.000000
61.859268 28.504169 0.000000 0.000000
65.740644 28.504169 0.000000 0.000000
69.622020 28.504169 0.000000 0.000000
73.503396 28.504169 0.000000 0.000000
77.384772 28.504169 0.000000 0.000000
81.266148 28.504169 8.950781 0.461413
85.147524 28.504169 9.565751 -0.230145
89.028900 28.504169 9.255941 0.471406
92.910276 28.504169 9.509613 0.452336
96.791652 28.504169 9.184832 1.043597
100.673028 28.504169 9.165294 -0.161495
104.554404 28.504169 9.721750 -0.403465
108.435780 28.504169 10.402244 0.160589
112.317156 28.504169 9.439786 0.248295
116.198532 28.504169 9.702483 0.334151
120.079908 28.504169 9.557940 0.116575
123.961284 28.504169 9.975107 -0.309730
127.842660 28.504169 9.906459 0.078206
131.724036 28.504169 9.876553 0.172268
135.605412 28.504169 9.665711 0.342483
139.486788 28.504169 9.555982 0.203430
-54.582013 24.622793 0.000000 0.000000
-50.700637 24.622793 9.300468 0.058614
-46.819261 24.622793 9.262630 0.010243
-42.937885 24.622793 0.000000 0.000000
-39.056509 24.622793 0.000000 0.000000
-35.175133 24.622793 0.000000 0.000000
-31.293757 24.622793 0.000000 0.000000
-27.412381 24.622793 0.000000 0.000000
-23.531005 24.622793 0.000000 0.000000
-19.649629 24.622793 0.000000 0.000000
-15.768253 24.622793 0.000000 0.000000
-11.886877 24.622793 0.000000 0.000000
-8.005501 24.622793 0.000000 0.000000
-4.124125 24.622793 0.000000 0.000000
-0.242749 24.622793 0.000000 0.000000
3.638627 24.622793 0.000000 0.000000
7.520003 24.622793 0.000000 0.000000
11.401379 24.622793 0.000000 0.000000
15.282755 24.622793 0.000000 0.000000
19.164131 24.622793 0.000000 0.000000
23.045507 24.622793 0.000000 0.000000
26.926883 24.622793 0.000000 0.000000
30.808259 24.622793 0.000000 0.000000
34.689635 24.622793 0.000000 0.000000
38.571011 24.622793 0.000000 0.000000
42.452387 24.622793 0.000000 0.000000
46.333763 24.622793 0.000000 0.000000
50.215140 24.622793 0.000000 0.000000
54.096516 24.622793 0.000000 0.000000
57.977892 24.622793 0.000000 0.000000
61.859268 24.622793 0.000000 0.000000
65.740644 24.622793 0.000000 0.000000
69.622020 24.622793 9.569011 0.756764
73.503396 24.622793 9.729601 0.722870
77.384772 24.622793 9.356738 0.424827
81.266148 24.622793 9.588355 0.353828
85.147524 24.622793 9.534337 0.490846
89.028900 24.622793 9.593022 0.291175
92.910276 24.622793 9.336059 0.462889
96.791652 24.622793 9.632188 0.255786
100.673028 24.622793 9.544025 -0.143087
104.554404 24.622793 9.810091 -0.023184
108.435780 24.622793 9.291566 0.155885
112.317156 24.622793 9.696758 0.133824
116.198532 24.622793 9.308562 0.265808
120.079908 24.622793 9.692983 0.419560
123.961284 24.622793 8.939204 0.468804
127.842660 24.622793 9.911942 0.055835
131.724036 24.622793 9.726349 0.329602
135.605412 24.622793 9.865479 0.182868
139.486788 24.622793 9.868094 0.362939
-54.582013 20.741417 0.000000 0.000000
-50.700637 20.741417 9.764988 -0.134352
-46.819261 20.741417 9.528503 -0.158197
-42.937885 20.741417 9.746353 -0.691649
-39.056509 20.741417 9.389034 -1.034237
-35.175133 20.741417 9.921055 -1.013184
-31.293757 20.741417 0.000000 0.000000
-27.412381 20.741417 0.000000 0.000000
-23.531005 20.741417 0.000000 0.000000
-19.649629 20.741417 0.000000 0.000000
-15.768253 20.741417 0.000000 0.000000
-11.886877 20.741417 0.000000 0.000000
-8.005501 20.741417 0.000000 0.000000
-4.124125 20.741417 0.000000 0.000000
-0.242749 20.741417 0.000000 0.000000
3.638627 20.741417 0.000000 0.000000
7.520003 20.741417 0.000000 0.000000
11.401379 20.741417 10.966801 -0.015704
15.282755 20.741417 10.946044 0.415623
19.164131 20.741417 10.713742 0.315073
23.045507 20.741417 10.669534 0.615059
26.926883 20.741417 10.388409 -0.301746
30.808259 20.741417 10.468665 0.615006
34.689635 20.741417 10.399822 0.771307
38.571011 20.741417 10.603238 0.489084
42.452387 20.741417 10.336677 0.674090
46.333763 20.741417 10.187448 0.907640
50.215140 20.741417 10.026614 0.643803
54.096516 20.741417 9.730915 0.820463
57.977892 20.741417 10.073710 0.559964
61.859268 20.741417 9.951198 0.699760
65.740644 20.741417 9.880557 0.653612
69.622020 20.741417 9.573853 0.708357
73.503396 20.741417 9.620709 0.597603
77.384772 20.741417 9.849519 0.560459
81.266148 20.741417 9.689716 0.365693
85.147524 20.741417 9.705948 0.338080
89.028900 20.741417 9.389278 0.101178
92.910276 20.741417 9.865942 0.367274
96.791652 20.741417 9.595844 0.443522
100.673028 20.741417 10.030208 -0.046251
104.554404 20.741417 9.927928 0.327555
108.435780 20.741417 9.878166 0.477578
112.317156 20.741417 9.934491 -0.234548
116.198532 20.741417 9.856790 -0.013816
120.079908 20.741417 9.871593 0.224796
123.961284 20.741417 10.150950 0.133482
127.842660 20.741417 9.914972 0.143983
131.724036 20.741417 9.786475 0.298058
135.605412 20.741417 9.799113 0.134214
139.486788 20.741417 9.876997 0.012130
-54.582013 16.860041 10.120724 0.142109
-50.700637 16.860041 10.296305 -0.694934
-46.819261 16.860041 8.935633 -0.854888
-42.937885 16.860041 9.919886 -0.688817
-39.056509 16.860041 10.166213 -0.962571
-35.175133 16.860041 9.813019 -0.563653
-31.293757 16.860041 10.186840 -0.859089
-27.412381 16.860041 10.179504 -0.825997
-23.531005 16.860041 10.349588 -0.781518
-19.649629 16.860041 10.665123 -0.829594
-15.768253 16.860041 10.812948 -0.643431
-11.886877 16.860041 10.552857 -0.501482
-8.005501 16.860041 10.729558 -0.443010
-4.124125 16.860041 10.971714 0.249026
-0.242749 16.860041 10.813799 -0.050634
3.638627 16.860041 10.914655 0.250191
7.520003 16.860041 10.869643 0.119454
11.401379 16.860041 10.883928 0.224434
15.282755 16.860041 10.950023 0.359135
19.164131 16.860041 10.597353 0.327145
23.045507 16.860041 10.684914 0.258538
26.926883 16.860041 10.627400 0.371813
30.808259 16.860041 10.319985 0.576276
34.689635 16.860041 10.487206 0.617940
38.571011 16.860041 10.514632 0.719429
42.452387 16.860041 10.323134 0.640735
46.333763 16.860041 10.261572 0.796568
50.215140 16.860041 10.153248 0.726817
54.096516 16.860041 10.177033 0.685270
57.977892 16.860041 9.989466 0.622800
61.859268 16.860041 9.973703 0.576984
65.740644 16.860041 9.753710 0.742365
69.622020 16.860041 9.918331 0.463810
73.503396 16.860041 9.787302 0.465150
77.384772 16.860041 9.869838 0.296941
81.266148 16.860041 9.702051 0.310710
85.147524 16.860041 9.514036 0.340544
89.028900 16.860041 9.604136 0.231271
92.910276 16.860041 9.931805 0.359817
96.791652 16.860041 10.042026 0.288827
100.673028 16.860041 9.480568 0.070799
104.554404 16.860041 9.463239 -0.128315
108.435780 16.860041 9.183579 0.363594
112.317156 16.860041 9.888814 0.212051
116.198532 16.860041 9.706524 0.180023
120.079908 16.860041 9.732593 0.216565
123.961284 16.860041 9.859571 0.076690
127.842660 16.860041 9.506880 -0.056279
131.724036 16.860041 9.863091 -0.117253
135.605412 16.860041 9.725966 0.292040
139.486788 16.860041 9.824484 -0.164286
-54.582013 12.978665 8.778288 0.830484
-50.700637 12.978665 9.174199 -0.711264
-46.819261 12.978665 9.536122 -0.337236
-42.937885 12.978665 9.960485 -0.162416
-39.056509 12.978665 9.920697 -0.497782
-35.175133 12.978665 9.464068 -0.508676
-31.293757 12.978665 9.784221 -0.634376
-27.412381 12.978665 10.242715 -0.460491
-23.531005 12.978665 9.893608 -0.781541
-19.649629 12.978665 10.346170 -0.574147
-15.768253 12.978665 10.614192 -0.551612
-11.886877 12.978665 10.638209 -0.161322
-8.005501 12.978665 10.789875 -0.214191
-4.124125 12.978665 10.716497 -0.133667
-0.242749 12.978665 10.784720 -0.057599
3.638627 12.978665 10.692659 0.034855
7.520003 12.978665 10.816344 0.166686
11.401379 12.978665 10.660514 0.158244
15.282755 12.978665 10.652467 0.158759
19.164131 12.978665 10.644009 0.189365
23.045507 12.978665 10.466592 0.522853
26.926883 12.978665 10.251845 0.348749
30.808259 12.978665 10.408881 0.638744
34.689635 12.978665 10.308704 0.387869
38.571011 12.978665 10.391944 0.391908
42.452387 12.978665 10.161524 0.462764
46.333763 12.978665 10.304288 0.600052
50.215140 12.978665 10.191513 0.755959
54.096516 12.978665 9.981362 0.557848
57.977892 12.978665 10.147236 0.675666
61.859268 12.978665 9.924745 0.412652
65.740644 12.978665 9.889243 0.629589
69.622020 12.978665 9.949461 0.441989
73.503396 12.978665 9.534355 0.414807
77.384772 12.978665 9.841258 0.361384
81.266148 12.978665 9.532313 0.327569
85.147524 12.978665 9.666103 0.193469
89.028900 12.978665 9.877015 0.418905
92.910276 12.978665 9.813592 0.048776
96.791652 12.978665 9.813386 0.460139
100.673028 12.978665 10.208327 0.128947
104.554404 12.978665 9.852020 0.225038
108.435780 12.978665 10.035711 0.027938
112.317156 12.978665 9.765509 0.186013
116.198532 12.978665 9.883906 0.040327
120.079908 12.978665 9.873937 0.227511
123.961284 12.978665 9.902062 0.178972
127.842660 12.978665 9.750869 -0.103905
131.724036 12.978665 9.838741 0.226005
135.605412 12.978665 9.940358 0.188512
139.486788 12.978665 9.789754 0.223374
-54.582013 9.097289 9.230024 -0.722873
-50.700637 9.097289 0.000000 0.000000
-46.819261 9.097289 9.821964 0.115623
-42.937885 9.097289 9.760684 -0.735184
-39.056509 9.097289 10.125931 -0.475251
-35.175133 9.097289 10.034690 -0.423102
-31.293757 9.097289 10.093539 -0.357849
-27.412381 9.097289 10.407821 -0.713135
-23.531005 9.097289 10.447998 -0.264744
-19.649629 9.097289 10.479634 -0.396304
-15.768253 9.097289 10.602535 -0.494975
-11.886877 9.097289 10.538960 -0.355952
-8.005501 9.097289 10.730610 -0.408666
-4.124125 9.097289 10.637876 -0.360704
-0.242749 9.097289 10.637385 -0.130761
3.638627 9.097289 10.792910 0.133967
7.520003 9.097289 10.742334 -0.123671
11.401379 9.097289 10.666698 0.324637
15.282755 9.097289 10.582868 0.151386
19.164131 9.097289 10.466681 0.354772
23.045507 9.097289 10.594204 0.450947
26.926883 9.097289 10.606191 0.425887
30.808259 9.097289 10.414128 0.459813
34.689635 9.097289 10.241179 0.489458
38.571011 9.097289 10.268426 0.426155
42.452387 9.097289 10.177003 0.470499
46.333763 9.097289 10.282732 0.635294
50.215140 9.097289 10.271470 0.551077
54.096516 9.097289 10.125514 0.345865
57.977892 9.097289 9.925188 0.661291
61.859268 9.097289 10.043166 0.660054
65.740644 9.097289 10.047713 0.545108
69.622020 9.097289 10.204444 0.306299
73.503396 9.097289 10.049891 0.352223
77.384772 9.097289 10.020674 0.565246
81.266148 9.097289 10.073942 0.285337
85.147524 9.097289 9.843649 0.212965
89.028900 9.097289 10.034644 0.332645
92.910276 9.097289 9.945482 0.200438
96.791652 9.097289 9.491309 0.351595
100.673028 9.097289 10.027034 0.430694
104.554404 9.097289 9.936142 0.327072
108.435780 9.097289 9.789646 0.260026
112.317156 9.097289 9.744305 0.278845
116.198532 9.097289 9.659549 0.235717
120.079908 9.097289 9.842507 0.169126
123.961284 9.097289 9.792792 0.260800
127.842660 9.097289 9.908321 0.138183
131.724036 9.097289 9.869838 0.243190
135.605412 9.097289 9.952117 0.139268
139.486788 9.097289 9.962389 0.160983
-54.582013 5.215913 0.000000 0.000000
-50.700637 5.215913 10.635843 -0.182131
-46.819261 5.215913 9.678152 -0.634526
-42.937885 5.215913 9.850590 -0.474965
-39.056509 5.215913 9.800810 -0.255306
-35.175133 5.215913 10.553576 -0.944173
-31.293757 5.215913 9.939081 -0.307408
-27.412381 5.215913 10.187700 -0.535919
-23.531005 5.215913 10.380675 -0.437340
-19.649629 5.215913 10.279718 -0.215834
-15.768253 5.215913 10.333681 -0.324899
-11.886877 5.215913 10.737130 -0.041118
-8.005501 5.215913 10.536891 -0.141952
-4.124125 5.215913 10.637648 -0.305392
-0.242749 5.215913 10.522782 0.065393
3.638627 5.215913 10.519756 -0.186659
7.520003 5.215913 10.593068 0.072872
11.401379 5.215913 10.458649 0.289308
15.282755 5.215913 10.657660 -0.038120
19.164131 5.215913 10.504354 0.109562
23.045507 5.215913 10.788721 0.335513
26.926883 5.215913 10.477718 0.257436
30.808259 5.215913 10.235935 0.596145
34.689635 5.215913 10.185529 0.513728
38.571011 5.215913 10.136449 0.462099
42.452387 5.215913 10.355406 0.579808
46.333763 5.215913 9.980157 0.535882
50.215140 5.215913 10.277130 0.430138
54.096516 5.215913 10.110946 0.464767
57.977892 5.215913 10.063602 0.625890
61.859268 5.215913 10.135135 0.454678
65.740644 5.215913 10.231256 0.136739
69.622020 5.215913 9.799810 0.511470
73.503396 5.215913 10.226576 0.338368
77.384772 5.215913 9.974928 0.522805
81.266148 5.215913 9.772535 0.123730
85.147524 5.215913 9.772733 0.341076
89.028900 5.215913 9.844824 0.262366
92.910276 5.215913 9.833269 0.078603
96.791652 5.215913 9.724644 0.270711
100.673028 5.215913 9.865463 0.287404
104.554404 5.215913 9.997702 -0.006129
108.435780 5.215913 9.751517 0.268168
112.317156 5.215913 9.952016 0.222711
116.198532 5.215913 9.905425 0.255754
120.079908 5.215913 9.903938 0.166287
123.961284 5.215913 9.809046 0.214165
127.842660 5.215913 9.783507 0.196452
131.724036 5.215913 9.849494 0.030845
135.605412 5.215913 9.862453 0.042457
139.486788 5.215913 9.858976 0.154305
-54.582013 1.334537 12.498697 0.978044
-50.700637 1.334537 0.000000 0.000000
-46.819261 1.334537 9.759975 0.456160
-42.937885 1.334537 9.481299 -0.368942
-39.056509 1.334537 9.964882 -0.293686
-35.175133 1.334537 10.033098 -0.401922
-31.293757 1.334537 9.694849 -0.776233
-27.412381 1.334537 10.279716 0.156421
-23.531005 1.334537 10.198546 0.254349
-19.649629 1.334537 10.507796 -0.179784
-15.768253 1.334537 10.380466 -0.434125
-11.886877 1.334537 10.363207 -0.565776
-8.005501 1.334537 10.496140 -0.400895
-4.124125 1.334537 10.576933 -0.048147
-0.242749 1.334537 10.554872 -0.048026
3.638627 1.334537 10.508080 0.145550
7.520003 1.334537 10.582124 0.025368
11.401379 1.334537 10.233812 0.396828
15.282755 1.334537 10.663302 0.185469
19.164131 1.334537 10.345428 0.176238
23.045507 1.334537 10.359777 0.273327
26.926883 1.334537 10.544310 0.236758
30.808259 1.334537 10.469368 0.216090
34.689635 1.334537 10.260510 0.318033
38.571011 1.334537 10.300573 0.423822
42.452387 1.334537 10.165614 0.617570
46.333763 1.334537 9.997326 0.508360
50.215140 1.334537 10.279713 0.204674
54.096516 1.334537 10.015809 0.428879
57.977892 1.334537 10.388211 0.550011
61.859268 1.334537 10.228711 0.544020
65.740644 1.334537 10.029893 0.457377
69.622020 1.334537 9.922227 0.378482
73.503396 1.334537 9.913686 0.347904
77.384772 1.334537 10.038148 0.409418
81.266148 1.334537 10.064935 0.525814
85.147524 1.334537 9.957133 0.307673
89.028900 1.334537 9.832356 0.130109
92.910276 1.334537 9.654734 0.247502
96.791652 1.334537 9.874646 0.395454
100.673028 1.334537 9.941315 0.331261
104.554404 1.334537 9.778711 0.223874
108.435780 1.334537 9.833784 0.264977
112.317156 1.334537 9.877130 0.185193
116.198532 1.334537 9.847567 0.306643
120.079908 1.334537 9.826190 0.169959
123.961284 1.334537 9.856879 -0.004123
127.842660 1.334537 9.806760 0.225467
131.724036 1.334537 9.850981 0.121755
135.605412 1.334537 9.840046 0.112333
139.486788 1.334537 9.918285 0.008956
-54.582013 -2.546839 0.000000 0.000000
-50.700637 -2.546839 9.824161 0.516511
-46.819261 -2.546839 10.264628 0.429471
-42.937885 -2.546839 9.789911 -0.655869
-39.056509 -2.546839 9.730893 -0.342455
-35.175133 -2.546839 10.423506 -0.714889
-31.293757 -2.546839 10.021793 -0.180900
-27.412381 -2.546839 10.289423 -0.191428
-23.531005 -2.546839 10.271328 -0.358704
-19.649629 -2.546839 10.303819 -0.068720
-15.768253 -2.546839 10.433553 -0.031400
-11.886877 -2.546839 10.408061 -0.289113
-8.005501 -2.546839 10.412867 -0.156123
-4.124125 -2.546839 10.584385 -0.228140
-0.242749 -2.546839 10.575437 0.426254
3.638627 -2.546839 10.414538 -0.021204
7.520003 -2.546839 10.613687 0.140268
11.401379 -2.546839 10.402212 0.071368
15.282755 -2.546839 10.337296 0.214842
19.164131 -2.546839 10.478857 0.246213
23.045507 -2.546839 10.538622 0.338731
26.926883 -2.546839 10.409776 0.466714
30.808259 -2.546839 10.292877 0.401432
34.689635 -2.546839 10.293328 0.430403
38.571011 -2.546839 10.322147 0.420720
42.452387 -2.546839 10.243440 0.429396
46.333763 -2.546839 10.242682 0.540443
50.215140 -2.546839 10.203414 0.611063
54.096516 -2.546839 10.086596 0.461057
57.977892 -2.546839 10.094544 0.527258
61.859268 -2.546839 10.143540 0.466222
65.740644 -2.546839 10.058170 0.460742
69.622020 -2.546839 9.984080 0.448497
73.503396 -2.546839 9.997866 0.286131
77.384772 -2.546839 9.958568 0.388714
81.266148 -2.546839 9.846218 0.426129
85.147524 -2.546839 9.819039 0.165866
89.028900 -2.546839 9.919658 0.399046
92.910276 -2.546839 9.829102 0.227736
96.791652 -2.546839 10.000790 0.269422
100.673028 -2.546839 9.904428 0.204584
104.554404 -2.546839 9.837134 0.248031
108.435780 -2.546839 9.904118 0.213961
112.317156 -2.546839 9.963021 0.291553
116.198532 -2.546839 9.808632 0.249199
120.079908 -2.546839 9.988059 0.087528
123.961284 -2.546839 9.874174 0.149526
127.842660 -2.546839 9.952009 0.224192
131.724036 -2.546839 9.862601 0.287868
135.605412 -2.546839 10.077196 0.062243
139.486788 -2.546839 9.839790 0.115046
-54.582013 -6.428215 0.000000 0.000000
-50.700637 -6.428215 10.616234 -0.733427
-46.819261 -6.428215 9.940667 0.050482
-42.937885 -6.428215 10.332247 -0.360809
-39.056509 -6.428215 10.313421 -0.535466
-35.175133 -6.428215 9.477937 -0.500059
-31.293757 -6.428215 10.436257 -0.436404
-27.412381 -6.428215 10.008291 -0.110749
-23.531005 -6.428215 10.152267 0.032892
-19.649629 -6.428215 10.371687 -0.391288
-15.768253 -6.428215 10.401386 -0.158779
-11.886877 -6.428215 10.432661 0.032774
-8.005501 -6.428215 10.210388 0.082002
-4.124125 -6.428215 10.544957 -0.596034
-0.242749 -6.428215 10.331652 0.256719
3.638627 -6.428215 10.350508 0.101745
7.520003 -6.428215 10.540176 0.094907
11.401379 -6.428215 10.376085 0.087231
15.282755 -6.428215 10.622931 0.151746
19.164131 -6.428215 10.432726 0.213073
23.045507 -6.428215 10.381392 0.194621
26.926883 -6.428215 10.116124 0.438520
30.808259 -6.428215 10.228217 0.376650
34.689635 -6.428215 10.270436 0.459408
38.571011 -6.428215 10.314334 0.170971
42.452387 -6.428215 10.428049 0.420719
46.333763 -6.428215 10.350591 0.237991
50.215140 -6.428215 10.440875 0.787848
54.096516 -6.428215 10.306123 0.380679
57.977892 -6.428215 10.169359 0.431074
61.859268 -6.428215 10.036904 0.435055
65.740644 -6.428215 9.914611 0.512471
69.622020 -6.428215 10.098847 0.367951
73.503396 -6.428215 10.002276 0.443394
77.384772 -6.428215 10.028968 0.372754
81.266148 -6.428215 9.915835 0.338090
85.147524 -6.428215 9.962031 0.335458
89.028900 -6.428215 9.748050 0.234575
92.910276 -6.428215 9.921385 0.358466
96.791652 -6.428215 9.866105 0.189897
100.673028 -6.428215 9.894805 0.303482
104.554404 -6.428215 9.982159 0.294233
108.435780 -6.428215 9.843204 0.164024
112.317156 -6.428215 9.983639 0.217953
116.198532 -6.428215 9.764167 0.213730
120.079908 -6.428215 9.828037 0.167676
123.961284 -6.428215 9.802466 0.021208
127.842660 -6.428215 9.849091 0.301397
131.724036 -6.428215 9.756329 0.221408
135.605412 -6.428215 9.636416 0.228848
139.486788 -6.428215 9.942944 0.188370
-54.582013 -10.309591 0.000000 0.000000
-50.700637 -10.309591 10.066721 -0.113054
-46.819261 -10.309591 9.752645 0.079888
-42.937885 -10.309591 9.587022 0.380729
-39.056509 -10.309591 10.071856 -0.174712
-35.175133 -10.309591 9.893173 -0.139127
-31.293757 -10.309591 10.050690 0.150935
-27.412381 -10.309591 10.257108 -0.030260
-23.531005 -10.309591 10.251510 -0.066127
-19.649629 -10.309591 10.217421 -0.146055
-15.768253 -10.309591 10.298569 -0.179814
-11.886877 -10.309591 10.311025 -0.263214
-8.005501 -10.309591 10.360190 -0.103706
-4.124125 -10.309591 10.366857 0.272975
-0.242749 -10.309591 10.409018 0.120480
3.638627 -10.309591 10.508836 0.165932
7.520003 -10.309591 10.408526 0.011000
11.401379 -10.309591 10.449997 0.230833
15.282755 -10.309591 10.434490 0.267682
19.164131 -10.309591 10.204974 0.255839
23.045507 -10.309591 10.295913 0.276052
26.926883 -10.309591 10.254267 0.523234
30.808259 -10.309591 10.385235 0.266141
34.689635 -10.309591 10.293917 0.272605
38.571011 -10.309591 10.182904 0.225472
42.452387 -10.309591 10.249631 0.398551
46.333763 -10.309591 10.229537 0.229287
50.215140 -10.309591 10.254844 0.469026
54.096516 -10.309591 10.184427 0.463446
57.977892 -10.309591 10.187056 0.329885
61.859268 -10.309591 10.041304 0.406947
65.740644 -10.309591 10.129922 0.447702
69.622020 -10.309591 10.108953 0.536504
73.503396 -10.309591 9.921280 0.404788
77.384772 -10.309591 9.966291 0.281592
81.266148 -10.309591 9.998896 0.306706
85.147524 -10.309591 9.740980 0.198301
89.028900 -10.309591 9.923745 0.364429
92.910276 -10.309591 10.079020 0.224855
96.791652 -10.309591 9.991669 0.193822
100.673028 -10.309591 9.987656 0.336948
104.554404 -10.309591 9.946222 0.366580
108.435780 -10.309591 9.874341 0.327009
112.317156 -10.309591 9.939211 0.223427
116.198532 -10.309591 9.949190 0.180694
120.079908 -10.309591 9.845718 0.199092
123.961284 -10.309591 9.960921 0.147873
127.842660 -10.309591 9.950307 0.156279
131.724036 -10.309591 9.748445 0.254063
135.605412 -10.309591 9.809169 0.298552
139.486788 -10.309591 9.678229 -0.004659
-54.582013 -14.190967 0.000000 0.000000
-50.700637 -14.190967 0.000000 0.000000
-46.819261 -14.190967 0.000000 0.000000
-42.937885 -14.190967 10.081518 0.016546
-39.056509 -14.190967 10.236095 0.217287
-35.175133 -14.190967 9.450456 -0.584629
-31.293757 -14.190967 0.000000 0.000000
-27.412381 -14.190967 10.073609 0.119596
-23.531005 -14.190967 10.006907 0.320345
-19.649629 -14.190967 10.258761 -0.125088
-15.768253 -14.190967 10.221765 -0.163116
-11.886877 -14.190967 10.287125 -0.188563
-8.005501 -14.190967 10.422988 -0.219323
-4.124125 -14.190967 10.288062 0.040569
-0.242749 -14.190967 10.268904 -0.138403
3.638627 -14.190967 10.495606 0.260677
7.520003 -14.190967 10.428509 0.108397
11.401379 -14.190967 10.337824 0.344056
15.282755 -14.190967 10.348064 0.158171
19.164131 -14.190967 10.488838 0.187501
23.045507 -14.190967 10.230056 0.321361
26.926883 -14.190967 10.442733 0.260583
30.808259 -14.190967 10.240161 0.378805
34.689635 -14.190967 10.363775 0.345356
38.571011 -14.190967 10.013933 0.409774
42.452387 -14.190967 10.261035 0.358224
46.333763 -14.190967 10.153970 0.400090
50.215140 -14.190967 10.106923 0.447729
54.096516 -14.190967 10.223380 0.345248
57.977892 -14.190967 10.057461 0.389610
61.859268 -14.190967 10.137162 0.304795
65.740644 -14.190967 10.176695 0.311487
69.622020 -14.190967 10.012656 0.334407
73.503396 -14.190967 10.012209 0.345557
77.384772 -14.190967 9.755419 0.503179
81.266148 -14.190967 9.942391 0.347863
85.147524 -14.190967 9.879268 0.225217
89.028900 -14.190967 10.028832 0.314420
92.910276 -14.190967 10.013211 0.275452
96.791652 -14.190967 9.857931 0.303647
100.673028 -14.190967 9.893969 0.141482
104.554404 -14.190967 9.761573 0.105853
108.435780 -14.190967 10.070829 0.105424
112.317156 -14.190967 9.943196 0.261960
116.198532 -14.190967 9.941339 0.285055
120.079908 -14.190967 9.515162 0.157090
123.961284 -14.190967 9.866941 0.173162
127.842660 -14.190967 9.889015 -0.020217
131.724036 -14.190967 9.886072 0.220115
135.605412 -14.190967 9.904450 0.137080
139.486788 -14.190967 10.080688 0.013804
-54.582013 -18.072343 0.000000 0.000000
-50.700637 -18.072343 0.000000 0.000000
-46.819261 -18.072343 0.000000 0.000000
-42.937885 -18.072343 10.477410 0.091072
-39.056509 -18.072343 10.447289 0.258815
-35.175133 -18.072343 10.256463 0.137407
-31.293757 -18.072343 10.200751 -0.081533
-27.412381 -18.072343 10.390830 -0.032774
-23.531005 -18.072343 10.051619 0.189391
-19.649629 -18.072343 10.195141 0.023400
-15.768253 -18.072343 10.243730 -0.083119
-11.886877 -18.072343 10.223344 0.297494
-8.005501 -18.072343 10.182034 0.078925
-4.124125 -18.072343 10.500986 0.020115
-0.242749 -18.072343 10.308187 0.166116
3.638627 -18.072343 10.262780 0.053896
7.520003 -18.072343 10.335238 0.167999
11.401379 -18.072343 10.365669 0.264366
15.282755 -18.072343 10.262864 0.134520
19.164131 -18.072343 10.366659 0.098875
23.045507 -18.072343 10.157576 0.005497
26.926883 -18.072343 10.383221 0.376972
30.808259 -18.072343 10.160377 0.293104
34.689635 -18.072343 10.166923 0.344486
38.571011 -18.072343 10.276609 0.356598
42.452387 -18.072343 10.205671 0.353435
46.333763 -18.072343 10.306462 0.229019
50.215140 -18.072343 10.194841 0.366531
54.096516 -18.072343 10.058269 0.356277
57.977892 -18.072343 10.102061 0.212990
61.859268 -18.072343 10.187435 0.334710
65.740644 -18.072343 10.012851 0.331071
69.622020 -18.072343 10.126560 0.320989
73.503396 -18.072343 9.894793 0.356379
77.384772 -18.072343 10.101621 0.361211
81.266148 -18.072343 9.957999 0.200554
85.147524 -18.072343 9.962176 0.212803
89.028900 -18.072343 9.891992 0.297452
92.910276 -18.072343 10.031127 0.401185
96.791652 -18.072343 9.972796 0.136651
100.673028 -18.072343 9.902334 0.311638
104.554404 -18.072343 9.938569 0.129524
108.435780 -18.072343 9.904833 0.272898
112.317156 -18.072343 9.877469 0.213829
116.198532 -18.072343 9.856130 0.321614
120.079908 -18.072343 9.987649 0.232341
123.961284 -18.072343 9.788354 0.166230
127.842660 -18.072343 9.968660 0.276581
131.724036 -18.072343 9.918639 0.116805
135.605412 -18.072343 9.870060 0.139834
139.486788 -18.072343 9.941571 0.125235
-54.582013 -21.953719 0.000000 0.000000
-50.700637 -21.953719 0.000000 0.000000
-46.819261 -21.953719 10.308603 0.456308
-42.937885 -21.953719 10.507831 0.471489
-39.056509 -21.953719 10.331485 0.214105
-35.175133 -21.953719 10.258946 0.124848
-31.293757 -21.953719 10.137568 -0.322806
-27.412381 -21.953719 10.199811 0.021949
-23.531005 -21.953719 10.212045 -0.003643
-19.649629 -21.953719 10.159304 0.136204
-15.768253 -21.953719 9.970055 -0.015218
-11.886877 -21.953719 10.131733 -0.162812
-8.005501 -21.953719 10.268237 0.097416
-4.124125 -21.953719 10.254431 -0.167892
-0.242749 -21.953719 10.296252 0.120438
3.638627 -21.953719 10.226563 0.065772
7.520003 -21.953719 10.259714 0.017382
11.401379 -21.953719 10.267624 0.318039
15.282755 -21.953719 10.240108 -0.007699
19.164131 -21.953719 10.186316 0.229975
23.045507 -21.953719 10.241383 0.208404
26.926883 -21.953719 10.264961 0.283252
30.808259 -21.953719 10.263474 0.258428
34.689635 -21.953719 10.280727 0.200233
38.571011 -21.953719 10.210129 0.363209
42.452387 -21.953719 10.193247 0.202012
46.333763 -21.953719 10.157733 0.295050
50.215140 -21.953719 10.125239 0.227930
54.096516 -21.953719 10.089183 0.301343
57.977892 -21.953719 10.186309 0.353915
61.859268 -21.953719 10.156987 0.509319
65.740644 -21.953719 9.936232 0.372601
69.622020 -21.953719 10.051344 0.337130
73.503396 -21.953719 9.919868 0.235650
77.384772 -21.953719 9.742865 0.394876
81.266148 -21.953719 10.032478 0.340827
85.147524 -21.953719 9.934078 0.271657
89.028900 -21.953719 9.916249 0.259435
92.910276 -21.953719 10.040986 0.336116
96.791652 -21.953719 9.849636 0.113634
100.673028 -21.953719 9.804437 0.196857
104.554404 -21.953719 9.982023 0.304841
108.435780 -21.953719 9.903608 0.377841
112.317156 -21.953719 9.815138 0.250710
116.198532 -21.953719 10.041924 0.168569
120.079908 -21.953719 10.085516 0.220175
123.961284 -21.953719 9.772067 0.186485
127.842660 -21.953719 10.057942 0.192994
131.724036 -21.953719 9.947974 0.217072
135.605412 -21.953719 10.032037 0.187634
139.486788 -21.953719 9.910215 0.095590
-54.582013 -25.835095 0.000000 0.000000
-50.700637 -25.835095 0.000000 0.000000
-46.819261 -25.835095 0.000000 0.000000
-42.937885 -25.835095 9.702373 0.190327
-39.056509 -25.835095 9.744209 0.609858
-35.175133 -25.835095 10.086201 -0.408050
-31.293757 -25.835095 10.269795 0.331596
-27.412381 -25.835095 10.039598 -0.259963
-23.531005 -25.835095 9.939436 -0.293894
-19.649629 -25.835095 10.299525 0.209925
-15.768253 -25.835095 10.322308 -0.096429
-11.886877 -25.835095 10.217282 0.001149
-8.005501 -25.835095 10.143580 -0.078461
-4.124125 -25.835095 10.124662 0.214074
-0.242749 -25.835095 10.210061 0.241751
3.638627 -25.835095 10.183022 -0.091191
7.520003 -25.835095 10.140224 0.069142
11.401379 -25.835095 10.407506 0.390812
15.282755 -25.835095 10.326228 0.211966
19.164131 -25.835095 10.249322 0.224391
23.045507 -25.835095 10.378063 0.198389
26.926883 -25.835095 10.335285 0.282775
30.808259 -25.835095 10.049802 0.198160
34.689635 -25.835095 10.280434 0.503151
38.571011 -25.835095 10.275758 0.160747
42.452387 -25.835095 10.186652 0.348058
46.333763 -25.835095 10.175171 0.353071
50.215140 -25.835095 9.983180 0.174296
54.096516 -25.835095 10.182755 0.542318
57.977892 -25.835095 10.196661 0.343114
61.859268 -25.835095 10.141273 0.389855
65.740644 -25.835095 10.068726 0.392527
69.622020 -25.835095 9.985592 0.464974
73.503396 -25.835095 10.067116 0.282727
77.384772 -25.835095 9.969823 0.357414
81.266148 -25.835095 10.041411 0.322602
85.147524 -25.835095 10.101074 0.181570
89.028900 -25.835095 9.962599 0.333073
92.910276 -25.835095 10.021833 0.260100
96.791652 -25.835095 9.988599 0.237883
100.673028 -25.835095 10.103345 0.268109
104.554404 -25.835095 10.040400 0.258644
108.435780 -25.835095 9.901060 0.315284
112.317156 -25.835095 10.087823 0.194787
116.198532 -25.835095 9.905425 0.229096
120.079908 -25.835095 9.773859 0.161834
123.961284 -25.835095 9.895370 0.175609
127.842660 -25.835095 10.009455 0.130961
131.724036 -25.835095 9.898352 0.320763
135.605412 -25.835095 9.951729 0.159737
139.486788 -25.835095 9.951137 0.289341
-54.582013 -29.716471 0.000000 0.000000
-50.700637 -29.716471 0.000000 0.000000
-46.819261 -29.716471 0.000000 0.000000
-42.937885 -29.716471 0.000000 0.000000
-39.056509 -29.716471 9.136137 -0.018861
-35.175133 -29.716471 9.717472 -0.039820
-31.293757 -29.716471 10.180128 -0.038698
-27.412381 -29.716471 10.249964 0.120438
-23.531005 -29.716471 10.132085 0.151838
-19.649629 -29.716471 10.289244 0.159474
-15.768253 -29.716471 10.151299 -0.077580
-11.886877 -29.716471 10.337009 -0.080830
-8.005501 -29.716471 10.251750 -0.112807
-4.124125 -29.716471 10.072903 0.052733
-0.242749 -29.716471 10.328653 0.114365
3.638627 -29.716471 10.299426 -0.137307
7.520003 -29.716471 10.291777 0.124134
11.401379 -29.716471 10.198080 0.261736
15.282755 -29.716471 10.343993 0.180564
19.164131 -29.716471 10.087776 0.164581
23.045507 -29.716471 10.261371 0.280149
26.926883 -29.716471 10.199456 0.244476
30.808259 -29.716471 10.203225 0.137560
34.689635 -29.716471 10.226135 0.208958
38.571011 -29.716471 10.091895 0.200790
42.452387 -29.716471 10.174761 0.227677
46.333763 -29.716471 10.184258 0.221204
50.215140 -29.716471 10.170504 0.361537
54.096516 -29.716471 10.128842 0.390474
57.977892 -29.716471 10.188169 0.238972
61.859268 -29.716471 10.035397 0.351816
65.740644 -29.716471 10.081906 0.348026
69.622020 -29.716471 10.069402 0.375854
73.503396 -29.716471 9.926719 0.323076
77.384772 -29.716471 10.018397 0.089862
81.266148 -29.716471 9.897569 0.137828
85.147524 -29.716471 10.146986 0.222103
89.028900 -29.716471 10.020634 0.271004
92.910276 -29.716471 9.994466 0.340677
96.791652 -29.716471 10.054792 0.320466
100.673028 -29.716471 9.831385 0.321734
104.554404 -29.716471 10.010849 0.349807
108.435780 -29.716471 9.866864 0.406233
112.317156 -29.716471 9.984900 0.216219
116.198532 -29.716471 9.933023 0.376869
120.079908 -29.716471 9.939248 0.227745
123.961284 -29.716471 10.048025 0.189311
127.842660 -29.716471 9.957778 0.210579
131.724036 -29.716471 9.929303 0.167021
135.605412 -29.716471 9.868517 -0.130581
139.486788 -29.716471 9.823284 0.284644
-54.582013 -33.597847 0.000000 0.000000
-50.700637 -33.597847 0.000000 0.000000
-46.819261 -33.597847 9.518623 1.366645
-42.937885 -33.597847 10.242959 -0.142922
-39.056509 -33.597847 10.320833 0.407756
-35.175133 -33.597847 10.311823 -0.185785
-31.293757 -33.597847 10.293756 0.197061
-27.412381 -33.597847 10.362627 0.480090
-23.531005 -33.597847 9.995530 0.035837
-19.649629 -33.597847 10.226685 0.416966
-15.768253 -33.597847 10.383121 0.315824
-11.886877 -33.597847 10.257555 0.149724
-8.005501 -33.597847 10.231808 0.152264
-4.124125 -33.597847 10.215703 0.084737
-0.242749 -33.597847 10.231200 -0.072415
3.638627 -33.597847 10.178425 0.097654
7.520003 -33.597847 10.273234 0.202872
11.401379 -33.597847 10.122004 0.118831
15.282755 -33.597847 10.167937 0.132004
19.164131 -33.597847 10.204469 0.356322
23.045507 -33.597847 10.199928 0.159969
26.926883 -33.597847 10.126283 0.353225
30.808259 -33.597847 10.276085 0.156990
34.689635 -33.597847 10.202837 0.425424
38.571011 -33.597847 10.208022 0.299431
42.452387 -33.597847 10.244763 0.286841
46.333763 -33.597847 10.154306 0.271448
50.215140 -33.597847 10.185362 0.252023
54.096516 -33.597847 10.054502 0.314479
57.977892 -33.597847 10.150753 0.302881
61.859268 -33.597847 10.269382 0.322987
65.740644 -33.597847 10.112787 0.181281
69.622020 -33.597847 10.117883 0.048349
73.503396 -33.597847 9.981215 0.232551
77.384772 -33.597847 10.174085 0.381931
81.266148 -33.597847 10.006764 0.338007
85.147524 -33.597847 10.032765 0.169564
89.028900 -33.597847 9.976125 0.287481
92.910276 -33.597847 9.756600 0.359885
96.791652 -33.597847 10.045807 0.415217
100.673028 -33.597847 10.053913 0.327433
104.554404 -33.597847 10.084078 0.305751
108.435780 -33.597847 9.951439 0.232980
112.317156 -33.597847 9.985142 0.221477
116.198532 -33.597847 9.993748 0.221126
120.079908 -33.597847 10.007138 0.059668
123.961284 -33.597847 9.897257 0.291418
127.842660 -33.597847 9.888391 0.284415
131.724036 -33.597847 9.674925 0.233760
135.605412 -33.597847 10.034447 0.089778
139.486788 -33.597847 10.104644 0.210039
-54.582013 -37.479223 0.000000 0.000000
-50.700637 -37.479223 10.287979 0.264810
-46.819261 -37.479223 9.403604 0.374443
-42.937885 -37.479223 10.021186 1.122052
-39.056509 -37.479223 9.608168 0.458580
-35.175133 -37.479223 9.834259 0.135257
-31.293757 -37.479223 10.105701 0.077556
-27.412381 -37.479223 9.912152 -0.023004
-23.531005 -37.479223 10.338861 0.059332
-19.649629 -37.479223 10.197374 0.110273
-15.768253 -37.479223 10.132467 0.122357
-11.886877 -37.479223 10.194841 -0.091699
-8.005501 -37.479223 10.212979 -0.129023
-4.124125 -37.479223 10.231913 0.179659
-0.242749 -37.479223 9.976459 0.103192
3.638627 -37.479223 10.213284 0.107130
7.520003 -37.479223 10.126538 0.227791
11.401379 -37.479223 10.267599 0.307301
15.282755 -37.479223 10.287775 0.403287
19.164131 -37.479223 10.088326 0.022242
23.045507 -37.479223 10.289901 0.235023
26.926883 -37.479223 10.122627 0.100129
30.808259 -37.479223 10.199018 0.158271
34.689635 -37.479223 10.217230 -0.028450
38.571011 -37.479223 10.151752 0.304028
42.452387 -37.479223 10.249347 0.378808
46.333763 -37.479223 10.088785 0.193328
50.215140 -37.479223 10.108540 0.290769
54.096516 -37.479223 10.092536 0.409443
57.977892 -37.479223 10.151391 0.348939
61.859268 -37.479223 10.046069 0.293244
65.740644 -37.479223 10.164896 0.247249
69.622020 -37.479223 10.127593 0.393376
73.503396 -37.479223 9.981202 0.200350
77.384772 -37.479223 9.946077 0.147349
81.266148 -37.479223 9.919790 0.197966
85.147524 -37.479223 9.979218 0.275627
89.028900 -37.479223 10.116426 0.360655
92.910276 -37.479223 9.931185 0.264931
96.791652 -37.479223 10.042192 0.322997
100.673028 -37.479223 9.942469 0.266848
104.554404 -37.479223 10.024172 0.371098
108.435780 -37.479223 9.958157 0.654211
112.317156 -37.479223 9.900613 0.285389
116.198532 -37.479223 9.847255 0.322035
120.079908 -37.479223 9.969925 0.095070
123.961284 -37.479223 9.659530 -0.178277
127.842660 -37.479223 9.841798 0.088475
131.724036 -37.479223 10.067674 0.205547
135.605412 -37.479223 10.032589 0.027691
139.486788 -37.479223 9.732780 0.149850
-54.582013 -41.360599 0.000000 0.000000
-50.700637 -41.360599 0.000000 0.000000
-46.819261 -41.360599 0.000000 0.000000
-42.937885 -41.360599 0.000000 0.000000
-39.056509 -41.360599 9.972939 -0.580571
-35.175133 -41.360599 10.307459 -0.047576
-31.293757 -41.360599 10.107892 -0.073243
-27.412381 -41.360599 10.194289 -0.301013
-23.531005 -41.360599 10.025159 0.100803
-19.649629 -41.360599 10.355483 -0.007483
-15.768253 -41.360599 10.178770 0.064495
-11.886877 -41.360599 10.249187 -0.092821
-8.005501 -41.360599 10.142733 0.133213
-4.124125 -41.360599 10.192164 0.182780
-0.242749 -41.360599 10.159636 0.086766
3.638627 -41.360599 10.347315 0.201908
7.520003 -41.360599 10.319109 0.063844
11.401379 -41.360599 10.353553 0.136480
15.282755 -41.360599 10.261970 0.189968
19.164131 -41.360599 10.133022 0.165934
23.045507 -41.360599 10.221008 0.111194
26.926883 -41.360599 10.121399 0.390767
30.808259 -41.360599 10.171083 0.193703
34.689635 -41.360599 10.252842 0.153984
38.571011 -41.360599 9.920388 0.344355
42.452387 -41.360599 10.183209 0.309755
46.333763 -41.360599 10.137828 0.288207
50.215140 -41.360599 10.085802 0.333814
54.096516 -41.360599 10.194141 0.257100
57.977892 -41.360599 10.032960 0.300577
61.859268 -41.360599 10.140891 0.201048
65.740644 -41.360599 10.152930 0.197766
69.622020 -41.360599 10.012715 0.243259
73.503396 -41.360599 10.031769 0.298655
77.384772 -41.360599 9.988559 0.344300
81.266148 -41.360599 9.885637 0.364154
85.147524 -41.360599 10.164914 0.145615
89.028900 -41.360599 10.096429 0.352241
92.910276 -41.360599 9.824531 0.400352
96.791652 -41.360599 9.985132 0.255599
100.673028 -41.360599 10.058105 0.383509
104.554404 -41.360599 10.048075 0.119841
108.435780 -41.360599 9.922887 0.323896
112.317156 -41.360599 10.277081 0.336904
116.198532 -41.360599 9.967734 0.175966
120.079908 -41.360599 9.744379 0.164581
123.961284 -41.360599 9.782317 -0.149056
127.842660 -41.360599 9.751406 0.443345
131.724036 -41.360599 9.927110 0.130348
135.605412 -41.360599 10.092278 0.277974
139.486788 -41.360599 9.937866 0.112899
-54.582013 -45.241975 0.000000 0.000000
-50.700637 -45.241975 0.000000 0.000000
-46.819261 -45.241975 0.000000 0.000000
-42.937885 -45.241975 0.000000 0.000000
-39.056509 -45.241975 0.000000 0.000000
-35.175133 -45.241975 0.000000 0.000000
-31.293757 -45.241975 0.000000 0.000000
-27.412381 -45.241975 0.000000 0.000000
-23.531005 -45.241975 0.000000 0.000000
-19.649629 -45.241975 0.000000 0.000000
-15.768253 -45.241975 0.000000 0.000000
-11.886877 -45.241975 0.000000 0.000000
-8.005501 -45.241975 0.000000 0.000000
-4.124125 -45.241975 0.000000 0.000000
-0.242749 -45.241975 0.000000 0.000000
3.638627 -45.241975 0.000000 0.000000
7.520003 -45.241975 0.000000 0.000000
11.401379 -45.241975 0.000000 0.000000
15.282755 -45.241975 0.000000 0.000000
19.164131 -45.241975 0.000000 0.000000
23.045507 -45.241975 0.000000 0.000000
26.926883 -45.241975 0.000000 0.000000
30.808259 -45.241975 0.000000 0.000000
34.689635 -45.241975 0.000000 0.000000
38.571011 -45.241975 0.000000 0.000000
42.452387 -45.241975 0.000000 0.000000
46.333763 -45.241975 0.000000 0.000000
50.215140 -45.241975 0.000000 0.000000
54.096516 -45.241975 0.000000 0.000000
57.977892 -45.241975 0.000000 0.000000
61.859268 -45.241975 0.000000 0.000000
65.740644 -45.241975 0.000000 0.000000
69.622020 -45.241975 0.000000 0.000000
73.503396 -45.241975 0.000000 0.000000
77.384772 -45.241975 0.000000 0.000000
81.266148 -45.241975 0.000000 0.000000
85.147524 -45.241975 0.000000 0.000000
89.028900 -45.241975 0.000000 0.000000
92.910276 -45.241975 0.000000 0.000000
96.791652 -45.241975 0.000000 0.000000
100.673028 -45.241975 0.000000 0.000000
104.554404 -45.241975 0.000000 0.000000
108.435780 -45.241975 0.000000 0.000000
112.317156 -45.241975 0.000000 0.000000
116.198532 -45.241975 0.000000 0.000000
120.079908 -45.241975 0.000000 0.000000
123.961284 -45.241975 0.000000 0.000000
127.842660 -45.241975 0.000000 0.000000
131.724036 -45.241975 0.000000 0.000000
135.605412 -45.241975 0.000000 0.000000
139.486788 -45.241975 0.000000 0.000000
