TITLE = "B00007"
VARIABLES = "position", "position(2)", "Vx", "Vy"
ZONE T="Frame 0", I=51, J=39
-54.582013 102.250314 0.000000 0.000000
-50.700637 102.250314 0.000000 0.000000
-46.819261 102.250314 0.000000 0.000000
-42.937885 102.250314 0.000000 0.000000
-39.056509 102.250314 0.000000 0.000000
-35.175133 102.250314 0.000000 0.000000
-31.293757 102.250314 0.000000 0.000000
-27.412381 102.250314 0.000000 0.000000
-23.531005 102.250314 0.000000 0.000000
-19.649629 102.250314 0.000000 0.000000
-15.768253 102.250314 10.128966 0.733777
-11.886877 102.250314 9.635751 0.278387
-8.005501 102.250314 0.000000 0.000000
-4.124125 102.250314 0.000000 0.000000
-0.242749 102.250314 10.965444 0.140094
3.638627 102.250314 12.609655 -0.635060
7.520003 102.250314 9.564797 1.722241
11.401379 102.250314 0.000000 0.000000
15.282755 102.250314 0.000000 0.000000
19.164131 102.250314 0.000000 0.000000
23.045507 102.250314 10.666890 -0.019785
26.926883 102.250314 11.609498 -0.871365
30.808259 102.250314 10.493117 0.891581
34.689635 102.250314 0.000000 0.000000
38.571011 102.250314 0.000000 0.000000
42.452387 102.250314 9.564033 -0.656686
46.333763 102.250314 9.946429 1.737621
50.215140 102.250314 7.728875 0.875038
54.096516 102.250314 9.921527 1.107656
57.977892 102.250314 0.000000 0.000000
61.859268 102.250314 0.000000 0.000000
65.740644 102.250314 0.000000 0.000000
69.622020 102.250314 9.551361 -0.617397
73.503396 102.250314 10.625846 0.437343
77.384772 102.250314 8.625342 -0.723600
81.266148 102.250314 9.214669 0.259548
85.147524 102.250314 10.370860 0.319570
89.028900 102.250314 9.891405 -0.608734
92.910276 102.250314 9.649039 0.799591
96.791652 102.250314 8.951617 0.205949
100.673028 102.250314 10.385780 -0.174776
104.554404 102.250314 9.714477 0.148223
108.435780 102.250314 10.464016 -0.428833
112.317156 102.250314 9.765080 -0.570535
116.198532 102.250314 9.933014 -0.327422
120.079908 102.250314 10.442051 0.225262
123.961284 102.250314 10.049505 0.235845
127.842660 102.250314 11.389899 0.542033
131.724036 102.250314 10.323336 0.574497
135.605412 102.250314 10.554140 -1.052068
139.486788 102.250314 10.418971 0.826775
-54.582013 98.368938 0.000000 0.000000
-50.700637 98.368938 0.000000 0.000000
-46.819261 98.368938 0.000000 0.000000
-42.937885 98.368938 0.000000 0.000000
-39.056509 98.368938 0.000000 0.000000
-35.175133 98.368938 0.000000 0.000000
-31.293757 98.368938 0.000000 0.000000
-27.412381 98.368938 0.000000 0.000000
-23.531005 98.368938 0.000000 0.000000
-19.649629 98.368938 0.000000 0.000000
-15.768253 98.368938 0.000000 0.000000
-11.886877 98.368938 9.337965 0.501546
-8.005501 98.368938 9.942228 0.399316
-4.124125 98.368938 9.288065 1.056230
-0.242749 98.368938 12.905358 0.968108
3.638627 98.368938 11.376684 -1.113879
7.520003 98.368938 10.870594 -0.470602
11.401379 98.368938 0.000000 0.000000
15.282755 98.368938 12.457073 -2.344114
19.164131 98.368938 11.244678 -1.828800
23.045507 98.368938 9.871759 -0.838681
26.926883 98.368938 10.991675 -0.168898
30.808259 98.368938 10.098431 -0.691447
34.689635 98.368938 10.282532 -1.695803
38.571011 98.368938 0.000000 0.000000
42.452387 98.368938 8.884461 -0.590920
46.333763 98.368938 10.109264 -4.435537
50.215140 98.368938 8.650054 6.823738
54.096516 98.368938 8.821856 -0.058526
57.977892 98.368938 5.403744 1.246898
61.859268 98.368938 0.000000 0.000000
65.740644 98.368938 0.000000 0.000000
69.622020 98.368938 0.000000 0.000000
73.503396 98.368938 9.472391 -0.708960
77.384772 98.368938 10.699451 0.302008
81.266148 98.368938 9.116812 0.189431
85.147524 98.368938 9.614914 0.784807
89.028900 98.368938 9.115069 -0.572267
92.910276 98.368938 9.829238 0.608939
96.791652 98.368938 10.109119 -0.772619
100.673028 98.368938 10.297418 0.209575
104.554404 98.368938 9.882506 -0.214580
108.435780 98.368938 10.903954 -0.215579
112.317156 98.368938 10.276048 0.374469
116.198532 98.368938 10.021404 -0.098525
120.079908 98.368938 10.266732 -0.295158
123.961284 98.368938 9.200162 0.366201
127.842660 98.368938 10.006166 -0.260671
131.724036 98.368938 9.486007 0.074904
135.605412 98.368938 10.054203 -0.255084
139.486788 98.368938 11.385842 -0.386590
-54.582013 94.487562 0.000000 0.000000
-50.700637 94.487562 0.000000 0.000000
-46.819261 94.487562 0.000000 0.000000
-42.937885 94.487562 0.000000 0.000000
-39.056509 94.487562 0.000000 0.000000
-35.175133 94.487562 0.000000 0.000000
-31.293757 94.487562 0.000000 0.000000
-27.412381 94.487562 0.000000 0.000000
-23.531005 94.487562 0.000000 0.000000
-19.649629 94.487562 0.000000 0.000000
-15.768253 94.487562 10.427661 0.218588
-11.886877 94.487562 9.901400 0.182032
-8.005501 94.487562 10.156709 0.086797
-4.124125 94.487562 0.000000 0.000000
-0.242749 94.487562 8.446652 -1.474830
3.638627 94.487562 12.543379 0.314254
7.520003 94.487562 10.537977 -0.338246
11.401379 94.487562 11.265098 -0.560627
15.282755 94.487562 0.000000 0.000000
19.164131 94.487562 0.000000 0.000000
23.045507 94.487562 11.247397 0.021670
26.926883 94.487562 10.642482 -1.935306
30.808259 94.487562 9.954785 0.442561
34.689635 94.487562 0.000000 0.000000
38.571011 94.487562 9.155299 1.887274
42.452387 94.487562 11.084406 -1.399668
46.333763 94.487562 0.000000 0.000000
50.215140 94.487562 10.010065 -1.972689
54.096516 94.487562 12.429712 2.072721
57.977892 94.487562 0.000000 0.000000
61.859268 94.487562 0.000000 0.000000
65.740644 94.487562 0.000000 0.000000
69.622020 94.487562 0.000000 0.000000
73.503396 94.487562 10.529432 -1.376131
77.384772 94.487562 9.411809 -0.277943
81.266148 94.487562 8.786265 -0.528996
85.147524 94.487562 11.055604 -1.139682
89.028900 94.487562 9.038481 0.788305
92.910276 94.487562 9.207825 -0.793479
96.791652 94.487562 9.511683 0.400465
100.673028 94.487562 10.381564 -0.643624
104.554404 94.487562 9.389174 0.385506
108.435780 94.487562 9.769596 0.602962
112.317156 94.487562 10.857841 -1.059548
116.198532 94.487562 9.515342 -0.370431
120.079908 94.487562 10.342879 -0.338954
123.961284 94.487562 11.796744 -0.470422
127.842660 94.487562 9.659512 -0.493214
131.724036 94.487562 10.237807 0.079331
135.605412 94.487562 9.400383 0.079701
139.486788 94.487562 10.003001 -0.165582
-54.582013 90.606186 0.000000 0.000000
-50.700637 90.606186 0.000000 0.000000
-46.819261 90.606186 0.000000 0.000000
-42.937885 90.606186 0.000000 0.000000
-39.056509 90.606186 0.000000 0.000000
-35.175133 90.606186 0.000000 0.000000
-31.293757 90.606186 0.000000 0.000000
-27.412381 90.606186 0.000000 0.000000
-23.531005 90.606186 0.000000 0.000000
-19.649629 90.606186 0.000000 0.000000
-15.768253 90.606186 9.968241 0.186260
-11.886877 90.606186 10.512443 -0.263257
-8.005501 90.606186 0.000000 0.000000
-4.124125 90.606186 10.488845 0.554364
-0.242749 90.606186 10.545522 -1.928144
3.638627 90.606186 10.169742 -0.157098
7.520003 90.606186 11.036029 -0.096014
11.401379 90.606186 10.172743 -0.135015
15.282755 90.606186 10.567062 -1.859427
19.164131 90.606186 10.171164 0.523209
23.045507 90.606186 0.000000 0.000000
26.926883 90.606186 10.369883 0.125352
30.808259 90.606186 10.462508 0.023570
34.689635 90.606186 10.739531 -0.221812
38.571011 90.606186 10.786405 -0.261502
42.452387 90.606186 8.777835 0.761572
46.333763 90.606186 9.738022 0.498951
50.215140 90.606186 9.836113 -0.776105
54.096516 90.606186 9.053561 -0.287771
57.977892 90.606186 10.786673 -0.032700
61.859268 90.606186 0.000000 0.000000
65.740644 90.606186 0.000000 0.000000
69.622020 90.606186 0.000000 0.000000
73.503396 90.606186 9.507275 0.397470
77.384772 90.606186 10.065697 0.378876
81.266148 90.606186 9.649144 0.962291
85.147524 90.606186 9.972196 -0.290280
89.028900 90.606186 9.550445 0.337307
92.910276 90.606186 9.778714 0.705934
96.791652 90.606186 9.818849 0.542190
100.673028 90.606186 9.668118 0.559688
104.554404 90.606186 9.992088 -1.481382
108.435780 90.606186 9.835685 -0.390491
112.317156 90.606186 10.886045 1.017276
116.198532 90.606186 9.628492 -0.456943
120.079908 90.606186 9.819903 0.418060
123.961284 90.606186 9.204999 -0.438033
127.842660 90.606186 10.523633 0.620713
131.724036 90.606186 9.863276 0.165082
135.605412 90.606186 9.491491 1.096841
139.486788 90.606186 9.870935 -0.417242
-54.582013 86.724810 0.000000 0.000000
-50.700637 86.724810 0.000000 0.000000
-46.819261 86.724810 0.000000 0.000000
-42.937885 86.724810 0.000000 0.000000
-39.056509 86.724810 0.000000 0.000000
-35.175133 86.724810 0.000000 0.000000
-31.293757 86.724810 0.000000 0.000000
-27.412381 86.724810 0.000000 0.000000
-23.531005 86.724810 0.000000 0.000000
-19.649629 86.724810 0.000000 0.000000
-15.768253 86.724810 10.051214 0.728944
-11.886877 86.724810 10.795106 0.080674
-8.005501 86.724810 10.247759 0.519964
-4.124125 86.724810 8.274582 0.956410
-0.242749 86.724810 10.585548 0.591836
3.638627 86.724810 11.333848 -0.194237
7.520003 86.724810 10.320402 0.484998
11.401379 86.724810 10.253545 0.507537
15.282755 86.724810 11.713407 0.018488
19.164131 86.724810 10.257050 -0.152313
23.045507 86.724810 10.772419 0.272636
26.926883 86.724810 9.956587 -0.286489
30.808259 86.724810 10.808901 0.226036
34.689635 86.724810 10.821035 -0.543324
38.571011 86.724810 9.754749 0.681011
42.452387 86.724810 10.356359 -0.619840
46.333763 86.724810 10.783292 -0.193501
50.215140 86.724810 10.508929 0.575614
54.096516 86.724810 9.985537 -0.512882
57.977892 86.724810 10.124632 0.247374
61.859268 86.724810 0.000000 0.000000
65.740644 86.724810 0.000000 0.000000
69.622020 86.724810 0.000000 0.000000
73.503396 86.724810 10.725526 -0.320437
77.384772 86.724810 7.982485 0.723836
81.266148 86.724810 0.000000 0.000000
85.147524 86.724810 9.247313 0.631946
89.028900 86.724810 10.722543 -0.518573
92.910276 86.724810 9.904913 0.409636
96.791652 86.724810 10.639391 -0.445368
100.673028 86.724810 9.837739 -0.426982
104.554404 86.724810 9.287806 -0.635545
108.435780 86.724810 9.869461 0.579163
112.317156 86.724810 10.217298 0.078706
116.198532 86.724810 10.238547 -0.158705
120.079908 86.724810 9.959305 -0.698825
123.961284 86.724810 9.947938 0.379534
127.842660 86.724810 9.502047 0.908585
131.724036 86.724810 9.824367 0.107367
135.605412 86.724810 9.742507 0.144958
139.486788 86.724810 10.188632 -0.289207
-54.582013 82.843434 0.000000 0.000000
-50.700637 82.843434 0.000000 0.000000
-46.819261 82.843434 0.000000 0.000000
-42.937885 82.843434 0.000000 0.000000
-39.056509 82.843434 0.000000 0.000000
-35.175133 82.843434 0.000000 0.000000
-31.293757 82.843434 0.000000 0.000000
-27.412381 82.843434 0.000000 0.000000
-23.531005 82.843434 0.000000 0.000000
-19.649629 82.843434 0.000000 0.000000
-15.768253 82.843434 10.349558 -0.107396
-11.886877 82.843434 10.716133 -0.034051
-8.005501 82.843434 10.406182 -0.090415
-4.124125 82.843434 10.344816 -0.556016
-0.242749 82.843434 0.000000 0.000000
3.638627 82.843434 9.864838 0.193095
7.520003 82.843434 10.388186 0.682740
11.401379 82.843434 9.956239 0.457435
15.282755 82.843434 10.287344 0.766038
19.164131 82.843434 10.448705 0.149765
23.045507 82.843434 9.889771 -0.412608
26.926883 82.843434 10.332484 0.332262
30.808259 82.843434 10.061162 0.551352
34.689635 82.843434 10.405140 -0.158708
38.571011 82.843434 9.873194 0.049572
42.452387 82.843434 9.725036 0.128415
46.333763 82.843434 9.557274 0.300793
50.215140 82.843434 9.945704 -0.149964
54.096516 82.843434 10.543103 -0.493120
57.977892 82.843434 10.147412 -0.845774
61.859268 82.843434 0.000000 0.000000
65.740644 82.843434 0.000000 0.000000
69.622020 82.843434 9.611329 0.201390
73.503396 82.843434 9.430267 0.358458
77.384772 82.843434 10.089529 -0.326336
81.266148 82.843434 9.865266 -1.351344
85.147524 82.843434 9.079571 0.082121
89.028900 82.843434 9.485081 -0.283428
92.910276 82.843434 10.160232 -0.261851
96.791652 82.843434 9.272503 0.071867
100.673028 82.843434 10.247160 0.180158
104.554404 82.843434 9.080913 -0.169242
108.435780 82.843434 9.517905 -0.257868
112.317156 82.843434 10.101303 0.068123
116.198532 82.843434 8.112826 0.512871
120.079908 82.843434 9.094865 -0.152563
123.961284 82.843434 9.220321 0.161911
127.842660 82.843434 9.661874 -0.366514
131.724036 82.843434 9.931817 -0.400871
135.605412 82.843434 10.263494 0.023511
139.486788 82.843434 10.356292 -0.260106
-54.582013 78.962058 0.000000 0.000000
-50.700637 78.962058 0.000000 0.000000
-46.819261 78.962058 9.789032 1.122652
-42.937885 78.962058 8.966948 0.867520
-39.056509 78.962058 9.559285 1.519670
-35.175133 78.962058 0.000000 0.000000
-31.293757 78.962058 0.000000 0.000000
-27.412381 78.962058 0.000000 0.000000
-23.531005 78.962058 0.000000 0.000000
-19.649629 78.962058 0.000000 0.000000
-15.768253 78.962058 10.429018 0.371494
-11.886877 78.962058 10.441252 0.496598
-8.005501 78.962058 10.488965 0.523141
-4.124125 78.962058 10.686790 0.393807
-0.242749 78.962058 10.863076 0.141084
3.638627 78.962058 10.728571 0.498415
7.520003 78.962058 10.586054 0.170866
11.401379 78.962058 10.823278 -0.201887
15.282755 78.962058 10.671668 0.153180
19.164131 78.962058 10.239174 -0.252367
23.045507 78.962058 8.735559 0.432052
26.926883 78.962058 0.000000 0.000000
30.808259 78.962058 10.230722 -0.168332
34.689635 78.962058 10.195955 -0.408124
38.571011 78.962058 10.436474 0.207644
42.452387 78.962058 10.169856 -0.236026
46.333763 78.962058 10.701188 -0.576509
50.215140 78.962058 10.906749 -0.251030
54.096516 78.962058 10.128327 -0.321588
57.977892 78.962058 9.442932 0.177168
61.859268 78.962058 0.000000 0.000000
65.740644 78.962058 0.000000 0.000000
69.622020 78.962058 9.823247 -0.389852
73.503396 78.962058 9.946494 -0.069151
77.384772 78.962058 10.086333 -0.093232
81.266148 78.962058 9.905375 -0.008427
85.147524 78.962058 10.597871 0.358916
89.028900 78.962058 10.479202 -0.664944
92.910276 78.962058 9.911659 0.046944
96.791652 78.962058 10.595422 -0.303615
100.673028 78.962058 9.351892 0.426907
104.554404 78.962058 9.617415 0.255436
108.435780 78.962058 9.969632 -0.038200
112.317156 78.962058 10.194736 -0.046914
116.198532 78.962058 10.066369 0.107052
120.079908 78.962058 9.732183 0.230174
123.961284 78.962058 10.375860 -0.574551
127.842660 78.962058 10.416612 0.029266
131.724036 78.962058 9.417025 -0.206295
135.605412 78.962058 10.254708 0.033249
139.486788 78.962058 10.082582 0.381444
-54.582013 75.080682 0.000000 0.000000
-50.700637 75.080682 0.000000 0.000000
-46.819261 75.080682 10.982847 -0.504983
-42.937885 75.080682 11.305713 0.495438
-39.056509 75.080682 0.000000 0.000000
-35.175133 75.080682 0.000000 0.000000
-31.293757 75.080682 0.000000 0.000000
-27.412381 75.080682 0.000000 0.000000
-23.531005 75.080682 0.000000 0.000000
-19.649629 75.080682 0.000000 0.000000
-15.768253 75.080682 10.369086 0.462161
-11.886877 75.080682 10.415325 0.149270
-8.005501 75.080682 10.668544 0.165267
-4.124125 75.080682 10.819053 -0.196923
-0.242749 75.080682 10.605648 -0.292739
3.638627 75.080682 10.852194 0.132262
7.520003 75.080682 10.422247 -0.669137
11.401379 75.080682 9.924420 0.446492
15.282755 75.080682 10.815625 0.369574
19.164131 75.080682 10.448285 1.739537
23.045507 75.080682 11.081710 0.011584
26.926883 75.080682 10.622860 -0.111462
30.808259 75.080682 9.712518 0.220664
34.689635 75.080682 10.650828 0.050580
38.571011 75.080682 10.568968 -0.318751
42.452387 75.080682 10.092761 -0.021993
46.333763 75.080682 10.471768 -0.804272
50.215140 75.080682 9.336256 -0.675384
54.096516 75.080682 10.197902 -0.571936
57.977892 75.080682 10.434768 -0.220276
61.859268 75.080682 0.000000 0.000000
65.740644 75.080682 0.000000 0.000000
69.622020 75.080682 9.732663 -0.247040
73.503396 75.080682 10.483330 -0.783183
77.384772 75.080682 9.856956 0.275958
81.266148 75.080682 9.940337 0.388714
85.147524 75.080682 9.927009 0.013454
89.028900 75.080682 10.444506 0.077861
92.910276 75.080682 10.195928 -0.302347
96.791652 75.080682 9.648928 0.076354
100.673028 75.080682 9.986440 -0.110057
104.554404 75.080682 10.335890 0.273341
108.435780 75.080682 9.706601 0.364191
112.317156 75.080682 9.388371 -0.057256
116.198532 75.080682 9.946142 -0.269795
120.079908 75.080682 10.171389 0.482253
123.961284 75.080682 10.208966 0.191454
127.842660 75.080682 9.468791 1.796168
131.724036 75.080682 9.406472 0.210645
135.605412 75.080682 10.214194 0.169924
139.486788 75.080682 9.469664 -0.063726
-54.582013 71.199306 0.000000 0.000000
-50.700637 71.199306 9.910182 2.456179
-46.819261 71.199306 0.000000 0.000000
-42.937885 71.199306 10.217899 0.870151
-39.056509 71.199306 10.664567 0.020713
-35.175133 71.199306 0.000000 0.000000
-31.293757 71.199306 0.000000 0.000000
-27.412381 71.199306 0.000000 0.000000
-23.531005 71.199306 0.000000 0.000000
-19.649629 71.199306 0.000000 0.000000
-15.768253 71.199306 10.998313 0.301001
-11.886877 71.199306 10.728154 0.455256
-8.005501 71.199306 10.803923 0.332581
-4.124125 71.199306 10.942783 0.031639
-0.242749 71.199306 0.000000 0.000000
3.638627 71.199306 11.320939 -0.455415
7.520003 71.199306 10.486254 0.022529
11.401379 71.199306 10.675746 -0.168088
15.282755 71.199306 10.491026 0.052075
19.164131 71.199306 10.654592 -0.351455
23.045507 71.199306 10.722775 -0.379833
26.926883 71.199306 10.589802 -0.274865
30.808259 71.199306 10.232712 -0.238676
34.689635 71.199306 10.414900 0.337204
38.571011 71.199306 10.260091 -0.256135
42.452387 71.199306 10.515974 -0.046874
46.333763 71.199306 10.486609 -0.198955
50.215140 71.199306 10.197957 -0.346095
54.096516 71.199306 10.501103 -0.761484
57.977892 71.199306 10.168730 -0.405828
61.859268 71.199306 0.000000 0.000000
65.740644 71.199306 0.000000 0.000000
69.622020 71.199306 9.708298 -0.053279
73.503396 71.199306 10.358263 -0.032836
77.384772 71.199306 10.204265 0.296622
81.266148 71.199306 9.688109 -0.476447
85.147524 71.199306 10.117661 -0.692088
89.028900 71.199306 9.385235 0.149676
92.910276 71.199306 9.561250 -0.298140
96.791652 71.199306 10.169686 0.384278
100.673028 71.199306 9.915268 0.150251
104.554404 71.199306 10.090704 0.269158
108.435780 71.199306 10.402953 -0.071446
112.317156 71.199306 9.982733 0.007300
116.198532 71.199306 9.942721 -0.343115
120.079908 71.199306 10.089356 0.102284
123.961284 71.199306 9.766866 0.060732
127.842660 71.199306 9.367390 -0.122699
131.724036 71.199306 9.758307 0.245238
135.605412 71.199306 10.000240 0.346373
139.486788 71.199306 8.917372 -0.116252
-54.582013 67.317930 11.321244 -0.356290
-50.700637 67.317930 8.525878 0.626142
-46.819261 67.317930 10.149327 0.299625
-42.937885 67.317930 11.335692 0.343720
-39.056509 67.317930 10.616746 0.999892
-35.175133 67.317930 0.000000 0.000000
-31.293757 67.317930 0.000000 0.000000
-27.412381 67.317930 0.000000 0.000000
-23.531005 67.317930 0.000000 0.000000
-19.649629 67.317930 10.847610 0.216836
-15.768253 67.317930 10.900332 0.578481
-11.886877 67.317930 10.442208 -0.329165
-8.005501 67.317930 11.248728 0.476378
-4.124125 67.317930 11.303776 0.484205
-0.242749 67.317930 10.714169 0.514301
3.638627 67.317930 10.322259 0.344960
7.520003 67.317930 10.680367 -0.017365
11.401379 67.317930 11.387027 0.235107
15.282755 67.317930 10.495212 -0.008150
19.164131 67.317930 10.428038 -0.154436
23.045507 67.317930 10.545984 -0.721968
26.926883 67.317930 10.524217 -0.046316
30.808259 67.317930 10.590388 -0.083126
34.689635 67.317930 10.259252 -0.250459
38.571011 67.317930 10.605034 -0.369430
42.452387 67.317930 10.555239 -0.603488
46.333763 67.317930 10.373466 -0.194164
50.215140 67.317930 10.281897 -0.193376
54.096516 67.317930 10.103367 -0.096120
57.977892 67.317930 10.478770 -0.048012
61.859268 67.317930 0.000000 0.000000
65.740644 67.317930 0.000000 0.000000
69.622020 67.317930 10.201871 -0.422409
73.503396 67.317930 9.739536 -0.567594
77.384772 67.317930 9.825628 -0.073731
81.266148 67.317930 9.507846 0.014994
85.147524 67.317930 9.859911 0.092218
89.028900 67.317930 10.300404 -0.310301
92.910276 67.317930 10.088868 -0.715849
96.791652 67.317930 9.933551 -0.185270
100.673028 67.317930 10.015053 -0.420592
104.554404 67.317930 9.846505 0.193754
108.435780 67.317930 10.254381 -0.071035
112.317156 67.317930 9.928258 0.801891
116.198532 67.317930 9.680179 0.165024
120.079908 67.317930 10.137668 -0.095542
123.961284 67.317930 9.814663 -0.191164
127.842660 67.317930 10.138945 -0.437050
131.724036 67.317930 10.163492 -0.254000
135.605412 67.317930 9.936357 0.443113
139.486788 67.317930 8.827877 -0.528464
-54.582013 63.436554 0.000000 0.000000
-50.700637 63.436554 10.342836 0.730498
-46.819261 63.436554 9.690475 1.159017
-42.937885 63.436554 10.140826 0.685180
-39.056509 63.436554 9.790288 0.983632
-35.175133 63.436554 0.000000 0.000000
-31.293757 63.436554 0.000000 0.000000
-27.412381 63.436554 0.000000 0.000000
-23.531005 63.436554 0.000000 0.000000
-19.649629 63.436554 10.698674 0.175659
-15.768253 63.436554 10.756200 0.879994
-11.886877 63.436554 10.918868 0.255441
-8.005501 63.436554 10.586560 -0.157226
-4.124125 63.436554 11.232042 -0.228829
-0.242749 63.436554 10.306947 0.501635
3.638627 63.436554 10.918510 -0.009638
7.520003 63.436554 10.962211 -0.380979
11.401379 63.436554 10.858746 0.059433
15.282755 63.436554 10.404041 -1.034258
19.164131 63.436554 10.995771 -0.117866
23.045507 63.436554 10.640551 -0.326506
26.926883 63.436554 10.570887 -0.471938
30.808259 63.436554 10.602051 -0.416962
34.689635 63.436554 10.648395 -0.022131
38.571011 63.436554 10.476519 -0.194559
42.452387 63.436554 10.642361 -0.533593
46.333763 63.436554 10.590095 -0.433232
50.215140 63.436554 9.924115 -0.333811
54.096516 63.436554 10.243641 -0.589513
57.977892 63.436554 10.005407 0.164418
61.859268 63.436554 0.000000 0.000000
65.740644 63.436554 0.000000 0.000000
69.622020 63.436554 10.084485 -0.202278
73.503396 63.436554 9.740733 -0.276973
77.384772 63.436554 9.837155 0.056733
81.266148 63.436554 9.741778 -0.230565
85.147524 63.436554 9.712555 -0.365123
89.028900 63.436554 9.943663 -0.288082
92.910276 63.436554 9.832208 0.388834
96.791652 63.436554 9.987036 -0.245608
100.673028 63.436554 9.774297 -0.640755
104.554404 63.436554 10.189764 -0.071790
108.435780 63.436554 9.896514 0.096703
112.317156 63.436554 10.150234 0.069190
116.198532 63.436554 9.882074 0.234582
120.079908 63.436554 9.480072 0.163393
123.961284 63.436554 9.815980 -0.171222
127.842660 63.436554 9.587781 0.202010
131.724036 63.436554 9.455870 -0.326404
135.605412 63.436554 9.561987 -0.286660
139.486788 63.436554 10.007067 -0.153694
-54.582013 59.555178 0.000000 0.000000
-50.700637 59.555178 9.103200 0.419638
-46.819261 59.555178 9.691684 1.047282
-42.937885 59.555178 9.786510 0.863843
-39.056509 59.555178 10.134111 1.711764
-35.175133 59.555178 0.000000 0.000000
-31.293757 59.555178 0.000000 0.000000
-27.412381 59.555178 0.000000 0.000000
-23.531005 59.555178 0.000000 0.000000
-19.649629 59.555178 10.471330 0.655795
-15.768253 59.555178 10.346896 0.885298
-11.886877 59.555178 10.915845 0.711940
-8.005501 59.555178 11.143927 0.368780
-4.124125 59.555178 11.093480 -0.070487
-0.242749 59.555178 10.916296 0.707573
3.638627 59.555178 10.601808 0.390505
7.520003 59.555178 11.226727 -0.265322
11.401379 59.555178 10.445654 0.021030
15.282755 59.555178 10.671326 -0.657963
19.164131 59.555178 10.727238 -0.441448
23.045507 59.555178 10.636084 -0.517791
26.926883 59.555178 10.390395 -0.404936
30.808259 59.555178 10.726609 -0.280547
34.689635 59.555178 10.607095 -0.486186
38.571011 59.555178 10.485109 -0.631215
42.452387 59.555178 10.704976 -1.202683
46.333763 59.555178 10.244908 -0.547812
50.215140 59.555178 10.153594 -0.139754
54.096516 59.555178 10.348201 -0.339215
57.977892 59.555178 9.811075 -0.365274
61.859268 59.555178 0.000000 0.000000
65.740644 59.555178 0.000000 0.000000
69.622020 59.555178 10.105896 -0.143482
73.503396 59.555178 9.476707 -0.465321
77.384772 59.555178 9.639995 -0.751826
81.266148 59.555178 9.530872 0.339596
85.147524 59.555178 9.330581 -0.420438
89.028900 59.555178 9.920135 -0.359834
92.910276 59.555178 10.035365 0.034600
96.791652 59.555178 9.933785 -0.277559
100.673028 59.555178 10.101275 -0.015462
104.554404 59.555178 10.162073 0.171326
108.435780 59.555178 10.198821 0.156539
112.317156 59.555178 9.286930 -0.032688
116.198532 59.555178 9.154164 0.406704
120.079908 59.555178 9.437476 -0.159106
123.961284 59.555178 9.931817 0.853873
127.842660 59.555178 10.036631 0.343732
131.724036 59.555178 9.967022 -0.091176
135.605412 59.555178 10.501784 0.363406
139.486788 59.555178 9.994478 -0.052144
-54.582013 55.673802 9.480550 0.843143
-50.700637 55.673802 10.756027 -0.466837
-46.819261 55.673802 10.187805 0.970523
-42.937885 55.673802 9.880982 1.049527
-39.056509 55.673802 9.752093 1.472683
-35.175133 55.673802 0.000000 0.000000
-31.293757 55.673802 0.000000 0.000000
-27.412381 55.673802 0.000000 0.000000
-23.531005 55.673802 10.432856 1.283687
-19.649629 55.673802 10.821785 0.759358
-15.768253 55.673802 10.774399 0.779108
-11.886877 55.673802 11.049987 0.578598
-8.005501 55.673802 11.289596 0.081485
-4.124125 55.673802 11.084726 0.083969
-0.242749 55.673802 11.083773 0.202633
3.638627 55.673802 10.978818 0.072174
7.520003 55.673802 10.806020 -0.455470
11.401379 55.673802 11.032877 0.321859
15.282755 55.673802 10.944273 0.020892
19.164131 55.673802 10.685182 -0.640243
23.045507 55.673802 10.687452 -0.090056
26.926883 55.673802 10.256877 -0.526559
30.808259 55.673802 10.601388 -0.060459
34.689635 55.673802 9.975431 -0.644105
38.571011 55.673802 10.618782 -0.639290
42.452387 55.673802 10.524445 -0.715006
46.333763 55.673802 10.798854 -0.481387
50.215140 55.673802 10.297834 -0.376254
54.096516 55.673802 10.295280 -0.703204
57.977892 55.673802 9.864279 -0.577372
61.859268 55.673802 0.000000 0.000000
65.740644 55.673802 0.000000 0.000000
69.622020 55.673802 10.133472 -0.868012
73.503396 55.673802 9.395772 -0.938499
77.384772 55.673802 9.820128 -0.270577
81.266148 55.673802 9.673565 -0.308356
85.147524 55.673802 9.959243 -0.591324
89.028900 55.673802 9.975262 -0.215359
92.910276 55.673802 9.853264 -0.080188
96.791652 55.673802 9.665234 -0.140569
100.673028 55.673802 9.775389 0.097496
104.554404 55.673802 9.889940 -0.198635
108.435780 55.673802 10.030292 0.432036
112.317156 55.673802 9.341547 -0.443946
116.198532 55.673802 9.142038 0.298815
120.079908 55.673802 9.827662 0.276897
123.961284 55.673802 9.217451 0.150288
127.842660 55.673802 9.571923 -0.159454
131.724036 55.673802 9.757513 0.167750
135.605412 55.673802 9.607103 0.536640
139.486788 55.673802 9.274872 0.076985
-54.582013 51.792426 9.911637 0.732144
-50.700637 51.792426 8.991610 1.791505
-46.819261 51.792426 9.318591 1.084621
-42.937885 51.792426 10.159966 1.074692
-39.056509 51.792426 9.606329 1.273876
-35.175133 51.792426 0.000000 0.000000
-31.293757 51.792426 0.000000 0.000000
-27.412381 51.792426 0.000000 0.000000
-23.531005 51.792426 10.504703 1.113441
-19.649629 51.792426 11.148554 1.135347
-15.768253 51.792426 11.385309 0.835688
-11.886877 51.792426 11.472321 0.695304
-8.005501 51.792426 11.164640 0.349493
-4.124125 51.792426 11.551377 0.231818
-0.242749 51.792426 10.870340 -0.162197
3.638627 51.792426 10.928184 0.064284
7.520003 51.792426 10.941562 -0.362928
11.401379 51.792426 10.919637 -0.369983
15.282755 51.792426 10.636611 0.135445
19.164131 51.792426 10.973096 -0.272590
23.045507 51.792426 10.752501 -0.487000
26.926883 51.792426 10.779581 -0.194368
30.808259 51.792426 10.665885 -0.794485
34.689635 51.792426 10.632376 -0.203824
38.571011 51.792426 10.603797 -0.566470
42.452387 51.792426 10.255898 -0.288934
46.333763 51.792426 10.566648 -0.685043
50.215140 51.792426 10.230623 -0.499116
54.096516 51.792426 10.169072 -0.695662
57.977892 51.792426 10.228942 -0.733413
61.859268 51.792426 0.000000 0.000000
65.740644 51.792426 0.000000 0.000000
69.622020 51.792426 9.863689 -0.562754
73.503396 51.792426 9.452744 -0.233697
77.384772 51.792426 10.162045 -0.559000
81.266148 51.792426 9.506119 -0.282302
85.147524 51.792426 9.751181 -0.165907
89.028900 51.792426 10.034770 -0.219856
92.910276 51.792426 9.337682 -0.167556
96.791652 51.792426 9.628857 0.266371
100.673028 51.792426 9.815683 -0.184116
104.554404 51.792426 10.111001 -0.453805
108.435780 51.792426 9.522103 0.139049
112.317156 51.792426 9.898654 -0.506082
116.198532 51.792426 9.422102 0.172889
120.079908 51.792426 9.587531 0.418151
123.961284 51.792426 9.623705 0.077651
127.842660 51.792426 10.036864 -0.103413
131.724036 51.792426 10.395269 -0.317376
135.605412 51.792426 9.742208 -0.190745
139.486788 51.792426 9.886550 0.378720
-54.582013 47.911049 9.192093 0.221067
-50.700637 47.911049 9.696506 0.731558
-46.819261 47.911049 9.422555 0.855500
-42.937885 47.911049 9.468541 1.342038
-39.056509 47.911049 9.416485 1.733347
-35.175133 47.911049 0.000000 0.000000
-31.293757 47.911049 0.000000 0.000000
-27.412381 47.911049 0.000000 0.000000
-23.531005 47.911049 10.875424 1.275116
-19.649629 47.911049 11.045792 1.060064
-15.768253 47.911049 11.966159 0.807042
-11.886877 47.911049 11.660922 0.381606
-8.005501 47.911049 11.454177 0.670340
-4.124125 47.911049 11.632882 -0.010955
-0.242749 47.911049 11.342763 -0.035293
3.638627 47.911049 10.860967 -0.122442
7.520003 47.911049 11.212180 -0.238077
11.401379 47.911049 10.985027 -0.393582
15.282755 47.911049 10.827801 -0.408018
19.164131 47.911049 10.591548 -0.633121
23.045507 47.911049 10.588932 -0.553457
26.926883 47.911049 10.576526 -0.442362
30.808259 47.911049 10.582398 -0.584419
34.689635 47.911049 10.546364 -0.527313
38.571011 47.911049 10.698789 -0.443485
42.452387 47.911049 10.747640 -0.592579
46.333763 47.911049 10.382872 -0.948380
50.215140 47.911049 10.204487 -0.889023
54.096516 47.911049 10.154537 -0.705624
57.977892 47.911049 10.034967 -0.787327
61.859268 47.911049 0.000000 0.000000
65.740644 47.911049 0.000000 0.000000
69.622020 47.911049 9.764701 -0.765144
73.503396 47.911049 9.458337 -0.479566
77.384772 47.911049 9.616598 -0.232167
81.266148 47.911049 10.026130 -0.042128
85.147524 47.911049 10.139978 -0.551165
89.028900 47.911049 9.469991 -0.598036
92.910276 47.911049 9.487284 -0.356265
96.791652 47.911049 10.010118 0.172290
100.673028 47.911049 10.169804 0.564929
104.554404 47.911049 9.996552 0.299772
108.435780 47.911049 10.085769 -0.364268
112.317156 47.911049 9.876399 0.032025
116.198532 47.911049 9.133038 0.442125
120.079908 47.911049 9.624590 2.283092
123.961284 47.911049 10.090155 2.385923
127.842660 47.911049 10.831049 0.708742
131.724036 47.911049 10.202655 -0.453775
135.605412 47.911049 10.228192 -0.420043
139.486788 47.911049 9.154503 0.286033
-54.582013 44.029673 8.476752 0.891544
-50.700637 44.029673 9.965070 0.294381
-46.819261 44.029673 9.100245 1.074491
-42.937885 44.029673 8.917205 1.077121
-39.056509 44.029673 9.514302 1.634039
-35.175133 44.029673 0.000000 0.000000
-31.293757 44.029673 0.000000 0.000000
-27.412381 44.029673 11.153921 2.222126
-23.531005 44.029673 11.400892 1.488666
-19.649629 44.029673 11.768779 1.598845
-15.768253 44.029673 11.716726 0.994255
-11.886877 44.029673 11.887658 0.145459
-8.005501 44.029673 11.626395 0.679899
-4.124125 44.029673 10.968598 0.451250
-0.242749 44.029673 11.483570 -0.004467
3.638627 44.029673 0.000000 0.000000
7.520003 44.029673 10.996388 0.177664
11.401379 44.029673 11.029946 -0.005409
15.282755 44.029673 11.004572 -0.639349
19.164131 44.029673 10.821357 -0.142355
23.045507 44.029673 10.591141 -0.783310
26.926883 44.029673 10.943885 -0.373354
30.808259 44.029673 10.761595 -0.380382
34.689635 44.029673 10.596558 -0.645279
38.571011 44.029673 10.417315 -0.358008
42.452387 44.029673 10.798197 -0.493502
46.333763 44.029673 10.382869 -1.057097
50.215140 44.029673 10.270493 -1.026559
54.096516 44.029673 10.203358 -0.929146
57.977892 44.029673 10.238384 -1.086679
61.859268 44.029673 0.000000 0.000000
65.740644 44.029673 0.000000 0.000000
69.622020 44.029673 9.293025 -0.957745
73.503396 44.029673 8.796713 -0.586768
77.384772 44.029673 8.989533 0.307605
81.266148 44.029673 9.630117 0.873765
85.147524 44.029673 10.627620 -0.635205
89.028900 44.029673 10.076586 -0.362724
92.910276 44.029673 9.175547 -0.576825
96.791652 44.029673 8.969196 -0.258189
100.673028 44.029673 9.401175 0.615211
104.554404 44.029673 10.542765 1.124498
108.435780 44.029673 10.448353 -0.820235
112.317156 44.029673 8.987747 -0.375803
116.198532 44.029673 7.863054 0.713255
120.079908 44.029673 7.727746 1.498429
123.961284 44.029673 9.497031 1.861035
127.842660 44.029673 10.427294 0.711460
131.724036 44.029673 10.280083 -1.438443
135.605412 44.029673 9.271791 -0.641574
139.486788 44.029673 8.342191 0.340467
-54.582013 40.148297 0.000000 0.000000
-50.700637 40.148297 8.600483 1.220672
-46.819261 40.148297 8.914411 0.375691
-42.937885 40.148297 9.311215 0.871321
-39.056509 40.148297 8.462504 1.298407
-35.175133 40.148297 0.000000 0.000000
-31.293757 40.148297 0.000000 0.000000
-27.412381 40.148297 0.000000 0.000000
-23.531005 40.148297 0.000000 0.000000
-19.649629 40.148297 0.000000 0.000000
-15.768253 40.148297 0.000000 0.000000
-11.886877 40.148297 0.000000 0.000000
-8.005501 40.148297 0.000000 0.000000
-4.124125 40.148297 0.000000 0.000000
-0.242749 40.148297 0.000000 0.000000
3.638627 40.148297 0.000000 0.000000
7.520003 40.148297 0.000000 0.000000
11.401379 40.148297 0.000000 0.000000
15.282755 40.148297 0.000000 0.000000
19.164131 40.148297 0.000000 0.000000
23.045507 40.148297 0.000000 0.000000
26.926883 40.148297 0.000000 0.000000
30.808259 40.148297 0.000000 0.000000
34.689635 40.148297 0.000000 0.000000
38.571011 40.148297 0.000000 0.000000
42.452387 40.148297 11.339755 -0.066369
46.333763 40.148297 10.403209 -0.598582
50.215140 40.148297 9.049378 -0.802144
54.096516 40.148297 10.212307 -0.848492
57.977892 40.148297 10.375210 -1.531893
61.859268 40.148297 9.202118 -1.077304
65.740644 40.148297 0.000000 0.000000
69.622020 40.148297 9.153205 -2.031282
73.503396 40.148297 8.374000 -1.371311
77.384772 40.148297 7.726444 -0.007035
81.266148 40.148297 0.000000 0.000000
85.147524 40.148297 9.103745 -1.656776
89.028900 40.148297 9.335325 -1.315989
92.910276 40.148297 9.006015 -1.233424
96.791652 40.148297 7.302020 -0.883207
100.673028 40.148297 8.193542 2.760298
104.554404 40.148297 10.030624 3.028716
108.435780 40.148297 8.937881 -1.948759
112.317156 40.148297 8.164368 -1.066598
116.198532 40.148297 7.520110 -0.499500
120.079908 40.148297 7.587929 1.468071
123.961284 40.148297 8.658733 3.234519
127.842660 40.148297 9.365421 -2.238194
131.724036 40.148297 9.314087 -1.330874
135.605412 40.148297 8.888598 -1.382545
139.486788 40.148297 7.709843 -0.595772
-54.582013 36.266921 9.005401 -0.369958
-50.700637 36.266921 9.112802 0.051714
-46.819261 36.266921 8.864149 0.582238
-42.937885 36.266921 8.646707 0.038863
-39.056509 36.266921 7.392479 2.173615
-35.175133 36.266921 0.000000 0.000000
-31.293757 36.266921 0.000000 0.000000
-27.412381 36.266921 0.000000 0.000000
-23.531005 36.266921 0.000000 0.000000
-19.649629 36.266921 0.000000 0.000000
-15.768253 36.266921 0.000000 0.000000
-11.886877 36.266921 0.000000 0.000000
-8.005501 36.266921 0.000000 0.000000
-4.124125 36.266921 0.000000 0.000000
-0.242749 36.266921 0.000000 0.000000
3.638627 36.266921 0.000000 0.000000
7.520003 36.266921 0.000000 0.000000
11.401379 36.266921 0.000000 0.000000
15.282755 36.266921 0.000000 0.000000
19.164131 36.266921 0.000000 0.000000
23.045507 36.266921 0.000000 0.000000
26.926883 36.266921 0.000000 0.000000
30.808259 36.266921 0.000000 0.000000
34.689635 36.266921 0.000000 0.000000
38.571011 36.266921 0.000000 0.000000
42.452387 36.266921 0.000000 0.000000
46.333763 36.266921 0.000000 0.000000
50.215140 36.266921 0.000000 0.000000
54.096516 36.266921 0.000000 0.000000
57.977892 36.266921 0.000000 0.000000
61.859268 36.266921 0.000000 0.000000
65.740644 36.266921 0.000000 0.000000
69.622020 36.266921 0.000000 0.000000
73.503396 36.266921 8.133281 -2.500443
77.384772 36.266921 5.934719 -3.128529
81.266148 36.266921 7.491549 3.568301
85.147524 36.266921 7.270704 -1.142096
89.028900 36.266921 8.535197 -1.039505
92.910276 36.266921 9.481747 -1.596544
96.791652 36.266921 7.246258 -1.823559
100.673028 36.266921 9.067269 3.498065
104.554404 36.266921 7.691187 1.835222
108.435780 36.266921 8.409649 -1.198358
112.317156 36.266921 8.629198 -1.293087
116.198532 36.266921 8.653486 -1.088303
120.079908 36.266921 9.060752 2.229307
123.961284 36.266921 9.117411 2.378034
127.842660 36.266921 8.140462 0.146866
131.724036 36.266921 8.619260 -1.570204
135.605412 36.266921 9.457282 -1.250205
139.486788 36.266921 10.261562 -1.329181
-54.582013 32.385545 8.587707 0.005133
-50.700637 32.385545 9.718822 0.494556
-46.819261 32.385545 0.000000 0.000000
-42.937885 32.385545 0.000000 0.000000
-39.056509 32.385545 0.000000 0.000000
-35.175133 32.385545 0.000000 0.000000
-31.293757 32.385545 0.000000 0.000000
-27.412381 32.385545 0.000000 0.000000
-23.531005 32.385545 0.000000 0.000000
-19.649629 32.385545 0.000000 0.000000
-15.768253 32.385545 0.000000 0.000000
-11.886877 32.385545 0.000000 0.000000
-8.005501 32.385545 0.000000 0.000000
-4.124125 32.385545 0.000000 0.000000
-0.242749 32.385545 0.000000 0.000000
3.638627 32.385545 0.000000 0.000000
7.520003 32.385545 0.000000 0.000000
11.401379 32.385545 0.000000 0.000000
15.282755 32.385545 0.000000 0.000000
19.164131 32.385545 0.000000 0.000000
23.045507 32.385545 0.000000 0.000000
26.926883 32.385545 0.000000 0.000000
30.808259 32.385545 0.000000 0.000000
34.689635 32.385545 0.000000 0.000000
38.571011 32.385545 0.000000 0.000000
42.452387 32.385545 0.000000 0.000000
46.333763 32.385545 0.000000 0.000000
50.215140 32.385545 0.000000 0.000000
54.096516 32.385545 0.000000 0.000000
57.977892 32.385545 0.000000 0.000000
61.859268 32.385545 0.000000 0.000000
65.740644 32.385545 0.000000 0.000000
69.622020 32.385545 0.000000 0.000000
73.503396 32.385545 0.000000 0.000000
77.384772 32.385545 10.415236 0.649238
81.266148 32.385545 8.851830 1.108458
85.147524 32.385545 8.356035 0.691993
89.028900 32.385545 9.078741 -0.277846
92.910276 32.385545 10.169427 -0.746104
96.791652 32.385545 11.087021 -0.557701
100.673028 32.385545 10.142838 1.230770
104.554404 32.385545 8.994706 0.952505
108.435780 32.385545 8.866808 -0.051931
112.317156 32.385545 9.557913 -0.290615
116.198532 32.385545 9.911178 0.972863
120.079908 32.385545 10.258197 0.427923
123.961284 32.385545 9.574063 0.886143
127.842660 32.385545 8.997042 0.278730
131.724036 32.385545 9.500427 -0.593744
135.605412 32.385545 9.783057 -1.182264
139.486788 32.385545 10.220981 -1.049791
-54.582013 28.504169 0.000000 0.000000
-50.700637 28.504169 0.000000 0.000000
-46.819261 28.504169 0.000000 0.000000
-42.937885 28.504169 0.000000 0.000000
-39.056509 28.504169 0.000000 0.000000
-35.175133 28.504169 0.000000 0.000000
-31.293757 28.504169 0.000000 0.000000
-27.412381 28.504169 0.000000 0.000000
-23.531005 28.504169 0.000000 0.000000
-19.649629 28.504169 0.000000 0.000000
-15.768253 28.504169 0.000000 0.000000
-11.886877 28.504169 0.000000 0.000000
-8.005501 28.504169 0.000000 0.000000
-4.124125 28.504169 0.000000 0.000000
-0.242749 28.504169 0.000000 0.000000
3.638627 28.504169 0.000000 0.000000
7.520003 28.504169 0.000000 0.000000
11.401379 28.504169 0.000000 0.000000
15.282755 28.504169 0.000000 0.000000
19.164131 28.504169 0.000000 0.000000
23.045507 28.504169 0.000000 0.000000
26.926883 28.504169 0.000000 0.000000
30.808259 28.504169 0.000000 0.000000
34.689635 28.504169 0.000000 0.000000
38.571011 28.504169 0.000000 0.000000
42.452387 28.504169 0.000000 0.000000
46.333763 28.504169 0.000000 0.000000
50.215140 28.504169 0.000000 0.000000
54.096516 28.504169 0.000000 0.000000
57.977892 28.504169 0.000000 0.000000
61.859268 28.504169 0.000000 0.000000
65.740644 28.504169 0.000000 0.000000
69.622020 28.504169 0.000000 0.000000
73.503396 28.504169 0.000000 0.000000
77.384772 28.504169 0.000000 0.000000
81.266148 28.504169 9.945168 0.751179
85.147524 28.504169 9.394865 0.851040
89.028900 28.504169 9.487357 0.580463
92.910276 28.504169 9.749866 -0.568478
96.791652 28.504169 9.786413 -0.080380
100.673028 28.504169 9.831684 0.499559
104.554404 28.504169 9.322860 0.328267
108.435780 28.504169 9.626077 0.071431
112.317156 28.504169 9.620370 -0.173493
116.198532 28.504169 10.163612 -0.422926
120.079908 28.504169 10.286736 0.226903
123.961284 28.504169 9.824009 0.450970
127.842660 28.504169 9.883586 0.158544
131.724036 28.504169 9.869850 0.321407
135.605412 28.504169 10.045329 -0.502927
139.486788 28.504169 10.201658 -0.199280
-54.582013 24.622793 0.000000 0.000000
-50.700637 24.622793 0.000000 0.000000
-46.819261 24.622793 0.000000 0.000000
-42.937885 24.622793 0.000000 0.000000
-39.056509 24.622793 0.000000 0.000000
-35.175133 24.622793 0.000000 0.000000
-31.293757 24.622793 0.000000 0.000000
-27.412381 24.622793 0.000000 0.000000
-23.531005 24.622793 0.000000 0.000000
-19.649629 24.622793 0.000000 0.000000
-15.768253 24.622793 0.000000 0.000000
-11.886877 24.622793 0.000000 0.000000
-8.005501 24.622793 0.000000 0.000000
-4.124125 24.622793 0.000000 0.000000
-0.242749 24.622793 0.000000 0.000000
3.638627 24.622793 0.000000 0.000000
7.520003 24.622793 0.000000 0.000000
11.401379 24.622793 0.000000 0.000000
15.282755 24.622793 0.000000 0.000000
19.164131 24.622793 0.000000 0.000000
23.045507 24.622793 0.000000 0.000000
26.926883 24.622793 0.000000 0.000000
30.808259 24.622793 0.000000 0.000000
34.689635 24.622793 0.000000 0.000000
38.571011 24.622793 0.000000 0.000000
42.452387 24.622793 0.000000 0.000000
46.333763 24.622793 0.000000 0.000000
50.215140 24.622793 0.000000 0.000000
54.096516 24.622793 0.000000 0.000000
57.977892 24.622793 0.000000 0.000000
61.859268 24.622793 0.000000 0.000000
65.740644 24.622793 0.000000 0.000000
69.622020 24.622793 9.669290 0.783278
73.503396 24.622793 9.797860 0.806310
77.384772 24.622793 9.830348 0.725293
81.266148 24.622793 9.825499 0.610558
85.147524 24.622793 9.615067 0.449751
89.028900 24.622793 9.561491 0.150518
92.910276 24.622793 9.950315 0.241598
96.791652 24.622793 9.643965 -0.002156
100.673028 24.622793 9.995910 0.118446
104.554404 24.622793 9.586634 0.328954
108.435780 24.622793 9.917893 -0.212692
112.317156 24.622793 9.715239 -0.060155
116.198532 24.622793 9.753210 -0.207720
120.079908 24.622793 9.792287 0.401683
123.961284 24.622793 9.037621 0.589280
127.842660 24.622793 9.825910 0.205010
131.724036 24.622793 9.674237 -0.167735
135.605412 24.622793 9.720736 -0.227662
139.486788 24.622793 9.934831 0.106611
-54.582013 20.741417 0.000000 0.000000
-50.700637 20.741417 0.000000 0.000000
-46.819261 20.741417 0.000000 0.000000
-42.937885 20.741417 0.000000 0.000000
-39.056509 20.741417 9.172141 -0.372503
-35.175133 20.741417 9.997924 -0.784697
-31.293757 20.741417 0.000000 0.000000
-27.412381 20.741417 0.000000 0.000000
-23.531005 20.741417 0.000000 0.000000
-19.649629 20.741417 0.000000 0.000000
-15.768253 20.741417 0.000000 0.000000
-11.886877 20.741417 0.000000 0.000000
-8.005501 20.741417 0.000000 0.000000
-4.124125 20.741417 0.000000 0.000000
-0.242749 20.741417 0.000000 0.000000
3.638627 20.741417 0.000000 0.000000
7.520003 20.741417 0.000000 0.000000
11.401379 20.741417 10.819965 0.100333
15.282755 20.741417 10.666675 0.407206
19.164131 20.741417 10.702432 0.411505
23.045507 20.741417 10.595811 -0.042801
26.926883 20.741417 10.682837 0.676701
30.808259 20.741417 10.687409 0.686764
34.689635 20.741417 10.522535 0.561867
38.571011 20.741417 10.399816 0.726846
42.452387 20.741417 10.454757 0.882870
46.333763 20.741417 10.208037 0.669276
50.215140 20.741417 10.270486 0.724506
54.096516 20.741417 10.149059 0.658764
57.977892 20.741417 9.879094 0.689951
61.859268 20.741417 9.779788 0.983166
65.740644 20.741417 9.837896 0.593955
69.622020 20.741417 9.874069 0.578762
73.503396 20.741417 10.383464 0.562527
77.384772 20.741417 10.079513 0.348803
81.266148 20.741417 9.406639 0.619889
85.147524 20.741417 9.578326 0.345168
89.028900 20.741417 9.926295 0.113367
92.910276 20.741417 9.923269 -0.011404
96.791652 20.741417 9.378593 0.528585
100.673028 20.741417 9.950115 0.192719
104.554404 20.741417 9.871818 0.202325
108.435780 20.741417 9.668595 0.274627
112.317156 20.741417 9.726325 -0.037199
116.198532 20.741417 9.935010 -0.202814
120.079908 20.741417 9.693412 0.339219
123.961284 20.741417 9.909195 0.119235
127.842660 20.741417 9.845858 0.066169
131.724036 20.741417 9.713354 0.240415
135.605412 20.741417 10.067967 0.243107
139.486788 20.741417 9.904670 0.175599
-54.582013 16.860041 0.000000 0.000000
-50.700637 16.860041 0.000000 0.000000
-46.819261 16.860041 9.033033 -0.192202
-42.937885 16.860041 8.570874 -1.596616
-39.056509 16.860041 9.087024 -1.025438
-35.175133 16.860041 10.037028 -0.660727
-31.293757 16.860041 9.774405 -1.086350
-27.412381 16.860041 10.240186 -0.652827
-23.531005 16.860041 10.216813 -0.906892
-19.649629 16.860041 10.445062 -1.100117
-15.768253 16.860041 11.040388 -0.262777
-11.886877 16.860041 10.741310 -0.527174
-8.005501 16.860041 10.818469 -0.311416
-4.124125 16.860041 10.885632 -0.374128
-0.242749 16.860041 10.950159 -0.197164
3.638627 16.860041 10.884413 0.142410
7.520003 16.860041 10.744876 0.171896
11.401379 16.860041 10.793308 0.087360
15.282755 16.860041 10.725860 0.292580
19.164131 16.860041 10.726865 0.297896
23.045507 16.860041 10.638227 0.358224
26.926883 16.860041 10.469328 0.601055
30.808259 16.860041 10.733849 0.012451
34.689635 16.860041 10.324516 0.541117
38.571011 16.860041 10.502007 0.422798
42.452387 16.860041 10.519768 0.828971
46.333763 16.860041 10.317324 0.651700
50.215140 16.860041 10.208704 0.642026
54.096516 16.860041 9.981357 0.827805
57.977892 16.860041 10.068143 0.693185
61.859268 16.860041 10.021219 0.629136
65.740644 16.860041 9.899653 0.544157
69.622020 16.860041 9.965422 0.543224
73.503396 16.860041 9.843224 0.591862
77.384772 16.860041 9.415190 0.577062
81.266148 16.860041 9.845321 0.460415
85.147524 16.860041 9.799767 0.341814
89.028900 16.860041 9.609447 0.289935
92.910276 16.860041 9.621962 0.271391
96.791652 16.860041 9.988630 0.227617
100.673028 16.860041 9.872240 0.591289
104.554404 16.860041 10.017379 0.101425
108.435780 16.860041 9.760663 0.348831
112.317156 16.860041 9.448479 0.245076
116.198532 16.860041 9.518435 -0.206184
120.079908 16.860041 10.021364 0.366613
123.961284 16.860041 9.892636 0.232147
127.842660 16.860041 9.459405 0.098318
131.724036 16.860041 9.728324 0.201004
135.605412 16.860041 9.990320 0.192361
139.486788 16.860041 9.513990 0.102405
-54.582013 12.978665 0.000000 0.000000
-50.700637 12.978665 9.555954 -0.646999
-46.819261 12.978665 10.002891 -0.413894
-42.937885 12.978665 9.656244 -0.511341
-39.056509 12.978665 10.553292 -0.156777
-35.175133 12.978665 9.612058 -0.878529
-31.293757 12.978665 10.498136 -0.850637
-27.412381 12.978665 10.298821 -0.097439
-23.531005 12.978665 10.014279 -0.397530
-19.649629 12.978665 10.540195 -0.469089
-15.768253 12.978665 10.993553 -0.471492
-11.886877 12.978665 10.833282 -0.385508
-8.005501 12.978665 10.839133 0.024355
-4.124125 12.978665 10.782111 -0.156768
-0.242749 12.978665 10.706858 -0.234386
3.638627 12.978665 10.817948 -0.087551
7.520003 12.978665 10.590034 0.143063
11.401379 12.978665 10.720650 0.060416
15.282755 12.978665 10.648977 0.260586
19.164131 12.978665 10.599629 0.412717
23.045507 12.978665 10.717925 0.560957
26.926883 12.978665 10.561235 0.494576
30.808259 12.978665 10.176405 0.312045
34.689635 12.978665 10.147187 0.428210
38.571011 12.978665 10.482209 0.152963
42.452387 12.978665 10.234797 0.577258
46.333763 12.978665 10.368196 0.682327
50.215140 12.978665 10.245519 0.750862
54.096516 12.978665 10.211625 0.582144
57.977892 12.978665 10.086568 0.587437
61.859268 12.978665 10.180541 0.551762
65.740644 12.978665 9.858616 0.329180
69.622020 12.978665 10.076854 0.397329
73.503396 12.978665 10.144056 0.519222
77.384772 12.978665 9.838084 0.477950
81.266148 12.978665 9.849044 0.456971
85.147524 12.978665 10.149022 -0.090354
89.028900 12.978665 10.026867 0.612742
92.910276 12.978665 9.760638 0.215502
96.791652 12.978665 9.821427 0.335546
100.673028 12.978665 9.834102 0.386034
104.554404 12.978665 9.896421 0.332515
108.435780 12.978665 10.058966 0.369705
112.317156 12.978665 9.852727 0.081910
116.198532 12.978665 9.974573 0.060680
120.079908 12.978665 9.919651 0.061511
123.961284 12.978665 9.866000 0.316521
127.842660 12.978665 9.916724 0.118194
131.724036 12.978665 9.720504 -0.236627
135.605412 12.978665 9.986480 -0.106402
139.486788 12.978665 9.908337 0.041550
-54.582013 9.097289 0.000000 0.000000
-50.700637 9.097289 0.000000 0.000000
-46.819261 9.097289 0.000000 0.000000
-42.937885 9.097289 9.384933 -0.283238
-39.056509 9.097289 9.780420 -1.109218
-35.175133 9.097289 10.102611 -0.507655
-31.293757 9.097289 10.034218 -0.317386
-27.412381 9.097289 10.124900 -0.456595
-23.531005 9.097289 10.292544 -0.748070
-19.649629 9.097289 10.260778 -0.611616
-15.768253 9.097289 10.256692 -0.249353
-11.886877 9.097289 10.532224 -0.070263
-8.005501 9.097289 10.625476 -0.111337
-4.124125 9.097289 10.720677 -0.184047
-0.242749 9.097289 10.665693 -0.163457
3.638627 9.097289 10.621771 0.264099
7.520003 9.097289 10.665703 0.211142
11.401379 9.097289 10.873197 0.172021
15.282755 9.097289 10.702308 0.183100
19.164131 9.097289 10.521372 0.284362
23.045507 9.097289 10.505761 0.436788
26.926883 9.097289 10.532248 0.450473
30.808259 9.097289 10.495924 0.501763
34.689635 9.097289 10.255408 0.333218
38.571011 9.097289 10.273620 0.235011
42.452387 9.097289 10.129762 0.640052
46.333763 9.097289 10.400818 0.590838
50.215140 9.097289 10.130999 0.479515
54.096516 9.097289 10.169350 0.442058
57.977892 9.097289 10.224566 0.625753
61.859268 9.097289 10.070188 0.576488
65.740644 9.097289 10.006317 0.480198
69.622020 9.097289 9.840577 0.580680
73.503396 9.097289 9.791713 0.506638
77.384772 9.097289 9.835388 0.404065
81.266148 9.097289 9.564788 0.356307
85.147524 9.097289 9.809166 0.192475
89.028900 9.097289 9.642018 0.337895
92.910276 9.097289 9.683954 0.270913
96.791652 9.097289 9.693680 0.319276
100.673028 9.097289 9.332974 0.632820
104.554404 9.097289 9.756548 0.274127
108.435780 9.097289 9.814619 0.241839
112.317156 9.097289 9.965612 -0.109767
116.198532 9.097289 10.014779 0.364145
120.079908 9.097289 10.010612 -0.003290
123.961284 9.097289 9.854618 0.259566
127.842660 9.097289 9.739154 0.028965
131.724036 9.097289 9.949921 -0.041842
135.605412 9.097289 9.848285 0.038490
139.486788 9.097289 9.787212 -0.171467
-54.582013 5.215913 0.000000 0.000000
-50.700637 5.215913 9.096682 -0.920025
-46.819261 5.215913 9.872774 -0.326404
-42.937885 5.215913 10.541700 0.210635
-39.056509 5.215913 10.404501 -0.668167
-35.175133 5.215913 10.146980 -0.572964
-31.293757 5.215913 10.111211 -0.575885
-27.412381 5.215913 10.186380 -0.565897
-23.531005 5.215913 10.315880 -0.188669
-19.649629 5.215913 10.512877 -0.391442
-15.768253 5.215913 10.518935 -0.202334
-11.886877 5.215913 10.571321 -0.300632
-8.005501 5.215913 10.525977 -0.331497
-4.124125 5.215913 10.603455 -0.069076
-0.242749 5.215913 10.592103 0.041609
3.638627 5.215913 10.689421 -0.221633
7.520003 5.215913 10.606598 0.153848
11.401379 5.215913 10.506495 0.213844
15.282755 5.215913 10.478184 0.433175
19.164131 5.215913 10.489705 0.454998
23.045507 5.215913 10.359179 0.218746
26.926883 5.215913 10.554357 0.467072
30.808259 5.215913 10.204309 0.381502
34.689635 5.215913 10.388014 0.386066
38.571011 5.215913 10.485090 0.436885
42.452387 5.215913 10.211335 0.509145
46.333763 5.215913 10.338055 0.338326
50.215140 5.215913 10.021898 0.368925
54.096516 5.215913 10.257737 0.539238
57.977892 5.215913 10.169982 0.519163
61.859268 5.215913 10.079309 0.707652
65.740644 5.215913 9.856185 0.358207
69.622020 5.215913 10.187466 0.223053
73.503396 5.215913 9.547638 0.458684
77.384772 5.215913 9.846357 0.432112
81.266148 5.215913 9.953468 0.365934
85.147524 5.215913 9.856130 0.287589
89.028900 5.215913 9.858773 0.307545
92.910276 5.215913 9.733120 0.373959
96.791652 5.215913 9.798589 0.382279
100.673028 5.215913 9.908251 0.342825
104.554404 5.215913 10.022931 0.208830
108.435780 5.215913 9.706863 0.193199
112.317156 5.215913 9.805745 0.094186
116.198532 5.215913 9.963731 0.213801
120.079908 5.215913 9.857662 0.185469
123.961284 5.215913 9.831412 0.084485
127.842660 5.215913 9.817485 0.145607
131.724036 5.215913 9.963546 0.124194
135.605412 5.215913 10.122430 -0.035139
139.486788 5.215913 9.822757 0.285730
-54.582013 1.334537 0.000000 0.000000
-50.700637 1.334537 0.000000 0.000000
-46.819261 1.334537 9.695472 0.269396
-42.937885 1.334537 9.764081 -0.073913
-39.056509 1.334537 10.060863 -0.338296
-35.175133 1.334537 10.079242 -0.613407
-31.293757 1.334537 10.138065 -0.446994
-27.412381 1.334537 10.224954 -0.690791
-23.531005 1.334537 10.331306 -0.440575
-19.649629 1.334537 10.280761 -0.286723
-15.768253 1.334537 10.181473 -0.068656
-11.886877 1.334537 10.378991 -0.503211
-8.005501 1.334537 10.447279 -0.352217
-4.124125 1.334537 10.432599 0.143687
-0.242749 1.334537 10.661585 -0.069710
3.638627 1.334537 10.747332 0.079656
7.520003 1.334537 10.499564 -0.212635
11.401379 1.334537 10.440829 -0.074335
15.282755 1.334537 10.789215 0.069901
19.164131 1.334537 10.450490 -0.219984
23.045507 1.334537 10.467339 -0.170860
26.926883 1.334537 10.336575 0.227364
30.808259 1.334537 10.350548 0.414179
34.689635 1.334537 10.451194 0.150470
38.571011 1.334537 10.379189 0.523686
42.452387 1.334537 10.017863 0.608607
46.333763 1.334537 10.523226 0.173496
50.215140 1.334537 10.393251 0.746929
54.096516 1.334537 10.178357 0.619089
57.977892 1.334537 10.137883 0.592794
61.859268 1.334537 10.210434 0.410905
65.740644 1.334537 9.974588 0.288068
69.622020 1.334537 10.016027 0.515061
73.503396 1.334537 9.883126 0.443767
77.384772 1.334537 9.843884 0.440767
81.266148 1.334537 9.868586 0.391574
85.147524 1.334537 10.074115 0.385705
89.028900 1.334537 10.055903 0.338095
92.910276 1.334537 9.754213 0.293346
96.791652 1.334537 9.944320 0.245523
100.673028 1.334537 9.643592 0.258204
104.554404 1.334537 9.695725 0.230964
108.435780 1.334537 9.960270 0.104307
112.317156 1.334537 9.871247 0.331607
116.198532 1.334537 9.882136 0.173215
120.079908 1.334537 9.854985 0.135811
123.961284 1.334537 9.861627 0.254403
127.842660 1.334537 9.872889 0.033775
131.724036 1.334537 10.027185 -0.079971
135.605412 1.334537 9.776573 0.237522
139.486788 1.334537 9.899515 0.250692
-54.582013 -2.546839 0.000000 0.000000
-50.700637 -2.546839 0.000000 0.000000
-46.819261 -2.546839 0.000000 0.000000
-42.937885 -2.546839 9.624744 0.174822
-39.056509 -2.546839 0.000000 0.000000
-35.175133 -2.546839 9.939445 -0.124505
-31.293757 -2.546839 10.109323 -0.223908
-27.412381 -2.546839 10.284429 -0.286059
-23.531005 -2.546839 10.294636 -0.223482
-19.649629 -2.546839 10.358991 -0.415117
-15.768253 -2.546839 10.308461 -0.051473
-11.886877 -2.546839 10.417854 0.136299
-8.005501 -2.546839 10.388489 -0.033126
-4.124125 -2.546839 10.621284 -0.146594
-0.242749 -2.546839 10.378988 0.240593
3.638627 -2.546839 10.477336 -0.109821
7.520003 -2.546839 10.500129 0.184411
11.401379 -2.546839 10.391127 0.176801
15.282755 -2.546839 10.478064 0.193953
19.164131 -2.546839 10.376172 0.138861
23.045507 -2.546839 10.449337 0.393836
26.926883 -2.546839 10.346313 0.145203
30.808259 -2.546839 10.403631 0.384861
34.689635 -2.546839 10.247515 0.340874
38.571011 -2.546839 10.367026 0.515881
42.452387 -2.546839 10.170538 0.319752
46.333763 -2.546839 10.227045 0.529830
50.215140 -2.546839 10.073186 0.517981
54.096516 -2.546839 10.117513 0.540525
57.977892 -2.546839 10.032386 0.466117
61.859268 -2.546839 10.189459 0.544516
65.740644 -2.546839 10.151786 0.431691
69.622020 -2.546839 10.027268 0.327043
73.503396 -2.546839 10.046492 0.516312
77.384772 -2.546839 10.017756 0.464006
81.266148 -2.546839 10.071854 0.339142
85.147524 -2.546839 9.921021 0.311681
89.028900 -2.546839 10.054505 0.171230
92.910276 -2.546839 10.114570 0.272752
96.791652 -2.546839 9.932252 0.271650
100.673028 -2.546839 9.902312 0.325332
104.554404 -2.546839 9.886877 0.209045
108.435780 -2.546839 10.047831 0.198713
112.317156 -2.546839 9.740079 0.278902
116.198532 -2.546839 9.800955 0.105061
120.079908 -2.546839 9.923532 0.208827
123.961284 -2.546839 9.869094 0.331442
127.842660 -2.546839 9.999753 0.258593
131.724036 -2.546839 9.903102 0.126736
135.605412 -2.546839 9.886742 0.113020
139.486788 -2.546839 9.805553 0.259812
-54.582013 -6.428215 0.000000 0.000000
-50.700637 -6.428215 5.893168 0.701523
-46.819261 -6.428215 9.713977 0.520928
-42.937885 -6.428215 10.251043 -0.177285
-39.056509 -6.428215 9.977139 -0.314627
-35.175133 -6.428215 10.258080 -0.591878
-31.293757 -6.428215 10.293442 0.004160
-27.412381 -6.428215 10.283380 0.329130
-23.531005 -6.428215 10.229759 0.035285
-19.649629 -6.428215 10.357618 -0.051404
-15.768253 -6.428215 10.388886 -0.195992
-11.886877 -6.428215 10.376052 -0.483285
-8.005501 -6.428215 10.266507 0.226246
-4.124125 -6.428215 10.328619 0.051236
-0.242749 -6.428215 10.510021 0.244088
3.638627 -6.428215 10.453665 -0.077252
7.520003 -6.428215 10.481791 0.154052
11.401379 -6.428215 10.534417 0.243352
15.282755 -6.428215 10.427911 0.158896
19.164131 -6.428215 10.333999 0.271424
23.045507 -6.428215 10.483712 0.227788
26.926883 -6.428215 10.384593 0.405548
30.808259 -6.428215 10.385543 0.464966
34.689635 -6.428215 10.362812 0.620088
38.571011 -6.428215 10.373341 0.208428
42.452387 -6.428215 10.237403 0.329287
46.333763 -6.428215 10.154988 0.521554
50.215140 -6.428215 10.127775 0.419318
54.096516 -6.428215 10.299840 0.424018
57.977892 -6.428215 10.080799 0.312382
61.859268 -6.428215 10.177487 0.383973
65.740644 -6.428215 10.132927 0.353447
69.622020 -6.428215 9.980206 0.327243
73.503396 -6.428215 9.999837 0.399751
77.384772 -6.428215 9.919966 0.410012
81.266148 -6.428215 9.955026 0.257328
85.147524 -6.428215 10.089868 0.296287
89.028900 -6.428215 9.828544 0.226846
92.910276 -6.428215 9.923350 0.353805
96.791652 -6.428215 10.023181 0.218848
100.673028 -6.428215 9.870383 0.313265
104.554404 -6.428215 9.894028 0.197018
108.435780 -6.428215 9.996514 0.147515
112.317156 -6.428215 10.021244 0.251941
116.198532 -6.428215 9.812670 0.256673
120.079908 -6.428215 9.895400 0.299802
123.961284 -6.428215 9.937216 0.175565
127.842660 -6.428215 9.877796 0.025559
131.724036 -6.428215 9.936534 0.040898
135.605412 -6.428215 9.926817 0.317652
139.486788 -6.428215 10.056206 0.257589
-54.582013 -10.309591 0.000000 0.000000
-50.700637 -10.309591 10.177055 0.691766
-46.819261 -10.309591 9.787457 0.148505
-42.937885 -10.309591 9.920712 0.352122
-39.056509 -10.309591 10.120974 -0.033229
-35.175133 -10.309591 10.104492 -0.093960
-31.293757 -10.309591 9.468853 0.359683
-27.412381 -10.309591 10.116973 -0.428635
-23.531005 -10.309591 10.458138 -0.046868
-19.649629 -10.309591 10.252629 -0.202379
-15.768253 -10.309591 10.329720 -0.015849
-11.886877 -10.309591 10.368534 -0.327829
-8.005501 -10.309591 10.319862 -0.032415
-4.124125 -10.309591 10.361770 -0.217916
-0.242749 -10.309591 10.297692 -0.066053
3.638627 -10.309591 10.522125 -0.154429
7.520003 -10.309591 10.376604 0.239744
11.401379 -10.309591 10.429188 0.043803
15.282755 -10.309591 10.347105 0.157570
19.164131 -10.309591 10.445024 0.384858
23.045507 -10.309591 10.242083 0.436828
26.926883 -10.309591 10.403131 0.324635
30.808259 -10.309591 10.465939 0.286355
34.689635 -10.309591 10.283997 0.403912
38.571011 -10.309591 10.382524 0.281948
42.452387 -10.309591 10.385775 0.314541
46.333763 -10.309591 10.375617 0.525703
50.215140 -10.309591 10.119012 0.342394
54.096516 -10.309591 10.136360 0.418436
57.977892 -10.309591 10.165704 0.294373
61.859268 -10.309591 10.009297 0.445333
65.740644 -10.309591 9.894758 0.398627
69.622020 -10.309591 9.970100 0.316173
73.503396 -10.309591 10.026581 0.335476
77.384772 -10.309591 9.968916 0.191470
81.266148 -10.309591 10.134244 0.123501
85.147524 -10.309591 9.743617 0.299682
89.028900 -10.309591 9.852536 0.347730
92.910276 -10.309591 9.957929 0.188206
96.791652 -10.309591 10.052701 0.470209
100.673028 -10.309591 9.962833 0.279140
104.554404 -10.309591 9.777215 0.329901
108.435780 -10.309591 9.988556 0.209739
112.317156 -10.309591 9.843489 0.164004
116.198532 -10.309591 9.902072 0.209867
120.079908 -10.309591 9.935143 0.223555
123.961284 -10.309591 9.985660 0.241088
127.842660 -10.309591 9.928452 0.111083
131.724036 -10.309591 9.886242 0.274780
135.605412 -10.309591 9.714134 0.094981
139.486788 -10.309591 9.848621 0.148245
-54.582013 -14.190967 0.000000 0.000000
-50.700637 -14.190967 0.000000 0.000000
-46.819261 -14.190967 9.814014 0.892110
-42.937885 -14.190967 10.392796 0.112645
-39.056509 -14.190967 9.979126 -0.392795
-35.175133 -14.190967 10.113185 -0.190140
-31.293757 -14.190967 10.299763 -0.659087
-27.412381 -14.190967 10.086580 -0.122551
-23.531005 -14.190967 10.158529 0.258300
-19.649629 -14.190967 10.150151 -0.111012
-15.768253 -14.190967 10.154408 -0.208053
-11.886877 -14.190967 10.586399 0.117827
-8.005501 -14.190967 10.325251 -0.188095
-4.124125 -14.190967 10.353274 -0.096174
-0.242749 -14.190967 10.328215 0.144210
3.638627 -14.190967 10.287683 -0.092821
7.520003 -14.190967 10.175856 0.067865
11.401379 -14.190967 10.401802 0.111827
15.282755 -14.190967 10.377874 0.081854
19.164131 -14.190967 10.312307 0.317329
23.045507 -14.190967 10.372952 0.494210
26.926883 -14.190967 10.195903 0.115011
30.808259 -14.190967 10.339718 0.445055
34.689635 -14.190967 10.276603 0.222524
38.571011 -14.190967 10.257330 0.228863
42.452387 -14.190967 10.324366 0.389709
46.333763 -14.190967 10.133352 0.196654
50.215140 -14.190967 10.215296 0.386775
54.096516 -14.190967 10.176126 0.379580
57.977892 -14.190967 10.050881 0.409392
61.859268 -14.190967 10.201393 0.508933
65.740644 -14.190967 10.126588 0.320918
69.622020 -14.190967 10.114484 0.205522
73.503396 -14.190967 9.992514 0.254523
77.384772 -14.190967 10.115184 0.148630
81.266148 -14.190967 10.066638 0.369259
85.147524 -14.190967 10.181309 0.426953
89.028900 -14.190967 9.817025 0.355500
92.910276 -14.190967 9.929868 0.264625
96.791652 -14.190967 9.900156 0.343894
100.673028 -14.190967 9.845932 0.202064
104.554404 -14.190967 10.002576 0.354074
108.435780 -14.190967 9.959755 0.080546
112.317156 -14.190967 10.142458 0.255202
116.198532 -14.190967 10.070679 0.262902
120.079908 -14.190967 9.808654 0.131583
123.961284 -14.190967 10.019477 0.185501
127.842660 -14.190967 9.896724 0.198321
131.724036 -14.190967 9.728777 0.124803
135.605412 -14.190967 10.023952 0.217257
139.486788 -14.190967 10.007030 0.232546
-54.582013 -18.072343 0.000000 0.000000
-50.700637 -18.072343 0.000000 0.000000
-46.819261 -18.072343 0.000000 0.000000
-42.937885 -18.072343 0.000000 0.000000
-39.056509 -18.072343 9.926024 -0.419867
-35.175133 -18.072343 9.775880 0.339873
-31.293757 -18.072343 10.122994 -0.037600
-27.412381 -18.072343 10.233499 -0.120262
-23.531005 -18.072343 10.180939 0.274821
-19.649629 -18.072343 10.332894 0.186443
-15.768253 -18.072343 9.904518 0.083674
-11.886877 -18.072343 10.047349 -0.287643
-8.005501 -18.072343 10.180121 0.023581
-4.124125 -18.072343 10.340988 0.176643
-0.242749 -18.072343 10.379513 0.027105
3.638627 -18.072343 10.486932 -0.092653
7.520003 -18.072343 10.322197 0.095519
11.401379 -18.072343 10.441931 0.163779
15.282755 -18.072343 10.316012 0.211719
19.164131 -18.072343 10.248351 0.142126
23.045507 -18.072343 10.364250 0.207609
26.926883 -18.072343 10.383810 0.494118
30.808259 -18.072343 10.281643 0.318424
34.689635 -18.072343 10.007542 0.356907
38.571011 -18.072343 10.341578 0.436153
42.452387 -18.072343 10.064587 0.415953
46.333763 -18.072343 10.247379 0.072168
50.215140 -18.072343 10.084877 0.253858
54.096516 -18.072343 10.185146 0.355091
57.977892 -18.072343 10.055317 0.481684
61.859268 -18.072343 10.087283 0.265888
65.740644 -18.072343 10.031883 0.148945
69.622020 -18.072343 10.152712 0.362276
73.503396 -18.072343 10.104125 0.455402
77.384772 -18.072343 10.090219 0.396882
81.266148 -18.072343 10.039327 0.357117
85.147524 -18.072343 10.079294 0.271007
89.028900 -18.072343 9.827023 0.314872
92.910276 -18.072343 9.991376 0.246091
96.791652 -18.072343 10.026127 0.368568
100.673028 -18.072343 9.856842 0.161445
104.554404 -18.072343 9.865426 0.194124
108.435780 -18.072343 9.991079 0.094902
112.317156 -18.072343 9.989355 0.256344
116.198532 -18.072343 9.915457 0.222114
120.079908 -18.072343 9.935235 0.225904
123.961284 -18.072343 9.914090 0.338835
127.842660 -18.072343 9.961695 0.229872
131.724036 -18.072343 10.037368 0.145590
135.605412 -18.072343 10.057985 0.074679
139.486788 -18.072343 10.106331 0.123344
-54.582013 -21.953719 0.000000 0.000000
-50.700637 -21.953719 0.000000 0.000000
-46.819261 -21.953719 9.206766 0.390653
-42.937885 -21.953719 10.254249 0.152975
-39.056509 -21.953719 9.461425 0.473702
-35.175133 -21.953719 10.063543 -0.704472
-31.293757 -21.953719 10.222162 0.024406
-27.412381 -21.953719 10.215746 0.102674
-23.531005 -21.953719 10.243604 0.407791
-19.649629 -21.953719 10.118627 -0.121381
-15.768253 -21.953719 10.411494 -0.075347
-11.886877 -21.953719 10.402209 0.088330
-8.005501 -21.953719 10.416809 0.230791
-4.124125 -21.953719 10.227425 0.234311
-0.242749 -21.953719 10.279499 0.140331
3.638627 -21.953719 10.260705 0.062043
7.520003 -21.953719 10.233430 -0.045380
11.401379 -21.953719 10.287489 0.277696
15.282755 -21.953719 10.334461 0.198737
19.164131 -21.953719 10.433207 0.181926
23.045507 -21.953719 10.320797 -0.085650
26.926883 -21.953719 10.271572 0.270764
30.808259 -21.953719 10.338314 0.222804
34.689635 -21.953719 10.237450 0.268469
38.571011 -21.953719 10.190128 0.268550
42.452387 -21.953719 10.185294 0.422241
46.333763 -21.953719 10.261208 0.256065
50.215140 -21.953719 10.199477 0.358139
54.096516 -21.953719 10.279398 0.353834
57.977892 -21.953719 10.148634 0.359870
61.859268 -21.953719 10.052933 0.323425
65.740644 -21.953719 9.943628 0.262996
69.622020 -21.953719 10.077206 0.328709
73.503396 -21.953719 10.040212 0.331694
77.384772 -21.953719 9.960967 0.375968
81.266148 -21.953719 10.043293 0.352411
85.147524 -21.953719 10.105584 0.233415
89.028900 -21.953719 10.013348 0.242738
92.910276 -21.953719 10.049660 0.290683
96.791652 -21.953719 10.001052 0.211651
100.673028 -21.953719 9.968966 0.379614
104.554404 -21.953719 9.916842 0.248108
108.435780 -21.953719 9.875075 0.244362
112.317156 -21.953719 10.113811 0.253167
116.198532 -21.953719 9.918341 0.101138
120.079908 -21.953719 10.009874 0.180007
123.961284 -21.953719 9.966559 0.388321
127.842660 -21.953719 9.849969 0.292322
131.724036 -21.953719 10.121991 0.175092
135.605412 -21.953719 9.851385 0.086863
139.486788 -21.953719 10.012524 -0.036983
-54.582013 -25.835095 0.000000 0.000000
-50.700637 -25.835095 0.000000 0.000000
-46.819261 -25.835095 10.449528 0.190659
-42.937885 -25.835095 0.000000 0.000000
-39.056509 -25.835095 10.386339 -0.366255
-35.175133 -25.835095 10.251013 -0.277527
-31.293757 -25.835095 10.128864 -0.056116
-27.412381 -25.835095 10.020334 -0.525985
-23.531005 -25.835095 10.301258 -0.351743
-19.649629 -25.835095 10.277939 -0.235054
-15.768253 -25.835095 10.177157 0.068602
-11.886877 -25.835095 10.343611 0.109040
-8.005501 -25.835095 10.174529 -0.131094
-4.124125 -25.835095 10.306407 0.175505
-0.242749 -25.835095 10.284953 0.222446
3.638627 -25.835095 10.192000 0.170957
7.520003 -25.835095 10.392256 0.217691
11.401379 -25.835095 10.252295 0.052568
15.282755 -25.835095 10.312542 0.141152
19.164131 -25.835095 10.286057 0.414551
23.045507 -25.835095 10.187405 0.245718
26.926883 -25.835095 10.293719 0.104733
30.808259 -25.835095 10.187284 0.327919
34.689635 -25.835095 10.339440 0.245561
38.571011 -25.835095 10.182867 0.267572
42.452387 -25.835095 10.024418 0.274345
46.333763 -25.835095 10.224044 0.349985
50.215140 -25.835095 10.065974 0.323252
54.096516 -25.835095 10.173770 0.393611
57.977892 -25.835095 10.110442 0.149161
61.859268 -25.835095 9.961760 0.402785
65.740644 -25.835095 10.138140 0.281298
69.622020 -25.835095 10.132146 0.325883
73.503396 -25.835095 9.875825 0.413953
77.384772 -25.835095 9.878811 0.211554
81.266148 -25.835095 10.012119 0.290615
85.147524 -25.835095 10.042460 0.384858
89.028900 -25.835095 9.981112 0.318358
92.910276 -25.835095 9.909765 0.282152
96.791652 -25.835095 10.035729 0.123301
100.673028 -25.835095 10.060064 0.242915
104.554404 -25.835095 10.081672 0.222287
108.435780 -25.835095 9.935232 0.241244
112.317156 -25.835095 9.927952 0.202647
116.198532 -25.835095 9.919698 0.239143
120.079908 -25.835095 10.047941 0.283549
123.961284 -25.835095 9.903001 0.280651
127.842660 -25.835095 9.985617 0.037995
131.724036 -25.835095 9.888521 0.378854
135.605412 -25.835095 10.133553 0.143488
139.486788 -25.835095 10.011799 0.234425
-54.582013 -29.716471 0.000000 0.000000
-50.700637 -29.716471 0.000000 0.000000
-46.819261 -29.716471 9.683695 -0.202146
-42.937885 -29.716471 10.181405 0.782350
-39.056509 -29.716471 10.376163 -0.109253
-35.175133 -29.716471 10.039160 0.308364
-31.293757 -29.716471 10.328061 0.404450
-27.412381 -29.716471 10.230756 -0.016267
-23.531005 -29.716471 10.276415 0.189411
-19.649629 -29.716471 10.063383 -0.564178
-15.768253 -29.716471 10.037038 0.125659
-11.886877 -29.716471 10.286350 0.130932
-8.005501 -29.716471 10.022823 0.307585
-4.124125 -29.716471 10.298551 0.099224
-0.242749 -29.716471 10.274925 -0.048244
3.638627 -29.716471 10.152462 0.087928
7.520003 -29.716471 10.304941 0.230239
11.401379 -29.716471 10.238467 0.209570
15.282755 -29.716471 10.141006 0.043398
19.164131 -29.716471 10.271513 0.382056
23.045507 -29.716471 10.263311 -0.058696
26.926883 -29.716471 10.158748 0.202300
30.808259 -29.716471 10.307444 0.382559
34.689635 -29.716471 10.149926 0.196047
38.571011 -29.716471 10.222804 0.279163
42.452387 -29.716471 10.192333 0.343455
46.333763 -29.716471 10.111007 0.412680
50.215140 -29.716471 10.090556 0.402834
54.096516 -29.716471 10.045934 0.283716
57.977892 -29.716471 10.075422 0.188106
61.859268 -29.716471 10.078513 0.328249
65.740644 -29.716471 10.050801 0.300230
69.622020 -29.716471 10.019430 0.295180
73.503396 -29.716471 10.176728 0.389206
77.384772 -29.716471 10.051702 0.268774
81.266148 -29.716471 10.088862 0.343752
85.147524 -29.716471 9.847939 0.305688
89.028900 -29.716471 9.986526 0.453476
92.910276 -29.716471 9.850655 0.332054
96.791652 -29.716471 9.961800 0.427007
100.673028 -29.716471 10.026791 0.285806
104.554404 -29.716471 9.980879 0.301866
108.435780 -29.716471 9.825925 0.205008
112.317156 -29.716471 10.028240 0.162099
116.198532 -29.716471 9.885557 0.216078
120.079908 -29.716471 9.918143 0.206830
123.961284 -29.716471 9.948293 0.378566
127.842660 -29.716471 9.964375 0.074392
131.724036 -29.716471 9.910863 0.364601
135.605412 -29.716471 9.797213 0.424075
139.486788 -29.716471 9.822739 0.394849
-54.582013 -33.597847 0.000000 0.000000
-50.700637 -33.597847 0.000000 0.000000
-46.819261 -33.597847 0.000000 0.000000
-42.937885 -33.597847 8.507327 1.585319
-39.056509 -33.597847 9.372412 -0.092971
-35.175133 -33.597847 10.113577 -0.053341
-31.293757 -33.597847 10.124607 0.058309
-27.412381 -33.597847 10.159115 0.456440
-23.531005 -33.597847 10.287587 -0.239293
-19.649629 -33.597847 10.220638 0.027018
-15.768253 -33.597847 10.155821 0.206386
-11.886877 -33.597847 10.312002 0.288873
-8.005501 -33.597847 10.045122 0.311148
-4.124125 -33.597847 10.370305 0.067614
-0.242749 -33.597847 10.346452 0.088626
3.638627 -33.597847 9.964330 -0.107344
7.520003 -33.597847 10.236465 0.233464
11.401379 -33.597847 10.285820 0.320605
15.282755 -33.597847 10.135077 0.150173
19.164131 -33.597847 10.235691 0.135297
23.045507 -33.597847 10.164881 0.302301
26.926883 -33.597847 10.071771 0.325542
30.808259 -33.597847 10.103798 0.069386
34.689635 -33.597847 10.135913 0.195628
38.571011 -33.597847 10.257657 0.015801
42.452387 -33.597847 10.034459 0.260535
46.333763 -33.597847 10.261100 0.203384
50.215140 -33.597847 10.165621 0.180976
54.096516 -33.597847 10.155849 0.296698
57.977892 -33.597847 10.167419 0.218138
61.859268 -33.597847 10.101954 0.273688
65.740644 -33.597847 10.068050 0.208940
69.622020 -33.597847 10.017453 0.366463
73.503396 -33.597847 10.034760 0.300968
77.384772 -33.597847 10.198864 0.237389
81.266148 -33.597847 10.037009 0.358892
85.147524 -33.597847 9.970252 0.309190
89.028900 -33.597847 10.161419 0.358085
92.910276 -33.597847 10.081441 0.272011
96.791652 -33.597847 9.824028 0.309238
100.673028 -33.597847 9.959455 0.293149
104.554404 -33.597847 10.016621 0.176354
108.435780 -33.597847 9.904058 0.112924
112.317156 -33.597847 10.144516 0.214827
116.198532 -33.597847 10.140558 0.223427
120.079908 -33.597847 9.842295 0.159777
123.961284 -33.597847 9.877784 0.342333
127.842660 -33.597847 9.832624 0.392562
131.724036 -33.597847 10.120986 0.294844
135.605412 -33.597847 9.836989 0.247573
139.486788 -33.597847 10.179955 0.172504
-54.582013 -37.479223 0.000000 0.000000
-50.700637 -37.479223 0.000000 0.000000
-46.819261 -37.479223 0.000000 0.000000
-42.937885 -37.479223 0.000000 0.000000
-39.056509 -37.479223 10.205718 -0.522294
-35.175133 -37.479223 9.991311 -0.123356
-31.293757 -37.479223 10.256380 0.104924
-27.412381 -37.479223 10.178774 0.059315
-23.531005 -37.479223 10.194696 0.185611
-19.649629 -37.479223 9.989550 0.067910
-15.768253 -37.479223 10.195409 0.241114
-11.886877 -37.479223 10.128108 0.156947
-8.005501 -37.479223 10.351924 0.188027
-4.124125 -37.479223 10.435437 -0.052763
-0.242749 -37.479223 10.288010 0.261807
3.638627 -37.479223 10.064700 0.323753
7.520003 -37.479223 10.236910 0.231626
11.401379 -37.479223 10.260451 0.178431
15.282755 -37.479223 10.328277 0.320761
19.164131 -37.479223 10.228739 0.213375
23.045507 -37.479223 10.400772 0.267070
26.926883 -37.479223 10.190347 0.270839
30.808259 -37.479223 10.282927 0.187839
34.689635 -37.479223 10.232647 0.330879
38.571011 -37.479223 10.096663 0.229579
42.452387 -37.479223 10.290401 0.208042
46.333763 -37.479223 10.165074 0.255734
50.215140 -37.479223 10.163872 0.302773
54.096516 -37.479223 10.020109 0.409241
57.977892 -37.479223 10.079025 0.361369
61.859268 -37.479223 10.231117 0.183464
65.740644 -37.479223 10.007878 0.386721
69.622020 -37.479223 9.915460 0.215212
73.503396 -37.479223 10.005173 0.185163
77.384772 -37.479223 10.070462 0.116917
81.266148 -37.479223 9.974438 0.364938
85.147524 -37.479223 10.062125 0.302599
89.028900 -37.479223 9.968093 0.233028
92.910276 -37.479223 10.190313 0.277892
96.791652 -37.479223 10.098628 0.213633
100.673028 -37.479223 10.079852 0.211375
104.554404 -37.479223 9.993069 0.214759
108.435780 -37.479223 9.968839 0.284993
112.317156 -37.479223 9.943357 0.183695
116.198532 -37.479223 10.223504 0.480228
120.079908 -37.479223 9.952226 0.294099
123.961284 -37.479223 10.135221 0.493245
127.842660 -37.479223 10.014788 0.143015
131.724036 -37.479223 10.152912 0.404450
135.605412 -37.479223 10.178067 0.335376
139.486788 -37.479223 9.780416 0.186619
-54.582013 -41.360599 0.000000 0.000000
-50.700637 -41.360599 0.000000 0.000000
-46.819261 -41.360599 0.000000 0.000000
-42.937885 -41.360599 10.343289 0.748476
-39.056509 -41.360599 10.247817 0.948166
-35.175133 -41.360599 9.952207 -1.005381
-31.293757 -41.360599 10.475972 0.177336
-27.412381 -41.360599 9.579844 0.134726
-23.531005 -41.360599 10.147647 0.439907
-19.649629 -41.360599 9.960155 0.168744
-15.768253 -41.360599 10.187608 0.097504
-11.886877 -41.360599 10.075037 0.063877
-8.005501 -41.360599 10.253964 0.100350
-4.124125 -41.360599 10.214731 0.235531
-0.242749 -41.360599 10.024005 0.168116
3.638627 -41.360599 10.367374 0.176039
7.520003 -41.360599 10.094347 0.208463
11.401379 -41.360599 10.036510 0.178510
15.282755 -41.360599 10.195109 0.208637
19.164131 -41.360599 10.221906 0.409020
23.045507 -41.360599 10.197485 0.119798
26.926883 -41.360599 10.165744 0.113894
30.808259 -41.360599 10.252194 0.296016
34.689635 -41.360599 10.152761 0.192202
38.571011 -41.360599 10.315510 0.403264
42.452387 -41.360599 10.172318 0.141425
46.333763 -41.360599 10.194092 0.348810
50.215140 -41.360599 10.203197 0.241040
54.096516 -41.360599 10.046511 0.366204
57.977892 -41.360599 10.081514 0.354717
61.859268 -41.360599 10.141588 0.267293
65.740644 -41.360599 10.124990 0.288678
69.622020 -41.360599 9.949995 0.204237
73.503396 -41.360599 9.877833 0.328391
77.384772 -41.360599 10.226718 0.542520
81.266148 -41.360599 10.068935 0.334651
85.147524 -41.360599 10.177842 0.282916
89.028900 -41.360599 10.136391 0.342255
92.910276 -41.360599 10.082326 0.255697
96.791652 -41.360599 9.960677 0.198489
100.673028 -41.360599 10.089994 0.089782
104.554404 -41.360599 10.015862 0.187972
108.435780 -41.360599 9.877546 0.400938
112.317156 -41.360599 9.798916 0.105752
116.198532 -41.360599 10.073957 0.313804
120.079908 -41.360599 9.914618 0.400938
123.961284 -41.360599 9.832180 0.404697
127.842660 -41.360599 9.711851 0.387542
131.724036 -41.360599 10.272105 -0.020519
135.605412 -41.360599 10.089565 0.105922
139.486788 -41.360599 9.938236 0.239636
-54.582013 -45.241975 0.000000 0.000000
-50.700637 -45.241975 0.000000 0.000000
-46.819261 -45.241975 0.000000 0.000000
-42.937885 -45.241975 0.000000 0.000000
-39.056509 -45.241975 0.000000 0.000000
-35.175133 -45.241975 0.000000 0.000000
-31.293757 -45.241975 0.000000 0.000000
-27.412381 -45.241975 0.000000 0.000000
-23.531005 -45.241975 0.000000 0.000000
-19.649629 -45.241975 0.000000 0.000000
-15.768253 -45.241975 0.000000 0.000000
-11.886877 -45.241975 0.000000 0.000000
-8.005501 -45.241975 0.000000 0.000000
-4.124125 -45.241975 0.000000 0.000000
-0.242749 -45.241975 0.000000 0.000000
3.638627 -45.241975 0.000000 0.000000
7.520003 -45.241975 0.000000 0.000000
11.401379 -45.241975 0.000000 0.000000
15.282755 -45.241975 0.000000 0.000000
19.164131 -45.241975 0.000000 0.000000
23.045507 -45.241975 0.000000 0.000000
26.926883 -45.241975 0.000000 0.000000
30.808259 -45.241975 0.000000 0.000000
34.689635 -45.241975 0.000000 0.000000
38.571011 -45.241975 0.000000 0.000000
42.452387 -45.241975 0.000000 0.000000
46.333763 -45.241975 0.000000 0.000000
50.215140 -45.241975 0.000000 0.000000
54.096516 -45.241975 0.000000 0.000000
57.977892 -45.241975 0.000000 0.000000
61.859268 -45.241975 0.000000 0.000000
65.740644 -45.241975 0.000000 0.000000
69.622020 -45.241975 0.000000 0.000000
73.503396 -45.241975 0.000000 0.000000
77.384772 -45.241975 0.000000 0.000000
81.266148 -45.241975 0.000000 0.000000
85.147524 -45.241975 0.000000 0.000000
89.028900 -45.241975 0.000000 0.000000
92.910276 -45.241975 0.000000 0.000000
96.791652 -45.241975 0.000000 0.000000
100.673028 -45.241975 0.000000 0.000000
104.554404 -45.241975 0.000000 0.000000
108.435780 -45.241975 0.000000 0.000000
112.317156 -45.241975 0.000000 0.000000
116.198532 -45.241975 0.000000 0.000000
120.079908 -45.241975 0.000000 0.000000
123.961284 -45.241975 0.000000 0.000000
127.842660 -45.241975 0.000000 0.000000
131.724036 -45.241975 0.000000 0.000000
135.605412 -45.241975 0.000000 0.000000
139.486788 -45.241975 0.000000 0.000000
