TITLE = "B00011"
VARIABLES = "position", "position(2)", "Vx", "Vy"
ZONE T="Frame 0", I=51, J=39
-54.582013 102.250314 0.000000 0.000000
-50.700637 102.250314 0.000000 0.000000
-46.819261 102.250314 8.393911 0.497637
-42.937885 102.250314 10.079022 0.234874
-39.056509 102.250314 10.908571 0.106924
-35.175133 102.250314 0.000000 0.000000
-31.293757 102.250314 0.000000 0.000000
-27.412381 102.250314 0.000000 0.000000
-23.531005 102.250314 0.000000 0.000000
-19.649629 102.250314 0.000000 0.000000
-15.768253 102.250314 10.478705 -0.278238
-11.886877 102.250314 10.223769 -0.197963
-8.005501 102.250314 11.785627 -0.454496
-4.124125 102.250314 9.819833 0.651408
-0.242749 102.250314 11.915302 0.685935
3.638627 102.250314 11.477675 -0.792716
7.520003 102.250314 8.980465 2.798856
11.401379 102.250314 0.000000 0.000000
15.282755 102.250314 10.420280 -0.818994
19.164131 102.250314 10.255915 -0.195253
23.045507 102.250314 10.675034 0.513418
26.926883 102.250314 9.846101 -0.968227
30.808259 102.250314 0.000000 0.000000
34.689635 102.250314 0.000000 0.000000
38.571011 102.250314 0.000000 0.000000
42.452387 102.250314 0.000000 0.000000
46.333763 102.250314 0.000000 0.000000
50.215140 102.250314 0.000000 0.000000
54.096516 102.250314 0.000000 0.000000
57.977892 102.250314 0.000000 0.000000
61.859268 102.250314 0.000000 0.000000
65.740644 102.250314 0.000000 0.000000
69.622020 102.250314 10.857339 -2.641498
73.503396 102.250314 7.827895 -0.691947
77.384772 102.250314 10.631349 -0.782370
81.266148 102.250314 9.909126 0.430512
85.147524 102.250314 10.299380 0.541620
89.028900 102.250314 9.006644 0.759206
92.910276 102.250314 9.595471 -1.982357
96.791652 102.250314 9.464728 -0.023662
100.673028 102.250314 9.792046 -0.989639
104.554404 102.250314 9.267753 -0.257321
108.435780 102.250314 9.359191 0.458930
112.317156 102.250314 9.950452 -0.502207
116.198532 102.250314 9.877861 0.294144
120.079908 102.250314 9.236058 -0.713012
123.961284 102.250314 8.464099 0.443052
127.842660 102.250314 9.512439 0.541259
131.724036 102.250314 8.923769 -0.906773
135.605412 102.250314 10.019223 -0.653134
139.486788 102.250314 9.697925 1.151532
-54.582013 98.368938 0.000000 0.000000
-50.700637 98.368938 0.000000 0.000000
-46.819261 98.368938 8.432312 -0.251155
-42.937885 98.368938 9.749996 2.328131
-39.056509 98.368938 0.000000 0.000000
-35.175133 98.368938 10.953750 0.380429
-31.293757 98.368938 0.000000 0.000000
-27.412381 98.368938 0.000000 0.000000
-23.531005 98.368938 0.000000 0.000000
-19.649629 98.368938 0.000000 0.000000
-15.768253 98.368938 10.449176 0.022829
-11.886877 98.368938 9.620999 0.823937
-8.005501 98.368938 10.214981 0.106881
-4.124125 98.368938 11.087607 -0.467466
-0.242749 98.368938 9.562616 -0.368880
3.638627 98.368938 10.590061 0.586552
7.520003 98.368938 0.000000 0.000000
11.401379 98.368938 12.973800 -0.523886
15.282755 98.368938 0.000000 0.000000
19.164131 98.368938 10.519802 1.381686
23.045507 98.368938 9.176274 -1.283665
26.926883 98.368938 0.000000 0.000000
30.808259 98.368938 11.101201 -0.365175
34.689635 98.368938 0.000000 0.000000
38.571011 98.368938 10.202803 -0.945481
42.452387 98.368938 0.000000 0.000000
46.333763 98.368938 0.000000 0.000000
50.215140 98.368938 0.000000 0.000000
54.096516 98.368938 0.000000 0.000000
57.977892 98.368938 0.000000 0.000000
61.859268 98.368938 0.000000 0.000000
65.740644 98.368938 0.000000 0.000000
69.622020 98.368938 0.000000 0.000000
73.503396 98.368938 9.994950 0.122320
77.384772 98.368938 10.190581 -1.103960
81.266148 98.368938 9.017561 1.258266
85.147524 98.368938 10.311623 0.021272
89.028900 98.368938 10.105319 -0.381309
92.910276 98.368938 10.195733 -0.096824
96.791652 98.368938 10.028897 -0.213204
100.673028 98.368938 10.714033 0.947253
104.554404 98.368938 0.000000 0.000000
108.435780 98.368938 10.287726 -0.265604
112.317156 98.368938 9.999898 -0.134737
116.198532 98.368938 8.791919 0.165031
120.079908 98.368938 10.329720 -0.191638
123.961284 98.368938 10.452283 0.961954
127.842660 98.368938 9.489245 0.060485
131.724036 98.368938 9.201926 0.393893
135.605412 98.368938 10.410177 0.836969
139.486788 98.368938 9.629107 0.379756
-54.582013 94.487562 0.000000 0.000000
-50.700637 94.487562 9.883241 1.082783
-46.819261 94.487562 0.000000 0.000000
-42.937885 94.487562 9.437312 0.501408
-39.056509 94.487562 9.764871 1.659179
-35.175133 94.487562 0.000000 0.000000
-31.293757 94.487562 0.000000 0.000000
-27.412381 94.487562 0.000000 0.000000
-23.531005 94.487562 0.000000 0.000000
-19.649629 94.487562 0.000000 0.000000
-15.768253 94.487562 9.981946 0.003561
-11.886877 94.487562 10.093410 0.941499
-8.005501 94.487562 7.792653 -0.588593
-4.124125 94.487562 10.734151 0.758197
-0.242749 94.487562 10.493620 -0.117113
3.638627 94.487562 0.000000 0.000000
7.520003 94.487562 10.459889 -0.456646
11.401379 94.487562 10.576507 0.168539
15.282755 94.487562 0.000000 0.000000
19.164131 94.487562 10.678957 0.430321
23.045507 94.487562 8.718045 0.609960
26.926883 94.487562 9.548656 2.922501
30.808259 94.487562 11.679439 0.515709
34.689635 94.487562 10.283621 0.911440
38.571011 94.487562 9.126624 -0.239936
42.452387 94.487562 11.863768 -0.636489
46.333763 94.487562 9.676236 -0.802731
50.215140 94.487562 9.271611 1.013704
54.096516 94.487562 10.354616 -0.931134
57.977892 94.487562 0.000000 0.000000
61.859268 94.487562 0.000000 0.000000
65.740644 94.487562 0.000000 0.000000
69.622020 94.487562 0.000000 0.000000
73.503396 94.487562 9.722546 -0.577361
77.384772 94.487562 8.445030 -0.504687
81.266148 94.487562 9.779969 0.172914
85.147524 94.487562 10.081056 -1.090612
89.028900 94.487562 11.964252 1.133533
92.910276 94.487562 9.907229 -0.391581
96.791652 94.487562 9.551225 -0.195013
100.673028 94.487562 10.950409 1.455520
104.554404 94.487562 10.272411 0.163603
108.435780 94.487562 10.415794 0.633238
112.317156 94.487562 9.608331 0.297547
116.198532 94.487562 9.416787 -0.348836
120.079908 94.487562 9.644637 0.378325
123.961284 94.487562 9.985120 0.328102
127.842660 94.487562 10.049178 0.411911
131.724036 94.487562 10.420773 -0.413305
135.605412 94.487562 8.313745 -1.214858
139.486788 94.487562 9.431686 0.212913
-54.582013 90.606186 0.000000 0.000000
-50.700637 90.606186 0.000000 0.000000
-46.819261 90.606186 11.474547 -0.436103
-42.937885 90.606186 10.314791 0.228287
-39.056509 90.606186 0.000000 0.000000
-35.175133 90.606186 0.000000 0.000000
-31.293757 90.606186 0.000000 0.000000
-27.412381 90.606186 0.000000 0.000000
-23.531005 90.606186 0.000000 0.000000
-19.649629 90.606186 0.000000 0.000000
-15.768253 90.606186 11.170365 0.286483
-11.886877 90.606186 10.177425 1.972958
-8.005501 90.606186 9.657972 -0.288314
-4.124125 90.606186 10.249906 0.558459
-0.242749 90.606186 9.092134 0.289208
3.638627 90.606186 11.025004 -2.245652
7.520003 90.606186 10.738050 0.981816
11.401379 90.606186 0.000000 0.000000
15.282755 90.606186 10.602483 0.576305
19.164131 90.606186 10.446607 0.780138
23.045507 90.606186 10.030387 0.710103
26.926883 90.606186 9.444860 0.518278
30.808259 90.606186 10.534562 -1.030722
34.689635 90.606186 11.040946 -0.614437
38.571011 90.606186 10.017576 -0.392972
42.452387 90.606186 10.249890 -0.403568
46.333763 90.606186 9.525138 -0.557296
50.215140 90.606186 10.484567 -0.100718
54.096516 90.606186 9.301515 -1.575440
57.977892 90.606186 9.519318 1.147395
61.859268 90.606186 0.000000 0.000000
65.740644 90.606186 0.000000 0.000000
69.622020 90.606186 0.000000 0.000000
73.503396 90.606186 9.994078 -0.399947
77.384772 90.606186 8.699975 -2.110252
81.266148 90.606186 9.854273 0.231086
85.147524 90.606186 10.273349 -0.399031
89.028900 90.606186 10.156076 -0.122542
92.910276 90.606186 9.633378 -0.514665
96.791652 90.606186 10.185081 0.821873
100.673028 90.606186 10.134472 -0.240986
104.554404 90.606186 9.905832 0.287777
108.435780 90.606186 9.292942 0.834631
112.317156 90.606186 9.853196 0.297108
116.198532 90.606186 8.818339 0.268913
120.079908 90.606186 10.810063 0.317704
123.961284 90.606186 9.745184 -0.331318
127.842660 90.606186 9.529762 -0.606611
131.724036 90.606186 10.276328 0.055653
135.605412 90.606186 12.082098 1.497838
139.486788 90.606186 8.718813 -0.184664
-54.582013 86.724810 0.000000 0.000000
-50.700637 86.724810 0.000000 0.000000
-46.819261 86.724810 9.997396 -0.522885
-42.937885 86.724810 0.000000 0.000000
-39.056509 86.724810 11.651618 0.563006
-35.175133 86.724810 0.000000 0.000000
-31.293757 86.724810 0.000000 0.000000
-27.412381 86.724810 0.000000 0.000000
-23.531005 86.724810 0.000000 0.000000
-19.649629 86.724810 0.000000 0.000000
-15.768253 86.724810 10.374248 0.152909
-11.886877 86.724810 10.948987 0.672890
-8.005501 86.724810 9.790998 0.872739
-4.124125 86.724810 9.495927 0.646345
-0.242749 86.724810 10.707617 -0.365357
3.638627 86.724810 10.353124 -0.070689
7.520003 86.724810 9.969317 0.385947
11.401379 86.724810 11.084436 0.005481
15.282755 86.724810 11.746971 -0.664428
19.164131 86.724810 10.567885 -0.413043
23.045507 86.724810 10.082341 -0.504416
26.926883 86.724810 10.088677 -0.300054
30.808259 86.724810 10.289963 0.829734
34.689635 86.724810 10.718662 -0.320911
38.571011 86.724810 10.360132 -0.162661
42.452387 86.724810 10.676116 -0.322578
46.333763 86.724810 9.659104 -0.337518
50.215140 86.724810 10.420357 0.759252
54.096516 86.724810 10.155176 -0.358295
57.977892 86.724810 8.835956 0.629048
61.859268 86.724810 0.000000 0.000000
65.740644 86.724810 0.000000 0.000000
69.622020 86.724810 0.000000 0.000000
73.503396 86.724810 9.403384 -0.542153
77.384772 86.724810 11.947926 0.357767
81.266148 86.724810 10.464353 0.437902
85.147524 86.724810 9.965023 0.651242
89.028900 86.724810 10.000225 -0.300396
92.910276 86.724810 9.905218 -0.234235
96.791652 86.724810 10.335643 -0.428602
100.673028 86.724810 10.468739 1.572021
104.554404 86.724810 10.164020 0.864640
108.435780 86.724810 10.263376 0.199289
112.317156 86.724810 9.968549 -0.624772
116.198532 86.724810 9.112660 -1.548872
120.079908 86.724810 10.427291 0.978895
123.961284 86.724810 9.716284 0.133776
127.842660 86.724810 9.760049 0.172050
131.724036 86.724810 10.066119 0.549475
135.605412 86.724810 10.179125 -0.081163
139.486788 86.724810 9.415053 0.561243
-54.582013 82.843434 0.000000 0.000000
-50.700637 82.843434 9.624130 1.054805
-46.819261 82.843434 9.110473 0.993757
-42.937885 82.843434 10.025125 0.733759
-39.056509 82.843434 9.803126 0.083663
-35.175133 82.843434 0.000000 0.000000
-31.293757 82.843434 0.000000 0.000000
-27.412381 82.843434 0.000000 0.000000
-23.531005 82.843434 0.000000 0.000000
-19.649629 82.843434 0.000000 0.000000
-15.768253 82.843434 10.411917 0.073161
-11.886877 82.843434 9.778427 0.237908
-8.005501 82.843434 10.463600 0.051694
-4.124125 82.843434 9.451437 1.952437
-0.242749 82.843434 10.487966 -0.780075
3.638627 82.843434 10.394455 0.031329
7.520003 82.843434 10.671708 -1.135092
11.401379 82.843434 9.876143 0.760301
15.282755 82.843434 10.939422 0.405504
19.164131 82.843434 10.421711 -0.172541
23.045507 82.843434 11.086765 0.209520
26.926883 82.843434 10.494999 0.073111
30.808259 82.843434 10.936441 -0.251138
34.689635 82.843434 10.465679 -0.440035
38.571011 82.843434 10.877117 -0.584914
42.452387 82.843434 9.675589 0.465093
46.333763 82.843434 9.479960 -0.422281
50.215140 82.843434 10.676070 -0.110860
54.096516 82.843434 11.817261 -0.435419
57.977892 82.843434 10.052007 0.783119
61.859268 82.843434 0.000000 0.000000
65.740644 82.843434 0.000000 0.000000
69.622020 82.843434 9.053049 -0.300186
73.503396 82.843434 10.163647 -0.155862
77.384772 82.843434 10.080722 -0.626015
81.266148 82.843434 10.045082 -0.602967
85.147524 82.843434 9.845836 0.282724
89.028900 82.843434 9.732518 -0.281393
92.910276 82.843434 9.056104 -1.135976
96.791652 82.843434 9.734709 -0.679651
100.673028 82.843434 9.065697 0.483537
104.554404 82.843434 10.574594 0.899151
108.435780 82.843434 9.571096 -0.299883
112.317156 82.843434 9.622005 -0.436987
116.198532 82.843434 10.177370 -0.956026
120.079908 82.843434 9.815039 -1.163111
123.961284 82.843434 9.835808 0.074624
127.842660 82.843434 10.274321 -0.026184
131.724036 82.843434 10.100279 -0.149078
135.605412 82.843434 8.239346 0.035122
139.486788 82.843434 9.703779 0.421740
-54.582013 78.962058 0.000000 0.000000
-50.700637 78.962058 9.735776 0.562291
-46.819261 78.962058 10.260915 0.152620
-42.937885 78.962058 9.516912 1.066015
-39.056509 78.962058 9.913426 0.669652
-35.175133 78.962058 0.000000 0.000000
-31.293757 78.962058 0.000000 0.000000
-27.412381 78.962058 0.000000 0.000000
-23.531005 78.962058 0.000000 0.000000
-19.649629 78.962058 0.000000 0.000000
-15.768253 78.962058 10.047034 0.520701
-11.886877 78.962058 10.785016 0.373493
-8.005501 78.962058 10.521964 -0.046587
-4.124125 78.962058 10.327756 0.319259
-0.242749 78.962058 9.971627 -0.625638
3.638627 78.962058 10.586835 0.587771
7.520003 78.962058 10.031182 0.624356
11.401379 78.962058 10.451215 -0.117366
15.282755 78.962058 10.613048 -0.600205
19.164131 78.962058 10.784523 -0.294119
23.045507 78.962058 10.237222 -0.280138
26.926883 78.962058 10.661773 -0.514325
30.808259 78.962058 10.546278 0.306160
34.689635 78.962058 11.021223 -0.043776
38.571011 78.962058 10.644881 -0.137299
42.452387 78.962058 10.307122 -0.158993
46.333763 78.962058 10.189363 -0.474643
50.215140 78.962058 10.300675 0.216122
54.096516 78.962058 10.153140 0.061617
57.977892 78.962058 9.952999 -0.284893
61.859268 78.962058 0.000000 0.000000
65.740644 78.962058 0.000000 0.000000
69.622020 78.962058 10.392135 -0.065499
73.503396 78.962058 9.281982 -0.877707
77.384772 78.962058 10.120199 -0.373132
81.266148 78.962058 10.240830 -0.192364
85.147524 78.962058 10.465207 -0.273342
89.028900 78.962058 9.608911 -0.184295
92.910276 78.962058 9.938823 -0.222890
96.791652 78.962058 9.911622 -0.109332
100.673028 78.962058 9.954227 -0.345908
104.554404 78.962058 10.221940 -0.103511
108.435780 78.962058 9.579172 0.464451
112.317156 78.962058 9.633545 -0.343188
116.198532 78.962058 10.435125 0.107304
120.079908 78.962058 9.399966 -0.704749
123.961284 78.962058 9.393834 -0.458887
127.842660 78.962058 10.056187 -0.232657
131.724036 78.962058 9.732695 -0.227731
135.605412 78.962058 9.043185 0.135598
139.486788 78.962058 9.936192 -0.479242
-54.582013 75.080682 9.476999 1.076015
-50.700637 75.080682 9.107333 -1.332455
-46.819261 75.080682 10.496816 0.627786
-42.937885 75.080682 10.233152 0.118501
-39.056509 75.080682 10.382239 0.262370
-35.175133 75.080682 0.000000 0.000000
-31.293757 75.080682 0.000000 0.000000
-27.412381 75.080682 0.000000 0.000000
-23.531005 75.080682 0.000000 0.000000
-19.649629 75.080682 0.000000 0.000000
-15.768253 75.080682 10.357677 0.319954
-11.886877 75.080682 10.089662 0.783252
-8.005501 75.080682 10.605608 0.033518
-4.124125 75.080682 0.000000 0.000000
-0.242749 75.080682 10.252465 0.343359
3.638627 75.080682 10.669876 0.801360
7.520003 75.080682 10.611721 -0.426182
11.401379 75.080682 10.501124 0.038202
15.282755 75.080682 10.936626 0.640723
19.164131 75.080682 10.477228 0.419263
23.045507 75.080682 10.471632 0.127844
26.926883 75.080682 10.657315 0.338135
30.808259 75.080682 9.821208 0.409956
34.689635 75.080682 10.060382 -0.516997
38.571011 75.080682 10.349021 0.684895
42.452387 75.080682 10.184699 -0.381646
46.333763 75.080682 9.640821 -0.373778
50.215140 75.080682 9.914935 -0.459406
54.096516 75.080682 10.451283 0.086644
57.977892 75.080682 9.327212 -0.663765
61.859268 75.080682 0.000000 0.000000
65.740644 75.080682 0.000000 0.000000
69.622020 75.080682 10.860593 -0.617963
73.503396 75.080682 9.827519 0.502270
77.384772 75.080682 9.930728 0.434066
81.266148 75.080682 10.107361 -0.645074
85.147524 75.080682 9.777005 -0.420241
89.028900 75.080682 9.181087 -0.703323
92.910276 75.080682 10.040452 -0.537423
96.791652 75.080682 9.738519 -0.333462
100.673028 75.080682 9.748962 -0.276830
104.554404 75.080682 10.203072 -0.376784
108.435780 75.080682 9.814493 -0.257233
112.317156 75.080682 9.909968 -0.243704
116.198532 75.080682 9.631916 -0.734623
120.079908 75.080682 10.384905 -0.110938
123.961284 75.080682 9.912519 -0.348604
127.842660 75.080682 9.754096 0.008639
131.724036 75.080682 10.052131 1.066823
135.605412 75.080682 9.640924 0.521434
139.486788 75.080682 9.868709 -0.343442
-54.582013 71.199306 10.994886 -0.434004
-50.700637 71.199306 11.209750 -0.266058
-46.819261 71.199306 10.454380 -0.534096
-42.937885 71.199306 9.460308 0.714876
-39.056509 71.199306 9.864526 2.052017
-35.175133 71.199306 0.000000 0.000000
-31.293757 71.199306 0.000000 0.000000
-27.412381 71.199306 0.000000 0.000000
-23.531005 71.199306 0.000000 0.000000
-19.649629 71.199306 0.000000 0.000000
-15.768253 71.199306 10.475355 0.587971
-11.886877 71.199306 10.412478 0.058931
-8.005501 71.199306 10.388378 0.231214
-4.124125 71.199306 10.290345 0.465628
-0.242749 71.199306 11.494928 0.486562
3.638627 71.199306 10.911360 0.655415
7.520003 71.199306 10.349465 0.170443
11.401379 71.199306 10.761786 -0.009747
15.282755 71.199306 10.586279 -0.367523
19.164131 71.199306 10.589401 0.169100
23.045507 71.199306 10.036291 0.011072
26.926883 71.199306 10.342713 -1.091343
30.808259 71.199306 0.000000 0.000000
34.689635 71.199306 10.148214 -0.282078
38.571011 71.199306 10.375043 -0.029091
42.452387 71.199306 10.046946 0.334030
46.333763 71.199306 9.681570 -0.435971
50.215140 71.199306 9.597958 -0.264119
54.096516 71.199306 10.357677 0.101730
57.977892 71.199306 10.190051 -0.105692
61.859268 71.199306 0.000000 0.000000
65.740644 71.199306 0.000000 0.000000
69.622020 71.199306 10.124607 -0.015971
73.503396 71.199306 10.052880 0.293766
77.384772 71.199306 10.205530 0.060997
81.266148 71.199306 9.950569 0.295320
85.147524 71.199306 8.994333 -0.723581
89.028900 71.199306 9.305876 -0.593381
92.910276 71.199306 9.907449 0.702487
96.791652 71.199306 10.089699 0.047770
100.673028 71.199306 10.087712 0.260976
104.554404 71.199306 10.292970 -0.388125
108.435780 71.199306 10.210848 -0.472417
112.317156 71.199306 9.760434 -0.331122
116.198532 71.199306 9.934155 0.084266
120.079908 71.199306 9.921700 -0.348848
123.961284 71.199306 9.824663 -0.075942
127.842660 71.199306 10.003778 -0.298542
131.724036 71.199306 10.213315 0.054410
135.605412 71.199306 10.063168 -0.113160
139.486788 71.199306 9.702792 -0.260374
-54.582013 67.317930 9.521014 -0.114684
-50.700637 67.317930 0.000000 0.000000
-46.819261 67.317930 9.396160 0.576288
-42.937885 67.317930 9.931777 0.292700
-39.056509 67.317930 9.708492 1.239567
-35.175133 67.317930 0.000000 0.000000
-31.293757 67.317930 0.000000 0.000000
-27.412381 67.317930 0.000000 0.000000
-23.531005 67.317930 0.000000 0.000000
-19.649629 67.317930 10.549109 0.723916
-15.768253 67.317930 10.495131 -0.007235
-11.886877 67.317930 10.925639 0.942654
-8.005501 67.317930 10.756678 0.839715
-4.124125 67.317930 10.621308 0.214083
-0.242749 67.317930 11.111658 -0.117347
3.638627 67.317930 10.780096 -0.067370
7.520003 67.317930 10.842524 -0.490447
11.401379 67.317930 10.083899 0.691360
15.282755 67.317930 10.233452 0.049950
19.164131 67.317930 10.961467 0.066602
23.045507 67.317930 10.801877 -0.003299
26.926883 67.317930 10.495804 -0.308806
30.808259 67.317930 10.568570 0.120013
34.689635 67.317930 10.137421 -0.430125
38.571011 67.317930 10.259928 -0.502762
42.452387 67.317930 10.961452 -0.709433
46.333763 67.317930 10.703526 -0.165901
50.215140 67.317930 10.437871 -0.760691
54.096516 67.317930 10.086604 -0.407524
57.977892 67.317930 10.317789 -0.602597
61.859268 67.317930 0.000000 0.000000
65.740644 67.317930 0.000000 0.000000
69.622020 67.317930 10.168110 -0.599959
73.503396 67.317930 9.662078 -0.547621
77.384772 67.317930 10.002366 -0.287367
81.266148 67.317930 9.882315 -0.675684
85.147524 67.317930 9.443269 -0.539669
89.028900 67.317930 9.554110 0.461629
92.910276 67.317930 9.622215 -0.276445
96.791652 67.317930 9.449139 -0.241028
100.673028 67.317930 10.099785 -0.023756
104.554404 67.317930 10.058328 -0.460865
108.435780 67.317930 10.386974 -0.275451
112.317156 67.317930 10.104415 -0.306834
116.198532 67.317930 10.011024 -0.304810
120.079908 67.317930 10.035517 -0.183422
123.961284 67.317930 10.139207 0.097109
127.842660 67.317930 10.102420 -0.096648
131.724036 67.317930 10.264221 0.121188
135.605412 67.317930 10.380413 0.571167
139.486788 67.317930 9.070573 0.282289
-54.582013 63.436554 0.000000 0.000000
-50.700637 63.436554 9.143186 -0.330003
-46.819261 63.436554 10.312644 0.870988
-42.937885 63.436554 9.705753 0.824629
-39.056509 63.436554 9.584484 0.940934
-35.175133 63.436554 0.000000 0.000000
-31.293757 63.436554 0.000000 0.000000
-27.412381 63.436554 0.000000 0.000000
-23.531005 63.436554 0.000000 0.000000
-19.649629 63.436554 10.958815 0.618581
-15.768253 63.436554 10.753189 0.481602
-11.886877 63.436554 10.794474 0.654735
-8.005501 63.436554 10.685266 0.202428
-4.124125 63.436554 10.758411 0.314296
-0.242749 63.436554 11.837934 -0.026533
3.638627 63.436554 10.522393 0.280496
7.520003 63.436554 10.515157 0.925571
11.401379 63.436554 11.114166 -0.098576
15.282755 63.436554 10.694192 0.249753
19.164131 63.436554 0.000000 0.000000
23.045507 63.436554 10.184166 -0.035094
26.926883 63.436554 10.567355 -0.630625
30.808259 63.436554 10.412296 0.354689
34.689635 63.436554 10.560994 -0.352604
38.571011 63.436554 10.335553 -0.709302
42.452387 63.436554 10.502353 -0.695807
46.333763 63.436554 10.762869 -0.083569
50.215140 63.436554 10.503305 -1.088991
54.096516 63.436554 10.406951 -0.751485
57.977892 63.436554 10.225173 -0.829307
61.859268 63.436554 0.000000 0.000000
65.740644 63.436554 0.000000 0.000000
69.622020 63.436554 10.066199 -0.173934
73.503396 63.436554 9.928464 -0.427536
77.384772 63.436554 9.931610 -0.412754
81.266148 63.436554 9.427294 -0.257001
85.147524 63.436554 10.093863 0.042678
89.028900 63.436554 9.457551 -0.269581
92.910276 63.436554 9.896724 0.373945
96.791652 63.436554 10.293062 0.121444
100.673028 63.436554 9.857042 0.106858
104.554404 63.436554 10.035732 -0.449023
108.435780 63.436554 9.876355 0.339727
112.317156 63.436554 9.925864 -0.165870
116.198532 63.436554 10.066989 -0.027079
120.079908 63.436554 9.979367 -0.468295
123.961284 63.436554 9.841552 0.278242
127.842660 63.436554 10.001857 -0.286663
131.724036 63.436554 10.002859 -0.149002
135.605412 63.436554 10.428448 -0.554928
139.486788 63.436554 10.324103 -0.081414
-54.582013 59.555178 9.776105 1.020029
-50.700637 59.555178 9.430554 1.080940
-46.819261 59.555178 9.533813 1.292933
-42.937885 59.555178 10.062109 0.589100
-39.056509 59.555178 10.114474 0.766021
-35.175133 59.555178 0.000000 0.000000
-31.293757 59.555178 0.000000 0.000000
-27.412381 59.555178 0.000000 0.000000
-23.531005 59.555178 0.000000 0.000000
-19.649629 59.555178 10.647170 0.625349
-15.768253 59.555178 10.898627 0.374620
-11.886877 59.555178 10.590881 0.538640
-8.005501 59.555178 10.485272 0.410723
-4.124125 59.555178 10.644317 0.277197
-0.242749 59.555178 10.900552 -0.234906
3.638627 59.555178 11.004927 -0.063593
7.520003 59.555178 10.880135 0.053653
11.401379 59.555178 10.517621 -0.121108
15.282755 59.555178 10.947278 -0.265913
19.164131 59.555178 10.407003 0.036149
23.045507 59.555178 10.622814 -0.313089
26.926883 59.555178 10.328662 -0.319004
30.808259 59.555178 10.239081 -0.015955
34.689635 59.555178 10.431325 -0.232321
38.571011 59.555178 10.006607 0.618674
42.452387 59.555178 10.543937 -0.832592
46.333763 59.555178 10.535617 -0.454088
50.215140 59.555178 10.234513 -0.379861
54.096516 59.555178 10.204296 -0.342833
57.977892 59.555178 10.505190 -0.903004
61.859268 59.555178 0.000000 0.000000
65.740644 59.555178 0.000000 0.000000
69.622020 59.555178 10.174721 -0.258312
73.503396 59.555178 9.588324 -0.736055
77.384772 59.555178 10.002178 -0.311661
81.266148 59.555178 9.965165 -0.812217
85.147524 59.555178 9.654360 -0.333161
89.028900 59.555178 9.885588 -0.142638
92.910276 59.555178 10.018209 -0.568407
96.791652 59.555178 10.011494 -0.156666
100.673028 59.555178 10.174159 -0.189002
104.554404 59.555178 10.167542 -0.337731
108.435780 59.555178 10.136150 -0.109355
112.317156 59.555178 9.788918 -0.192317
116.198532 59.555178 9.778829 -0.661649
120.079908 59.555178 9.729363 0.290899
123.961284 59.555178 9.250278 0.237613
127.842660 59.555178 9.632166 -0.263246
131.724036 59.555178 9.588188 0.150706
135.605412 59.555178 9.229947 -0.425617
139.486788 59.555178 10.216055 -0.264209
-54.582013 55.673802 9.388680 2.508388
-50.700637 55.673802 10.195104 1.210126
-46.819261 55.673802 9.957136 0.648439
-42.937885 55.673802 9.728123 0.895598
-39.056509 55.673802 10.461949 0.402879
-35.175133 55.673802 0.000000 0.000000
-31.293757 55.673802 0.000000 0.000000
-27.412381 55.673802 0.000000 0.000000
-23.531005 55.673802 10.512698 1.282786
-19.649629 55.673802 11.018885 0.782007
-15.768253 55.673802 10.959363 0.605058
-11.886877 55.673802 11.126563 0.443633
-8.005501 55.673802 10.656532 0.340500
-4.124125 55.673802 11.170109 0.230026
-0.242749 55.673802 11.325788 0.430189
3.638627 55.673802 11.335088 0.724415
7.520003 55.673802 10.845716 -0.180886
11.401379 55.673802 10.465972 -0.122732
15.282755 55.673802 10.597923 -0.226137
19.164131 55.673802 11.014572 -0.301132
23.045507 55.673802 10.585249 -0.279137
26.926883 55.673802 10.376622 -0.362814
30.808259 55.673802 10.490325 -0.243207
34.689635 55.673802 10.347657 -0.347300
38.571011 55.673802 10.471561 -0.392067
42.452387 55.673802 10.224836 -0.257998
46.333763 55.673802 9.619510 -0.424012
50.215140 55.673802 10.301508 -0.604611
54.096516 55.673802 9.991952 -0.754335
57.977892 55.673802 9.431460 -0.936448
61.859268 55.673802 0.000000 0.000000
65.740644 55.673802 0.000000 0.000000
69.622020 55.673802 9.844975 -0.487691
73.503396 55.673802 10.014088 -0.626518
77.384772 55.673802 9.552243 -0.384073
81.266148 55.673802 10.034635 -0.208580
85.147524 55.673802 9.810995 0.120961
89.028900 55.673802 10.168366 0.158308
92.910276 55.673802 9.831313 -0.153785
96.791652 55.673802 9.615691 -0.572483
100.673028 55.673802 9.735166 0.015634
104.554404 55.673802 9.941842 -0.296266
108.435780 55.673802 9.853597 -0.079445
112.317156 55.673802 9.883857 -0.370943
116.198532 55.673802 9.946090 0.158831
120.079908 55.673802 10.185356 -0.344721
123.961284 55.673802 9.511686 0.209159
127.842660 55.673802 10.010759 0.192889
131.724036 55.673802 9.867342 0.039813
135.605412 55.673802 9.960569 0.226291
139.486788 55.673802 9.577201 0.094404
-54.582013 51.792426 9.713854 0.305500
-50.700637 51.792426 9.297597 0.697942
-46.819261 51.792426 9.762477 0.466476
-42.937885 51.792426 9.185282 1.439858
-39.056509 51.792426 9.642006 1.256533
-35.175133 51.792426 0.000000 0.000000
-31.293757 51.792426 0.000000 0.000000
-27.412381 51.792426 0.000000 0.000000
-23.531005 51.792426 10.786040 1.175746
-19.649629 51.792426 11.095217 1.084731
-15.768253 51.792426 11.070457 0.727449
-11.886877 51.792426 11.182957 0.447174
-8.005501 51.792426 10.901064 0.204017
-4.124125 51.792426 11.421881 0.406930
-0.242749 51.792426 11.096993 0.107202
3.638627 51.792426 11.083249 0.125133
7.520003 51.792426 11.000716 -0.367267
11.401379 51.792426 10.687113 -0.090500
15.282755 51.792426 10.915833 -0.398866
19.164131 51.792426 10.529732 -0.538137
23.045507 51.792426 10.655110 0.162402
26.926883 51.792426 10.840345 -0.341994
30.808259 51.792426 10.462351 -0.547439
34.689635 51.792426 10.276325 -0.560632
38.571011 51.792426 10.689676 -0.483667
42.452387 51.792426 10.700929 -0.547397
46.333763 51.792426 10.757739 -0.579137
50.215140 51.792426 10.548323 -0.774371
54.096516 51.792426 10.386447 -0.657164
57.977892 51.792426 10.357112 -0.599012
61.859268 51.792426 0.000000 0.000000
65.740644 51.792426 0.000000 0.000000
69.622020 51.792426 10.151181 -0.519824
73.503396 51.792426 9.661631 -0.822146
77.384772 51.792426 9.873018 -0.060903
81.266148 51.792426 9.692776 -0.344983
85.147524 51.792426 9.825228 -0.755897
89.028900 51.792426 9.452724 0.008663
92.910276 51.792426 9.809027 0.015545
96.791652 51.792426 10.062248 -0.118728
100.673028 51.792426 9.525857 -0.533140
104.554404 51.792426 9.915280 0.245997
108.435780 51.792426 9.770826 0.326906
112.317156 51.792426 9.928640 -0.311377
116.198532 51.792426 10.045616 -0.239411
120.079908 51.792426 10.194416 -0.414320
123.961284 51.792426 9.808376 0.336800
127.842660 51.792426 9.396867 0.343112
131.724036 51.792426 9.726692 0.582917
135.605412 51.792426 10.255834 0.607572
139.486788 51.792426 9.920635 -0.572773
-54.582013 47.911049 10.440370 -0.270845
-50.700637 47.911049 9.877269 0.822601
-46.819261 47.911049 9.586014 0.430258
-42.937885 47.911049 9.458692 1.283858
-39.056509 47.911049 9.536819 1.269906
-35.175133 47.911049 0.000000 0.000000
-31.293757 47.911049 0.000000 0.000000
-27.412381 47.911049 0.000000 0.000000
-23.531005 47.911049 10.889848 1.271401
-19.649629 47.911049 11.502048 1.036857
-15.768253 47.911049 11.265724 0.871448
-11.886877 47.911049 11.621982 0.695782
-8.005501 47.911049 11.645313 0.460160
-4.124125 47.911049 11.594167 0.141620
-0.242749 47.911049 11.472898 0.448780
3.638627 47.911049 11.392379 -0.174432
7.520003 47.911049 11.108000 0.243935
11.401379 47.911049 11.142572 -0.170061
15.282755 47.911049 11.241093 -0.472914
19.164131 47.911049 10.896499 -0.732877
23.045507 47.911049 10.927607 -0.615671
26.926883 47.911049 10.495418 -0.436844
30.808259 47.911049 10.869573 -0.770765
34.689635 47.911049 10.576424 -0.426772
38.571011 47.911049 10.496057 0.037460
42.452387 47.911049 10.369071 -0.631053
46.333763 47.911049 10.612406 -0.473406
50.215140 47.911049 10.459038 -0.676772
54.096516 47.911049 10.382061 -0.972163
57.977892 47.911049 10.021774 -0.886544
61.859268 47.911049 0.000000 0.000000
65.740644 47.911049 0.000000 0.000000
69.622020 47.911049 10.130342 -0.822930
73.503396 47.911049 9.829438 -0.565829
77.384772 47.911049 10.128426 -0.503870
81.266148 47.911049 9.736011 -0.526761
85.147524 47.911049 9.743874 0.061088
89.028900 47.911049 10.121473 0.064818
92.910276 47.911049 10.019162 -0.041643
96.791652 47.911049 9.431337 -0.369043
100.673028 47.911049 9.408813 -0.243192
104.554404 47.911049 9.323366 0.127076
108.435780 47.911049 9.153171 0.512596
112.317156 47.911049 9.714214 0.750379
116.198532 47.911049 9.974163 0.170308
120.079908 47.911049 9.665376 -0.683157
123.961284 47.911049 9.474396 -0.767661
127.842660 47.911049 8.912452 -0.010701
131.724036 47.911049 9.487002 1.421629
135.605412 47.911049 10.023438 0.759247
139.486788 47.911049 10.177592 0.301679
-54.582013 44.029673 0.000000 0.000000
-50.700637 44.029673 9.475914 0.898872
-46.819261 44.029673 9.119378 0.856700
-42.937885 44.029673 9.163347 0.826887
-39.056509 44.029673 9.254023 1.229680
-35.175133 44.029673 0.000000 0.000000
-31.293757 44.029673 0.000000 0.000000
-27.412381 44.029673 10.591291 2.519315
-23.531005 44.029673 11.575891 1.533584
-19.649629 44.029673 11.478243 1.107889
-15.768253 44.029673 11.730277 0.913919
-11.886877 44.029673 11.847568 0.654238
-8.005501 44.029673 11.723843 -0.017993
-4.124125 44.029673 11.045854 -0.210055
-0.242749 44.029673 11.341446 0.226002
3.638627 44.029673 10.783194 -0.450251
7.520003 44.029673 11.110665 0.085465
11.401379 44.029673 10.757575 -0.378450
15.282755 44.029673 10.609032 -0.509970
19.164131 44.029673 10.793203 0.103243
23.045507 44.029673 10.238267 -0.402330
26.926883 44.029673 10.626728 -0.580355
30.808259 44.029673 10.719813 -0.261821
34.689635 44.029673 10.684584 -0.727062
38.571011 44.029673 10.916941 -0.465429
42.452387 44.029673 10.386024 -0.588845
46.333763 44.029673 10.525332 -0.862829
50.215140 44.029673 10.313165 -0.876547
54.096516 44.029673 10.296533 -0.883839
57.977892 44.029673 10.351606 -0.715757
61.859268 44.029673 0.000000 0.000000
65.740644 44.029673 0.000000 0.000000
69.622020 44.029673 9.829278 -0.587036
73.503396 44.029673 10.123453 -0.642052
77.384772 44.029673 9.432633 -0.753243
81.266148 44.029673 8.805748 -0.673588
85.147524 44.029673 9.271670 -0.192756
89.028900 44.029673 9.457560 0.227335
92.910276 44.029673 10.620503 -0.244408
96.791652 44.029673 9.961297 -0.872230
100.673028 44.029673 9.171821 -0.441397
104.554404 44.029673 8.270359 0.523578
108.435780 44.029673 8.696589 1.616089
112.317156 44.029673 10.130036 1.451590
116.198532 44.029673 10.057988 -0.910914
120.079908 44.029673 9.005463 -0.764258
123.961284 44.029673 8.736143 -0.648942
127.842660 44.029673 7.766298 -0.222625
131.724036 44.029673 8.245290 1.460588
135.605412 44.029673 11.170686 2.068500
139.486788 44.029673 11.337049 -0.567066
-54.582013 40.148297 0.000000 0.000000
-50.700637 40.148297 9.460975 0.579783
-46.819261 40.148297 8.942909 1.018487
-42.937885 40.148297 8.934115 0.779981
-39.056509 40.148297 8.323445 1.429171
-35.175133 40.148297 0.000000 0.000000
-31.293757 40.148297 0.000000 0.000000
-27.412381 40.148297 0.000000 0.000000
-23.531005 40.148297 0.000000 0.000000
-19.649629 40.148297 0.000000 0.000000
-15.768253 40.148297 0.000000 0.000000
-11.886877 40.148297 0.000000 0.000000
-8.005501 40.148297 0.000000 0.000000
-4.124125 40.148297 0.000000 0.000000
-0.242749 40.148297 0.000000 0.000000
3.638627 40.148297 0.000000 0.000000
7.520003 40.148297 0.000000 0.000000
11.401379 40.148297 0.000000 0.000000
15.282755 40.148297 0.000000 0.000000
19.164131 40.148297 0.000000 0.000000
23.045507 40.148297 0.000000 0.000000
26.926883 40.148297 0.000000 0.000000
30.808259 40.148297 0.000000 0.000000
34.689635 40.148297 0.000000 0.000000
38.571011 40.148297 0.000000 0.000000
42.452387 40.148297 10.511282 -0.482601
46.333763 40.148297 10.093900 -0.521045
50.215140 40.148297 10.511384 -0.503157
54.096516 40.148297 10.209336 -0.914315
57.977892 40.148297 10.423762 -0.259418
61.859268 40.148297 10.065561 -1.556971
65.740644 40.148297 0.000000 0.000000
69.622020 40.148297 9.746736 0.089957
73.503396 40.148297 10.264218 -1.232173
77.384772 40.148297 9.347217 -1.315156
81.266148 40.148297 8.577309 -1.208639
85.147524 40.148297 8.669172 -1.926327
89.028900 40.148297 7.373981 2.067887
92.910276 40.148297 10.498392 -0.316743
96.791652 40.148297 9.561185 -1.499522
100.673028 40.148297 8.585949 -1.256502
104.554404 40.148297 0.000000 0.000000
108.435780 40.148297 7.412890 2.006559
112.317156 40.148297 9.444468 2.294089
116.198532 40.148297 8.101820 -1.053702
120.079908 40.148297 9.131214 -1.719018
123.961284 40.148297 8.911313 -1.092387
127.842660 40.148297 6.670748 -0.312403
131.724036 40.148297 9.176826 2.464271
135.605412 40.148297 8.345674 1.586096
139.486788 40.148297 8.453482 -0.848443
-54.582013 36.266921 0.000000 0.000000
-50.700637 36.266921 9.075885 0.778249
-46.819261 36.266921 0.000000 0.000000
-42.937885 36.266921 7.644313 0.987421
-39.056509 36.266921 7.175225 1.501844
-35.175133 36.266921 0.000000 0.000000
-31.293757 36.266921 0.000000 0.000000
-27.412381 36.266921 0.000000 0.000000
-23.531005 36.266921 0.000000 0.000000
-19.649629 36.266921 0.000000 0.000000
-15.768253 36.266921 0.000000 0.000000
-11.886877 36.266921 0.000000 0.000000
-8.005501 36.266921 0.000000 0.000000
-4.124125 36.266921 0.000000 0.000000
-0.242749 36.266921 0.000000 0.000000
3.638627 36.266921 0.000000 0.000000
7.520003 36.266921 0.000000 0.000000
11.401379 36.266921 0.000000 0.000000
15.282755 36.266921 0.000000 0.000000
19.164131 36.266921 0.000000 0.000000
23.045507 36.266921 0.000000 0.000000
26.926883 36.266921 0.000000 0.000000
30.808259 36.266921 0.000000 0.000000
34.689635 36.266921 0.000000 0.000000
38.571011 36.266921 0.000000 0.000000
42.452387 36.266921 0.000000 0.000000
46.333763 36.266921 0.000000 0.000000
50.215140 36.266921 0.000000 0.000000
54.096516 36.266921 0.000000 0.000000
57.977892 36.266921 0.000000 0.000000
61.859268 36.266921 0.000000 0.000000
65.740644 36.266921 0.000000 0.000000
69.622020 36.266921 0.000000 0.000000
73.503396 36.266921 0.000000 0.000000
77.384772 36.266921 8.099056 -1.858030
81.266148 36.266921 8.744915 -2.152154
85.147524 36.266921 10.971458 -1.595580
89.028900 36.266921 7.772708 3.482573
92.910276 36.266921 7.839435 2.494444
96.791652 36.266921 8.649051 -1.586606
100.673028 36.266921 8.334532 -1.389635
104.554404 36.266921 7.410229 -1.229990
108.435780 36.266921 10.098145 1.443177
112.317156 36.266921 8.625265 1.778035
116.198532 36.266921 7.582170 -0.471674
120.079908 36.266921 8.830369 -1.099515
123.961284 36.266921 8.921697 -0.946758
127.842660 36.266921 10.595474 -0.684951
131.724036 36.266921 10.506051 0.529659
135.605412 36.266921 8.419498 0.778147
139.486788 36.266921 8.144154 -0.293496
-54.582013 32.385545 0.000000 0.000000
-50.700637 32.385545 0.000000 0.000000
-46.819261 32.385545 0.000000 0.000000
-42.937885 32.385545 0.000000 0.000000
-39.056509 32.385545 0.000000 0.000000
-35.175133 32.385545 0.000000 0.000000
-31.293757 32.385545 0.000000 0.000000
-27.412381 32.385545 0.000000 0.000000
-23.531005 32.385545 0.000000 0.000000
-19.649629 32.385545 0.000000 0.000000
-15.768253 32.385545 0.000000 0.000000
-11.886877 32.385545 0.000000 0.000000
-8.005501 32.385545 0.000000 0.000000
-4.124125 32.385545 0.000000 0.000000
-0.242749 32.385545 0.000000 0.000000
3.638627 32.385545 0.000000 0.000000
7.520003 32.385545 0.000000 0.000000
11.401379 32.385545 0.000000 0.000000
15.282755 32.385545 0.000000 0.000000
19.164131 32.385545 0.000000 0.000000
23.045507 32.385545 0.000000 0.000000
26.926883 32.385545 0.000000 0.000000
30.808259 32.385545 0.000000 0.000000
34.689635 32.385545 0.000000 0.000000
38.571011 32.385545 0.000000 0.000000
42.452387 32.385545 0.000000 0.000000
46.333763 32.385545 0.000000 0.000000
50.215140 32.385545 0.000000 0.000000
54.096516 32.385545 0.000000 0.000000
57.977892 32.385545 0.000000 0.000000
61.859268 32.385545 0.000000 0.000000
65.740644 32.385545 0.000000 0.000000
69.622020 32.385545 0.000000 0.000000
73.503396 32.385545 0.000000 0.000000
77.384772 32.385545 8.175855 -0.736274
81.266148 32.385545 8.453476 -2.043331
85.147524 32.385545 0.000000 0.000000
89.028900 32.385545 9.969968 1.300085
92.910276 32.385545 8.347515 0.760358
96.791652 32.385545 8.996104 -0.201060
100.673028 32.385545 9.699035 -0.664489
104.554404 32.385545 10.220064 -0.711565
108.435780 32.385545 10.060934 0.867725
112.317156 32.385545 9.371696 0.898610
116.198532 32.385545 8.663595 -0.320284
120.079908 32.385545 9.469760 -0.520132
123.961284 32.385545 9.143346 -0.882536
127.842660 32.385545 9.989176 -0.790151
131.724036 32.385545 10.427361 0.463645
135.605412 32.385545 9.313597 0.654221
139.486788 32.385545 8.978358 0.084141
-54.582013 28.504169 0.000000 0.000000
-50.700637 28.504169 0.000000 0.000000
-46.819261 28.504169 0.000000 0.000000
-42.937885 28.504169 0.000000 0.000000
-39.056509 28.504169 0.000000 0.000000
-35.175133 28.504169 0.000000 0.000000
-31.293757 28.504169 0.000000 0.000000
-27.412381 28.504169 0.000000 0.000000
-23.531005 28.504169 0.000000 0.000000
-19.649629 28.504169 0.000000 0.000000
-15.768253 28.504169 0.000000 0.000000
-11.886877 28.504169 0.000000 0.000000
-8.005501 28.504169 0.000000 0.000000
-4.124125 28.504169 0.000000 0.000000
-0.242749 28.504169 0.000000 0.000000
3.638627 28.504169 0.000000 0.000000
7.520003 28.504169 0.000000 0.000000
11.401379 28.504169 0.000000 0.000000
15.282755 28.504169 0.000000 0.000000
19.164131 28.504169 0.000000 0.000000
23.045507 28.504169 0.000000 0.000000
26.926883 28.504169 0.000000 0.000000
30.808259 28.504169 0.000000 0.000000
34.689635 28.504169 0.000000 0.000000
38.571011 28.504169 0.000000 0.000000
42.452387 28.504169 0.000000 0.000000
46.333763 28.504169 0.000000 0.000000
50.215140 28.504169 0.000000 0.000000
54.096516 28.504169 0.000000 0.000000
57.977892 28.504169 0.000000 0.000000
61.859268 28.504169 0.000000 0.000000
65.740644 28.504169 0.000000 0.000000
69.622020 28.504169 0.000000 0.000000
73.503396 28.504169 0.000000 0.000000
77.384772 28.504169 0.000000 0.000000
81.266148 28.504169 10.034668 -0.495113
85.147524 28.504169 10.095883 0.177023
89.028900 28.504169 9.299596 0.003705
92.910276 28.504169 9.310925 0.223653
96.791652 28.504169 9.242277 -1.429732
100.673028 28.504169 9.924877 -0.002486
104.554404 28.504169 9.787447 -0.224864
108.435780 28.504169 9.803472 0.733825
112.317156 28.504169 9.842128 0.228549
116.198532 28.504169 9.240355 -0.331852
120.079908 28.504169 9.320759 -0.552487
123.961284 28.504169 10.114397 -0.895445
127.842660 28.504169 10.099134 -0.360193
131.724036 28.504169 9.651731 0.212131
135.605412 28.504169 9.578401 -0.281469
139.486788 28.504169 9.449756 -0.140274
-54.582013 24.622793 0.000000 0.000000
-50.700637 24.622793 0.000000 0.000000
-46.819261 24.622793 10.199302 -0.465010
-42.937885 24.622793 0.000000 0.000000
-39.056509 24.622793 0.000000 0.000000
-35.175133 24.622793 0.000000 0.000000
-31.293757 24.622793 0.000000 0.000000
-27.412381 24.622793 0.000000 0.000000
-23.531005 24.622793 0.000000 0.000000
-19.649629 24.622793 0.000000 0.000000
-15.768253 24.622793 0.000000 0.000000
-11.886877 24.622793 0.000000 0.000000
-8.005501 24.622793 0.000000 0.000000
-4.124125 24.622793 0.000000 0.000000
-0.242749 24.622793 0.000000 0.000000
3.638627 24.622793 0.000000 0.000000
7.520003 24.622793 0.000000 0.000000
11.401379 24.622793 0.000000 0.000000
15.282755 24.622793 0.000000 0.000000
19.164131 24.622793 0.000000 0.000000
23.045507 24.622793 0.000000 0.000000
26.926883 24.622793 0.000000 0.000000
30.808259 24.622793 0.000000 0.000000
34.689635 24.622793 0.000000 0.000000
38.571011 24.622793 0.000000 0.000000
42.452387 24.622793 0.000000 0.000000
46.333763 24.622793 0.000000 0.000000
50.215140 24.622793 0.000000 0.000000
54.096516 24.622793 0.000000 0.000000
57.977892 24.622793 0.000000 0.000000
61.859268 24.622793 0.000000 0.000000
65.740644 24.622793 0.000000 0.000000
69.622020 24.622793 9.406805 0.726203
73.503396 24.622793 9.668759 0.801360
77.384772 24.622793 9.526169 0.311060
81.266148 24.622793 9.673300 -0.145467
85.147524 24.622793 9.605345 0.425836
89.028900 24.622793 9.583216 0.303493
92.910276 24.622793 9.496090 0.362781
96.791652 24.622793 9.729169 0.026247
100.673028 24.622793 9.579582 -0.268957
104.554404 24.622793 9.604870 -0.242644
108.435780 24.622793 9.861364 -0.050946
112.317156 24.622793 9.783524 -0.008244
116.198532 24.622793 9.532439 0.296164
120.079908 24.622793 9.505273 -0.272778
123.961284 24.622793 7.809646 0.182557
127.842660 24.622793 10.135814 0.140575
131.724036 24.622793 9.829845 0.352588
135.605412 24.622793 10.098755 0.177459
139.486788 24.622793 9.892839 0.287040
-54.582013 20.741417 0.000000 0.000000
-50.700637 20.741417 0.000000 0.000000
-46.819261 20.741417 9.284345 -0.408985
-42.937885 20.741417 8.975878 -0.137934
-39.056509 20.741417 9.191559 -0.418617
-35.175133 20.741417 9.369266 -1.060919
-31.293757 20.741417 0.000000 0.000000
-27.412381 20.741417 0.000000 0.000000
-23.531005 20.741417 0.000000 0.000000
-19.649629 20.741417 0.000000 0.000000
-15.768253 20.741417 0.000000 0.000000
-11.886877 20.741417 0.000000 0.000000
-8.005501 20.741417 0.000000 0.000000
-4.124125 20.741417 0.000000 0.000000
-0.242749 20.741417 0.000000 0.000000
3.638627 20.741417 0.000000 0.000000
7.520003 20.741417 0.000000 0.000000
11.401379 20.741417 10.946235 0.171159
15.282755 20.741417 10.757924 0.486166
19.164131 20.741417 10.750895 0.442243
23.045507 20.741417 10.634297 0.613137
26.926883 20.741417 10.496883 0.920929
30.808259 20.741417 10.618409 0.417218
34.689635 20.741417 10.355080 0.656762
38.571011 20.741417 10.210845 -0.103144
42.452387 20.741417 10.370231 0.721422
46.333763 20.741417 10.174322 0.645756
50.215140 20.741417 10.252087 0.664319
54.096516 20.741417 10.028172 0.761670
57.977892 20.741417 9.912294 0.549953
61.859268 20.741417 9.811399 0.773116
65.740644 20.741417 9.714699 0.865100
69.622020 20.741417 9.658533 0.638724
73.503396 20.741417 10.117105 0.649471
77.384772 20.741417 9.291853 0.333066
81.266148 20.741417 9.639313 0.403442
85.147524 20.741417 9.714520 0.338246
89.028900 20.741417 9.889641 0.212566
92.910276 20.741417 9.687646 0.239842
96.791652 20.741417 9.778560 0.478463
100.673028 20.741417 9.894580 -0.382537
104.554404 20.741417 10.085207 -0.128569
108.435780 20.741417 9.912359 0.203201
112.317156 20.741417 9.574508 0.185919
116.198532 20.741417 9.614374 0.039934
120.079908 20.741417 10.049428 -0.075493
123.961284 20.741417 9.819391 0.167738
127.842660 20.741417 10.049357 0.127226
131.724036 20.741417 9.881735 0.275421
135.605412 20.741417 9.800729 -0.345609
139.486788 20.741417 10.080479 0.274516
-54.582013 16.860041 0.000000 0.000000
-50.700637 16.860041 9.499252 -0.353750
-46.819261 16.860041 9.324217 -0.163423
-42.937885 16.860041 9.499872 -0.514689
-39.056509 16.860041 10.062878 -0.862538
-35.175133 16.860041 9.695633 -0.748764
-31.293757 16.860041 10.181855 -0.973881
-27.412381 16.860041 10.118293 -0.881451
-23.531005 16.860041 10.361717 -1.148626
-19.649629 16.860041 10.697070 -0.744282
-15.768253 16.860041 10.834500 -0.530182
-11.886877 16.860041 10.849495 -0.473936
-8.005501 16.860041 11.025970 -0.399705
-4.124125 16.860041 10.808765 -0.307935
-0.242749 16.860041 10.951214 -0.191922
3.638627 16.860041 10.855445 -0.024159
7.520003 16.860041 10.771120 0.360983
11.401379 16.860041 10.662479 0.202152
15.282755 16.860041 10.751141 0.445376
19.164131 16.860041 10.657849 0.485168
23.045507 16.860041 10.543060 0.490086
26.926883 16.860041 10.443300 0.271663
30.808259 16.860041 10.525589 0.720564
34.689635 16.860041 10.449198 0.582968
38.571011 16.860041 10.353216 0.643178
42.452387 16.860041 10.208053 0.581095
46.333763 16.860041 10.268629 0.558627
50.215140 16.860041 10.207911 0.592581
54.096516 16.860041 9.975283 0.674719
57.977892 16.860041 10.144577 0.798023
61.859268 16.860041 10.092848 0.386805
65.740644 16.860041 9.975452 0.511083
69.622020 16.860041 10.076478 0.485035
73.503396 16.860041 9.806066 0.614169
77.384772 16.860041 9.600924 0.237790
81.266148 16.860041 9.790291 0.488124
85.147524 16.860041 9.838686 0.293812
89.028900 16.860041 9.836712 0.252580
92.910276 16.860041 9.690271 0.300503
96.791652 16.860041 9.341180 0.048757
100.673028 16.860041 9.843081 0.139151
104.554404 16.860041 9.641916 -0.071123
108.435780 16.860041 9.946994 0.111408
112.317156 16.860041 10.014155 -0.514851
116.198532 16.860041 9.650217 -0.136798
120.079908 16.860041 9.719714 0.265406
123.961284 16.860041 9.704720 -0.041209
127.842660 16.860041 9.457829 -0.339610
131.724036 16.860041 9.787931 -0.068448
135.605412 16.860041 9.734344 0.037502
139.486788 16.860041 9.762317 0.255320
-54.582013 12.978665 10.353389 -0.336900
-50.700637 12.978665 0.000000 0.000000
-46.819261 12.978665 9.353024 -0.372936
-42.937885 12.978665 9.917209 -0.342742
-39.056509 12.978665 9.621241 -0.703125
-35.175133 12.978665 9.619964 -0.854012
-31.293757 12.978665 9.460380 -0.674458
-27.412381 12.978665 10.412167 -0.632212
-23.531005 12.978665 11.008622 -0.970147
-19.649629 12.978665 10.740289 -0.311890
-15.768253 12.978665 10.521134 -0.500119
-11.886877 12.978665 10.762761 -0.252590
-8.005501 12.978665 10.791568 0.030280
-4.124125 12.978665 10.710423 -0.326654
-0.242749 12.978665 10.758091 -0.090809
3.638627 12.978665 10.872256 -0.030035
7.520003 12.978665 10.898680 0.352837
11.401379 12.978665 10.698264 0.041313
15.282755 12.978665 10.642852 0.123754
19.164131 12.978665 10.472363 0.543503
23.045507 12.978665 10.507603 0.388059
26.926883 12.978665 10.722605 0.586922
30.808259 12.978665 10.572888 0.518073
34.689635 12.978665 10.518898 0.313549
38.571011 12.978665 10.392844 0.321205
42.452387 12.978665 10.156713 0.656600
46.333763 12.978665 10.208445 0.593903
50.215140 12.978665 10.192645 0.608359
54.096516 12.978665 10.094970 0.519625
57.977892 12.978665 10.327808 0.575136
61.859268 12.978665 9.863336 0.570142
65.740644 12.978665 10.106978 0.590724
69.622020 12.978665 9.661396 0.629927
73.503396 12.978665 10.007844 0.136750
77.384772 12.978665 9.734669 0.446657
81.266148 12.978665 9.891332 0.378336
85.147524 12.978665 10.082453 0.188823
89.028900 12.978665 9.448627 0.245411
92.910276 12.978665 9.915401 0.177120
96.791652 12.978665 9.520644 0.269554
100.673028 12.978665 9.773501 0.205690
104.554404 12.978665 9.915373 0.091774
108.435780 12.978665 9.886794 0.210562
112.317156 12.978665 9.610456 0.367230
116.198532 12.978665 9.871861 0.136273
120.079908 12.978665 9.853313 -0.003554
123.961284 12.978665 9.574434 0.265075
127.842660 12.978665 10.059987 0.075881
131.724036 12.978665 10.166891 0.237924
135.605412 12.978665 9.689722 0.128663
139.486788 12.978665 9.878043 0.052450
-54.582013 9.097289 10.336053 0.876533
-50.700637 9.097289 8.940457 -0.460748
-46.819261 9.097289 0.000000 0.000000
-42.937885 9.097289 9.743599 -0.249614
-39.056509 9.097289 9.984318 -0.189365
-35.175133 9.097289 10.275026 -0.466762
-31.293757 9.097289 10.280131 -0.408911
-27.412381 9.097289 10.265436 -0.512001
-23.531005 9.097289 10.418194 -0.578507
-19.649629 9.097289 10.506044 -0.510007
-15.768253 9.097289 10.526860 -0.586631
-11.886877 9.097289 10.314051 -0.189732
-8.005501 9.097289 10.760401 -0.398227
-4.124125 9.097289 10.676823 -0.146306
-0.242749 9.097289 10.563582 -0.331523
3.638627 9.097289 10.866047 0.196342
7.520003 9.097289 10.750601 0.219358
11.401379 9.097289 10.731865 -0.189718
15.282755 9.097289 10.304371 0.396103
19.164131 9.097289 10.353414 0.368240
23.045507 9.097289 10.544680 0.400550
26.926883 9.097289 10.460112 0.357451
30.808259 9.097289 10.384121 0.279178
34.689635 9.097289 10.353318 0.393091
38.571011 9.097289 10.153279 0.538624
42.452387 9.097289 10.171355 0.440459
46.333763 9.097289 10.128062 0.336138
50.215140 9.097289 10.219004 0.628563
54.096516 9.097289 10.244988 0.446267
57.977892 9.097289 9.995268 0.587379
61.859268 9.097289 10.050632 0.616954
65.740644 9.097289 10.031618 0.527808
69.622020 9.097289 9.739635 0.640496
73.503396 9.097289 9.700981 0.462667
77.384772 9.097289 9.899203 0.474694
81.266148 9.097289 9.594225 0.534420
85.147524 9.097289 9.804551 0.294748
89.028900 9.097289 9.708495 0.371389
92.910276 9.097289 9.849534 0.251199
96.791652 9.097289 9.610691 0.284089
100.673028 9.097289 9.632144 0.065396
104.554404 9.097289 9.839664 0.293610
108.435780 9.097289 10.035381 0.103894
112.317156 9.097289 9.939695 0.224360
116.198532 9.097289 9.599975 0.333203
120.079908 9.097289 9.811335 0.213880
123.961284 9.097289 9.760354 -0.015241
127.842660 9.097289 9.917878 -0.082602
131.724036 9.097289 9.840836 0.013574
135.605412 9.097289 9.598518 -0.104876
139.486788 9.097289 9.871858 0.020632
-54.582013 5.215913 0.000000 0.000000
-50.700637 5.215913 0.000000 0.000000
-46.819261 5.215913 9.193302 0.188339
-42.937885 5.215913 10.101124 -0.628582
-39.056509 5.215913 10.446637 -0.744490
-35.175133 5.215913 10.249798 -0.527858
-31.293757 5.215913 10.373775 -0.438258
-27.412381 5.215913 10.255399 -0.679918
-23.531005 5.215913 10.172870 -0.320227
-19.649629 5.215913 10.505249 -0.567730
-15.768253 5.215913 10.486544 -0.193532
-11.886877 5.215913 10.522631 -0.428113
-8.005501 5.215913 10.625102 -0.228630
-4.124125 5.215913 10.511076 -0.253011
-0.242749 5.215913 10.725421 -0.265001
3.638627 5.215913 10.496134 -0.014886
7.520003 5.215913 10.620651 0.217975
11.401379 5.215913 10.505507 0.084855
15.282755 5.215913 10.338836 0.238106
19.164131 5.215913 10.406056 0.089303
23.045507 5.215913 10.431609 0.645043
26.926883 5.215913 10.504194 0.717288
30.808259 5.215913 10.632061 0.669898
34.689635 5.215913 10.237350 0.210113
38.571011 5.215913 10.484510 0.413524
42.452387 5.215913 10.573280 0.578006
46.333763 5.215913 10.155806 0.118978
50.215140 5.215913 10.099627 0.528471
54.096516 5.215913 10.232520 0.515187
57.977892 5.215913 10.151631 0.495367
61.859268 5.215913 10.009689 0.467272
65.740644 5.215913 10.047833 0.413609
69.622020 5.215913 9.594752 0.386348
73.503396 5.215913 9.870917 0.365326
77.384772 5.215913 10.039357 0.580650
81.266148 5.215913 9.825758 0.375469
85.147524 5.215913 9.889240 0.433171
89.028900 5.215913 9.842982 0.275267
92.910276 5.215913 9.934096 0.285087
96.791652 5.215913 9.724403 0.202723
100.673028 5.215913 9.624597 -0.108362
104.554404 5.215913 9.539559 0.212851
108.435780 5.215913 9.814804 0.319211
112.317156 5.215913 9.767248 0.279436
116.198532 5.215913 9.822645 0.279931
120.079908 5.215913 9.980730 -0.044147
123.961284 5.215913 9.703245 0.199442
127.842660 5.215913 9.820184 0.140544
131.724036 5.215913 9.632076 0.167561
135.605412 5.215913 9.854615 -0.086023
139.486788 5.215913 9.864218 0.147577
-54.582013 1.334537 0.000000 0.000000
-50.700637 1.334537 0.000000 0.000000
-46.819261 1.334537 10.003782 -0.207515
-42.937885 1.334537 10.202565 -0.387233
-39.056509 1.334537 10.224701 -0.646724
-35.175133 1.334537 10.146348 -0.356190
-31.293757 1.334537 10.382671 -0.342515
-27.412381 1.334537 9.610404 -0.385019
-23.531005 1.334537 10.217674 -0.455065
-19.649629 1.334537 10.361619 -0.246929
-15.768253 1.334537 10.411636 0.126370
-11.886877 1.334537 10.300787 -0.493922
-8.005501 1.334537 10.383495 -0.031795
-4.124125 1.334537 10.464251 -0.067581
-0.242749 1.334537 10.377903 0.032853
3.638627 1.334537 10.391484 -0.136804
7.520003 1.334537 10.485094 0.164509
11.401379 1.334537 10.380969 0.242507
15.282755 1.334537 10.483620 0.183863
19.164131 1.334537 10.462505 0.034676
23.045507 1.334537 10.478745 0.205039
26.926883 1.334537 10.554850 0.401011
30.808259 1.334537 10.284789 0.563211
34.689635 1.334537 10.430919 0.310666
38.571011 1.334537 10.352846 0.469157
42.452387 1.334537 10.390100 0.243697
46.333763 1.334537 9.963018 0.520425
50.215140 1.334537 10.274179 0.522850
54.096516 1.334537 10.164804 0.509731
57.977892 1.334537 10.113774 0.567517
61.859268 1.334537 10.093357 0.496149
65.740644 1.334537 10.165062 0.425057
69.622020 1.334537 9.938082 0.450231
73.503396 1.334537 9.913029 0.405786
77.384772 1.334537 9.985672 0.449347
81.266148 1.334537 9.993096 0.351425
85.147524 1.334537 9.844426 0.262656
89.028900 1.334537 9.638748 0.237143
92.910276 1.334537 9.842819 0.295433
96.791652 1.334537 9.921268 0.310424
100.673028 1.334537 9.936719 0.309285
104.554404 1.334537 9.869446 0.089669
108.435780 1.334537 9.986681 0.152912
112.317156 1.334537 9.872629 0.293209
116.198532 1.334537 9.747448 0.269499
120.079908 1.334537 9.861197 0.158182
123.961284 1.334537 9.963608 0.099805
127.842660 1.334537 10.020060 0.338050
131.724036 1.334537 9.852339 0.020811
135.605412 1.334537 9.745743 0.137833
139.486788 1.334537 9.779714 0.222528
-54.582013 -2.546839 0.000000 0.000000
-50.700637 -2.546839 0.000000 0.000000
-46.819261 -2.546839 0.000000 0.000000
-42.937885 -2.546839 10.382332 -0.702302
-39.056509 -2.546839 0.000000 0.000000
-35.175133 -2.546839 9.658650 0.510577
-31.293757 -2.546839 10.260473 -0.057604
-27.412381 -2.546839 10.232070 -0.190878
-23.531005 -2.546839 10.378640 -0.398512
-19.649629 -2.546839 10.483542 -0.224207
-15.768253 -2.546839 10.234091 -0.412381
-11.886877 -2.546839 10.159723 -0.023705
-8.005501 -2.546839 10.342981 -0.132026
-4.124125 -2.546839 10.507044 -0.385087
-0.242749 -2.546839 10.443473 -0.092815
3.638627 -2.546839 10.474384 -0.105601
7.520003 -2.546839 10.517751 0.097044
11.401379 -2.546839 10.443901 0.218528
15.282755 -2.546839 10.497883 0.237991
19.164131 -2.546839 10.449430 0.151974
23.045507 -2.546839 10.341467 0.333419
26.926883 -2.546839 10.429558 0.350724
30.808259 -2.546839 10.492364 0.251751
34.689635 -2.546839 10.389788 0.304099
38.571011 -2.546839 10.320408 0.287723
42.452387 -2.546839 10.036701 0.537929
46.333763 -2.546839 10.092780 0.204726
50.215140 -2.546839 10.300586 0.523902
54.096516 -2.546839 10.166553 0.505175
57.977892 -2.546839 9.964190 0.461706
61.859268 -2.546839 10.151555 0.149468
65.740644 -2.546839 9.667136 0.434148
69.622020 -2.546839 10.048420 0.373861
73.503396 -2.546839 10.046659 0.335834
77.384772 -2.546839 10.078017 0.332352
81.266148 -2.546839 9.729897 0.245323
85.147524 -2.546839 9.520576 0.450088
89.028900 -2.546839 9.911468 0.284049
92.910276 -2.546839 9.995950 0.218297
96.791652 -2.546839 9.992998 0.298268
100.673028 -2.546839 10.015612 0.187739
104.554404 -2.546839 9.982121 0.216525
108.435780 -2.546839 9.897159 0.274942
112.317156 -2.546839 9.967186 0.163341
116.198532 -2.546839 9.977433 0.154160
120.079908 -2.546839 9.945208 0.314110
123.961284 -2.546839 9.975350 0.031758
127.842660 -2.546839 9.881787 0.106272
131.724036 -2.546839 9.782971 0.020787
135.605412 -2.546839 9.893556 0.114494
139.486788 -2.546839 9.951266 0.286799
-54.582013 -6.428215 0.000000 0.000000
-50.700637 -6.428215 0.000000 0.000000
-46.819261 -6.428215 9.745344 -0.127703
-42.937885 -6.428215 10.289845 -0.304502
-39.056509 -6.428215 9.435403 -0.209885
-35.175133 -6.428215 9.498943 -0.030026
-31.293757 -6.428215 10.073091 -0.267131
-27.412381 -6.428215 10.425539 -0.547462
-23.531005 -6.428215 10.140752 -0.472109
-19.649629 -6.428215 10.345421 -0.171625
-15.768253 -6.428215 10.473391 -0.075824
-11.886877 -6.428215 10.408456 -0.140587
-8.005501 -6.428215 10.371125 0.205540
-4.124125 -6.428215 10.309470 -0.432720
-0.242749 -6.428215 10.417688 -0.085617
3.638627 -6.428215 10.294124 0.366671
7.520003 -6.428215 10.389868 0.258206
11.401379 -6.428215 10.458458 0.297790
15.282755 -6.428215 10.426291 0.066980
19.164131 -6.428215 10.586288 0.217078
23.045507 -6.428215 10.260899 0.144320
26.926883 -6.428215 10.386317 0.417776
30.808259 -6.428215 10.391043 0.295310
34.689635 -6.428215 10.191091 0.408960
38.571011 -6.428215 10.394399 0.192065
42.452387 -6.428215 10.263484 0.406960
46.333763 -6.428215 10.335215 0.491655
50.215140 -6.428215 10.099631 0.430853
54.096516 -6.428215 10.221440 0.443892
57.977892 -6.428215 10.169671 0.367507
61.859268 -6.428215 10.179289 0.442368
65.740644 -6.428215 9.977319 0.361929
69.622020 -6.428215 10.064620 0.365729
73.503396 -6.428215 9.986122 0.421223
77.384772 -6.428215 10.135039 0.389979
81.266148 -6.428215 9.934093 0.442689
85.147524 -6.428215 9.831298 0.302642
89.028900 -6.428215 9.878943 0.287060
92.910276 -6.428215 9.985774 0.282010
96.791652 -6.428215 9.812158 0.323280
100.673028 -6.428215 9.900783 0.216230
104.554404 -6.428215 9.917246 0.227557
108.435780 -6.428215 9.899805 0.266295
112.317156 -6.428215 10.044003 0.213614
116.198532 -6.428215 9.931534 0.292362
120.079908 -6.428215 9.712752 0.170309
123.961284 -6.428215 9.849599 0.216284
127.842660 -6.428215 9.890745 0.100010
131.724036 -6.428215 9.920105 0.101352
135.605412 -6.428215 9.914105 0.192005
139.486788 -6.428215 10.021460 0.015304
-54.582013 -10.309591 0.000000 0.000000
-50.700637 -10.309591 10.248822 0.154704
-46.819261 -10.309591 9.965005 -0.027174
-42.937885 -10.309591 9.713320 -0.412726
-39.056509 -10.309591 10.043916 -0.332173
-35.175133 -10.309591 10.032528 -0.101559
-31.293757 -10.309591 10.291733 -0.205790
-27.412381 -10.309591 10.044373 0.396180
-23.531005 -10.309591 10.114891 -0.189221
-19.649629 -10.309591 10.274539 0.018395
-15.768253 -10.309591 10.471549 -0.408227
-11.886877 -10.309591 10.181593 -0.003905
-8.005501 -10.309591 10.436899 -0.287328
-4.124125 -10.309591 10.476361 0.098110
-0.242749 -10.309591 10.373137 0.118290
3.638627 -10.309591 10.510412 -0.056329
7.520003 -10.309591 10.304708 -0.118953
11.401379 -10.309591 10.317574 0.136540
15.282755 -10.309591 10.243113 0.224351
19.164131 -10.309591 10.470852 0.024659
23.045507 -10.309591 10.402861 0.465148
26.926883 -10.309591 10.278726 0.184494
30.808259 -10.309591 10.268154 0.205931
34.689635 -10.309591 10.218569 0.403351
38.571011 -10.309591 10.072835 0.310430
42.452387 -10.309591 10.092011 0.337676
46.333763 -10.309591 10.309994 0.212448
50.215140 -10.309591 10.206903 0.498661
54.096516 -10.309591 10.076876 0.390219
57.977892 -10.309591 10.105822 0.462476
61.859268 -10.309591 10.210293 0.369572
65.740644 -10.309591 10.101315 0.275176
69.622020 -10.309591 10.062041 0.307926
73.503396 -10.309591 9.914935 0.286756
77.384772 -10.309591 10.187321 0.276148
81.266148 -10.309591 10.112463 0.324168
85.147524 -10.309591 10.010032 0.330006
89.028900 -10.309591 9.910675 0.307441
92.910276 -10.309591 9.967426 0.380358
96.791652 -10.309591 9.848144 0.171124
100.673028 -10.309591 9.851357 0.163737
104.554404 -10.309591 9.929963 0.231999
108.435780 -10.309591 9.954761 0.295777
112.317156 -10.309591 9.912177 0.230495
116.198532 -10.309591 9.835650 0.229986
120.079908 -10.309591 9.866997 0.065735
123.961284 -10.309591 9.843711 0.243275
127.842660 -10.309591 9.700232 0.094378
131.724036 -10.309591 9.876343 0.343808
135.605412 -10.309591 9.898803 0.240289
139.486788 -10.309591 10.079889 0.032083
-54.582013 -14.190967 0.000000 0.000000
-50.700637 -14.190967 9.757424 -1.294081
-46.819261 -14.190967 0.000000 0.000000
-42.937885 -14.190967 9.995404 -0.088736
-39.056509 -14.190967 10.239902 -0.104902
-35.175133 -14.190967 9.669999 -0.308674
-31.293757 -14.190967 10.124077 0.511603
-27.412381 -14.190967 10.260048 0.191316
-23.531005 -14.190967 10.271643 -0.208307
-19.649629 -14.190967 10.282701 -0.204910
-15.768253 -14.190967 10.236463 -0.084869
-11.886877 -14.190967 10.215419 -0.150999
-8.005501 -14.190967 10.246348 0.433939
-4.124125 -14.190967 10.392999 -0.154573
-0.242749 -14.190967 10.384583 0.158179
3.638627 -14.190967 10.268441 0.164441
7.520003 -14.190967 10.302014 0.072364
11.401379 -14.190967 10.411802 0.332214
15.282755 -14.190967 10.314581 0.155915
19.164131 -14.190967 10.261063 0.042014
23.045507 -14.190967 10.423546 0.371388
26.926883 -14.190967 10.497149 0.346439
30.808259 -14.190967 10.390793 0.429198
34.689635 -14.190967 10.203284 0.352092
38.571011 -14.190967 10.301237 0.474342
42.452387 -14.190967 10.184989 0.423251
46.333763 -14.190967 10.199611 0.335920
50.215140 -14.190967 10.175377 0.181201
54.096516 -14.190967 10.178246 0.364099
57.977892 -14.190967 10.166944 0.224002
61.859268 -14.190967 10.114992 0.366428
65.740644 -14.190967 10.056316 0.327014
69.622020 -14.190967 9.992458 0.544675
73.503396 -14.190967 9.991057 0.493883
77.384772 -14.190967 10.104825 0.395346
81.266148 -14.190967 9.932888 0.366104
85.147524 -14.190967 10.080444 0.182942
89.028900 -14.190967 10.054929 0.327219
92.910276 -14.190967 9.768702 0.251651
96.791652 -14.190967 9.902439 0.194143
100.673028 -14.190967 9.785294 0.271573
104.554404 -14.190967 9.900987 0.295345
108.435780 -14.190967 9.968361 0.155036
112.317156 -14.190967 9.825616 0.221611
116.198532 -14.190967 10.005460 0.162127
120.079908 -14.190967 10.003128 0.141802
123.961284 -14.190967 10.139152 0.229864
127.842660 -14.190967 10.033160 0.187239
131.724036 -14.190967 9.868431 0.166723
135.605412 -14.190967 9.922409 0.326050
139.486788 -14.190967 9.891957 0.365073
-54.582013 -18.072343 0.000000 0.000000
-50.700637 -18.072343 0.000000 0.000000
-46.819261 -18.072343 0.000000 0.000000
-42.937885 -18.072343 10.030643 0.609710
-39.056509 -18.072343 10.303748 0.409861
-35.175133 -18.072343 10.113675 -0.162857
-31.293757 -18.072343 10.146298 -0.420262
-27.412381 -18.072343 10.105961 -0.029440
-23.531005 -18.072343 10.191837 0.039781
-19.649629 -18.072343 10.240386 -0.237587
-15.768253 -18.072343 10.259678 -0.001511
-11.886877 -18.072343 10.128345 0.140769
-8.005501 -18.072343 10.291125 0.011580
-4.124125 -18.072343 10.395772 0.112208
-0.242749 -18.072343 10.382239 0.221968
3.638627 -18.072343 10.199200 0.041103
7.520003 -18.072343 10.236373 0.218306
11.401379 -18.072343 10.602295 0.227577
15.282755 -18.072343 10.279616 0.285960
19.164131 -18.072343 10.307921 0.418575
23.045507 -18.072343 10.297668 0.175132
26.926883 -18.072343 10.284161 0.311009
30.808259 -18.072343 10.222937 0.285716
34.689635 -18.072343 10.214882 0.424559
38.571011 -18.072343 10.271440 0.237371
42.452387 -18.072343 10.215416 0.157878
46.333763 -18.072343 10.185316 0.352923
50.215140 -18.072343 10.195273 0.495167
54.096516 -18.072343 10.180748 0.395486
57.977892 -18.072343 10.163857 0.365706
61.859268 -18.072343 10.191353 0.351570
65.740644 -18.072343 9.985684 0.154101
69.622020 -18.072343 9.921842 0.362262
73.503396 -18.072343 10.048783 0.333146
77.384772 -18.072343 10.082434 0.354677
81.266148 -18.072343 10.023530 0.341957
85.147524 -18.072343 10.012816 0.236100
89.028900 -18.072343 9.966892 0.304082
92.910276 -18.072343 9.997643 0.345364
96.791652 -18.072343 10.090235 0.287866
100.673028 -18.072343 9.892569 0.262378
104.554404 -18.072343 10.081586 0.272597
108.435780 -18.072343 10.115924 0.280816
112.317156 -18.072343 10.001225 0.311217
116.198532 -18.072343 9.909408 0.129630
120.079908 -18.072343 9.999133 0.109536
123.961284 -18.072343 10.008366 0.233938
127.842660 -18.072343 9.952084 0.106207
131.724036 -18.072343 9.917150 0.172797
135.605412 -18.072343 9.968867 0.225581
139.486788 -18.072343 10.033635 0.240935
-54.582013 -21.953719 0.000000 0.000000
-50.700637 -21.953719 0.000000 0.000000
-46.819261 -21.953719 9.856635 0.921771
-42.937885 -21.953719 9.360228 -0.066468
-39.056509 -21.953719 9.863943 0.237112
-35.175133 -21.953719 9.999358 -0.208315
-31.293757 -21.953719 10.226338 0.340441
-27.412381 -21.953719 9.913704 0.214568
-23.531005 -21.953719 10.024026 -0.119804
-19.649629 -21.953719 10.190834 -0.408507
-15.768253 -21.953719 10.245300 -0.195498
-11.886877 -21.953719 10.129478 0.010600
-8.005501 -21.953719 10.345285 -0.023513
-4.124125 -21.953719 10.297585 -0.089552
-0.242749 -21.953719 10.253326 0.064122
3.638627 -21.953719 10.317095 0.157661
7.520003 -21.953719 10.282372 0.160915
11.401379 -21.953719 10.302797 0.276937
15.282755 -21.953719 10.318376 0.207650
19.164131 -21.953719 10.544982 0.078919
23.045507 -21.953719 10.132772 0.268666
26.926883 -21.953719 10.390374 0.137342
30.808259 -21.953719 10.254563 0.363634
34.689635 -21.953719 10.223134 0.235676
38.571011 -21.953719 10.123207 0.352183
42.452387 -21.953719 10.345103 0.453405
46.333763 -21.953719 10.210341 0.411678
50.215140 -21.953719 10.091540 0.314676
54.096516 -21.953719 10.160543 0.355193
57.977892 -21.953719 10.123534 0.437265
61.859268 -21.953719 9.986798 0.371081
65.740644 -21.953719 10.111908 0.293221
69.622020 -21.953719 10.123478 0.347088
73.503396 -21.953719 10.054977 0.205648
77.384772 -21.953719 9.918338 0.206975
81.266148 -21.953719 9.997791 0.338464
85.147524 -21.953719 9.912369 0.276052
89.028900 -21.953719 9.884638 0.177771
92.910276 -21.953719 10.068858 0.346951
96.791652 -21.953719 10.052359 0.136105
100.673028 -21.953719 10.010507 0.258883
104.554404 -21.953719 10.039490 0.075719
108.435780 -21.953719 9.923486 0.174148
112.317156 -21.953719 10.087394 0.186550
116.198532 -21.953719 9.939782 0.162942
120.079908 -21.953719 9.865745 0.250161
123.961284 -21.953719 10.003288 0.034499
127.842660 -21.953719 9.929729 0.380120
131.724036 -21.953719 9.952657 0.057951
135.605412 -21.953719 9.879961 0.209074
139.486788 -21.953719 9.703424 0.100767
-54.582013 -25.835095 0.000000 0.000000
-50.700637 -25.835095 0.000000 0.000000
-46.819261 -25.835095 0.000000 0.000000
-42.937885 -25.835095 8.866046 0.885033
-39.056509 -25.835095 9.215937 -0.256479
-35.175133 -25.835095 10.169847 -0.022529
-31.293757 -25.835095 10.102987 -0.206780
-27.412381 -25.835095 10.157653 0.057246
-23.531005 -25.835095 10.209451 -0.184748
-19.649629 -25.835095 10.115477 -0.151220
-15.768253 -25.835095 10.172092 -0.249987
-11.886877 -25.835095 10.188836 0.142672
-8.005501 -25.835095 10.118827 -0.008406
-4.124125 -25.835095 10.230746 0.113194
-0.242749 -25.835095 10.344832 0.224705
3.638627 -25.835095 10.210786 -0.008225
7.520003 -25.835095 10.348901 0.023490
11.401379 -25.835095 10.316272 0.480127
15.282755 -25.835095 10.251945 0.218533
19.164131 -25.835095 10.375191 0.430961
23.045507 -25.835095 10.330902 0.232088
26.926883 -25.835095 10.205903 0.328358
30.808259 -25.835095 10.272460 0.214878
34.689635 -25.835095 10.228702 0.421911
38.571011 -25.835095 10.193892 0.243167
42.452387 -25.835095 10.204444 0.479120
46.333763 -25.835095 10.176518 0.324882
50.215140 -25.835095 10.163258 0.244539
54.096516 -25.835095 10.271782 0.472021
57.977892 -25.835095 10.003048 0.341228
61.859268 -25.835095 10.027228 0.306481
65.740644 -25.835095 10.199804 0.334165
69.622020 -25.835095 10.205983 0.275207
73.503396 -25.835095 10.190227 0.326719
77.384772 -25.835095 9.981125 0.297645
81.266148 -25.835095 9.946442 0.218587
85.147524 -25.835095 9.988254 0.379036
89.028900 -25.835095 10.144028 0.145017
92.910276 -25.835095 9.952604 0.265476
96.791652 -25.835095 10.038515 0.245278
100.673028 -25.835095 10.023727 0.119831
104.554404 -25.835095 9.793347 0.299008
108.435780 -25.835095 9.977553 0.295256
112.317156 -25.835095 9.800483 0.257736
116.198532 -25.835095 10.039431 0.245143
120.079908 -25.835095 9.935275 0.150731
123.961284 -25.835095 9.881819 0.085446
127.842660 -25.835095 9.976974 0.290530
131.724036 -25.835095 9.896440 0.197392
135.605412 -25.835095 9.902087 0.372520
139.486788 -25.835095 9.975557 0.347327
-54.582013 -29.716471 0.000000 0.000000
-50.700637 -29.716471 0.000000 0.000000
-46.819261 -29.716471 0.000000 0.000000
-42.937885 -29.716471 9.419634 0.771629
-39.056509 -29.716471 10.505397 -0.661390
-35.175133 -29.716471 10.171173 0.006837
-31.293757 -29.716471 9.960800 -0.180905
-27.412381 -29.716471 10.069525 0.317811
-23.531005 -29.716471 10.139605 -0.239561
-19.649629 -29.716471 10.351094 0.064818
-15.768253 -29.716471 10.201603 0.092974
-11.886877 -29.716471 10.120184 0.234596
-8.005501 -29.716471 10.249964 0.337096
-4.124125 -29.716471 10.292640 0.057839
-0.242749 -29.716471 10.182075 0.001303
3.638627 -29.716471 10.283605 -0.022285
7.520003 -29.716471 10.275153 0.315196
11.401379 -29.716471 10.333083 0.138502
15.282755 -29.716471 10.194567 0.237112
19.164131 -29.716471 10.486269 0.083933
23.045507 -29.716471 10.167027 0.147953
26.926883 -29.716471 10.267753 0.269722
30.808259 -29.716471 10.198345 0.258265
34.689635 -29.716471 10.071873 0.243039
38.571011 -29.716471 9.997026 0.116251
42.452387 -29.716471 10.217572 0.339505
46.333763 -29.716471 10.129200 0.172910
50.215140 -29.716471 10.148359 0.091928
54.096516 -29.716471 10.200761 0.112762
57.977892 -29.716471 10.011709 0.202274
61.859268 -29.716471 10.096513 0.306633
65.740644 -29.716471 10.146746 0.303254
69.622020 -29.716471 10.041152 0.260527
73.503396 -29.716471 10.064713 0.240397
77.384772 -29.716471 9.928930 0.367311
81.266148 -29.716471 9.968361 0.328226
85.147524 -29.716471 9.996385 0.255053
89.028900 -29.716471 9.927150 0.314200
92.910276 -29.716471 9.973093 0.280707
96.791652 -29.716471 10.165676 0.187100
100.673028 -29.716471 9.875967 0.296382
104.554404 -29.716471 10.095856 0.316131
108.435780 -29.716471 9.683202 0.097711
112.317156 -29.716471 10.048997 0.240849
116.198532 -29.716471 9.861099 0.128249
120.079908 -29.716471 9.899318 0.150658
123.961284 -29.716471 10.037124 0.346416
127.842660 -29.716471 9.731359 0.232213
131.724036 -29.716471 9.728876 0.219187
135.605412 -29.716471 10.037846 0.470622
139.486788 -29.716471 9.875488 0.152526
-54.582013 -33.597847 0.000000 0.000000
-50.700637 -33.597847 0.000000 0.000000
-46.819261 -33.597847 0.000000 0.000000
-42.937885 -33.597847 9.387502 0.079544
-39.056509 -33.597847 9.882232 -0.036419
-35.175133 -33.597847 10.431054 0.203754
-31.293757 -33.597847 9.935664 0.136102
-27.412381 -33.597847 10.212461 0.256193
-23.531005 -33.597847 10.308822 0.014043
-19.649629 -33.597847 10.353006 0.165446
-15.768253 -33.597847 10.107512 0.020144
-11.886877 -33.597847 10.245559 0.371898
-8.005501 -33.597847 10.273904 0.083830
-4.124125 -33.597847 10.292067 0.159649
-0.242749 -33.597847 10.247848 -0.084373
3.638627 -33.597847 10.245418 0.119527
7.520003 -33.597847 10.453078 0.229593
11.401379 -33.597847 10.342867 0.167784
15.282755 -33.597847 10.352976 0.337022
19.164131 -33.597847 10.283981 0.257674
23.045507 -33.597847 10.264573 0.170022
26.926883 -33.597847 10.188444 0.269871
30.808259 -33.597847 10.159365 0.214845
34.689635 -33.597847 10.101716 0.150646
38.571011 -33.597847 10.177947 0.280921
42.452387 -33.597847 10.188530 0.374071
46.333763 -33.597847 10.263357 0.394189
50.215140 -33.597847 10.230975 0.381053
54.096516 -33.597847 10.311003 0.346205
57.977892 -33.597847 10.132782 0.153860
61.859268 -33.597847 10.163680 0.360934
65.740644 -33.597847 9.958278 0.298272
69.622020 -33.597847 10.016611 0.136734
73.503396 -33.597847 9.945597 0.265430
77.384772 -33.597847 9.984500 0.268041
81.266148 -33.597847 9.953438 0.338064
85.147524 -33.597847 9.946512 0.203215
89.028900 -33.597847 10.066888 0.265143
92.910276 -33.597847 10.004510 0.153766
96.791652 -33.597847 9.902599 0.202675
100.673028 -33.597847 9.781845 0.189622
104.554404 -33.597847 9.854226 0.212271
108.435780 -33.597847 10.007413 0.208907
112.317156 -33.597847 10.033900 0.294148
116.198532 -33.597847 10.060502 0.313848
120.079908 -33.597847 10.060187 0.220308
123.961284 -33.597847 9.950782 0.285888
127.842660 -33.597847 10.046711 0.220077
131.724036 -33.597847 9.664989 0.374276
135.605412 -33.597847 10.235361 0.329217
139.486788 -33.597847 9.964703 0.032108
-54.582013 -37.479223 0.000000 0.000000
-50.700637 -37.479223 0.000000 0.000000
-46.819261 -37.479223 0.000000 0.000000
-42.937885 -37.479223 10.129237 -0.800392
-39.056509 -37.479223 9.324479 -0.242599
-35.175133 -37.479223 9.948206 0.329065
-31.293757 -37.479223 10.397107 0.357960
-27.412381 -37.479223 10.336007 0.109755
-23.531005 -37.479223 10.261220 0.256206
-19.649629 -37.479223 9.968056 0.154453
-15.768253 -37.479223 10.132091 -0.070976
-11.886877 -37.479223 10.323998 0.274493
-8.005501 -37.479223 10.329264 0.153200
-4.124125 -37.479223 10.189909 0.069394
-0.242749 -37.479223 10.273287 0.221449
3.638627 -37.479223 10.268768 0.169510
7.520003 -37.479223 10.402126 0.059782
11.401379 -37.479223 10.333413 0.239186
15.282755 -37.479223 10.320155 0.363207
19.164131 -37.479223 10.165828 0.172303
23.045507 -37.479223 10.216163 0.254028
26.926883 -37.479223 10.226860 0.125469
30.808259 -37.479223 10.171062 0.195299
34.689635 -37.479223 10.152844 0.108127
38.571011 -37.479223 10.111442 0.101577
42.452387 -37.479223 10.231043 0.324048
46.333763 -37.479223 10.172672 0.264969
50.215140 -37.479223 10.120616 0.315792
54.096516 -37.479223 10.027743 0.281032
57.977892 -37.479223 10.030329 0.321390
61.859268 -37.479223 10.187571 0.415324
65.740644 -37.479223 10.129891 0.236410
69.622020 -37.479223 9.912007 0.294975
73.503396 -37.479223 9.940202 0.317977
77.384772 -37.479223 9.923251 0.336650
81.266148 -37.479223 10.180236 0.350858
85.147524 -37.479223 10.046489 0.380342
89.028900 -37.479223 10.028866 0.184764
92.910276 -37.479223 9.895918 0.261130
96.791652 -37.479223 10.112821 0.398679
100.673028 -37.479223 9.926453 0.174753
104.554404 -37.479223 9.862632 0.389149
108.435780 -37.479223 9.977319 0.333121
112.317156 -37.479223 9.797623 0.205365
116.198532 -37.479223 10.123732 0.204138
120.079908 -37.479223 10.080729 0.193208
123.961284 -37.479223 9.734897 0.298448
127.842660 -37.479223 9.939461 0.097822
131.724036 -37.479223 9.719862 0.387351
135.605412 -37.479223 10.097466 0.147015
139.486788 -37.479223 9.788132 0.276375
-54.582013 -41.360599 0.000000 0.000000
-50.700637 -41.360599 0.000000 0.000000
-46.819261 -41.360599 0.000000 0.000000
-42.937885 -41.360599 0.000000 0.000000
-39.056509 -41.360599 8.709417 0.247410
-35.175133 -41.360599 9.569341 -0.196188
-31.293757 -41.360599 9.767695 -0.356504
-27.412381 -41.360599 9.215296 0.671218
-23.531005 -41.360599 10.422972 0.326017
-19.649629 -41.360599 10.112318 0.379252
-15.768253 -41.360599 10.006382 0.451420
-11.886877 -41.360599 10.316503 0.045199
-8.005501 -41.360599 10.101747 0.187216
-4.124125 -41.360599 10.191621 0.396378
-0.242749 -41.360599 10.079405 0.431330
3.638627 -41.360599 10.156028 0.079524
7.520003 -41.360599 10.207670 0.219869
11.401379 -41.360599 10.264153 0.265099
15.282755 -41.360599 10.129148 0.155915
19.164131 -41.360599 10.234534 0.281534
23.045507 -41.360599 10.204432 0.200150
26.926883 -41.360599 10.181500 0.351362
30.808259 -41.360599 10.293729 0.339901
34.689635 -41.360599 10.230815 0.196067
38.571011 -41.360599 10.108280 0.455253
42.452387 -41.360599 10.195332 0.404236
46.333763 -41.360599 10.100781 0.336924
50.215140 -41.360599 10.142967 0.431351
54.096516 -41.360599 10.139771 0.119588
57.977892 -41.360599 9.875871 0.264906
61.859268 -41.360599 10.160871 0.210104
65.740644 -41.360599 10.004362 0.159121
69.622020 -41.360599 10.179427 0.380359
73.503396 -41.360599 10.163332 0.282342
77.384772 -41.360599 10.226213 0.299406
81.266148 -41.360599 10.092178 0.374566
85.147524 -41.360599 10.095106 0.088711
89.028900 -41.360599 10.049937 0.319192
92.910276 -41.360599 9.997899 0.299627
96.791652 -41.360599 10.024570 0.174176
100.673028 -41.360599 9.988041 0.275238
104.554404 -41.360599 9.844004 0.189534
108.435780 -41.360599 10.082780 0.041561
112.317156 -41.360599 10.105624 0.234659
116.198532 -41.360599 10.007172 0.134057
120.079908 -41.360599 9.810433 0.365909
123.961284 -41.360599 10.011644 0.295200
127.842660 -41.360599 10.136134 -0.002378
131.724036 -41.360599 9.827424 0.422150
135.605412 -41.360599 10.024248 0.321891
139.486788 -41.360599 10.134188 0.200863
-54.582013 -45.241975 0.000000 0.000000
-50.700637 -45.241975 0.000000 0.000000
-46.819261 -45.241975 0.000000 0.000000
-42.937885 -45.241975 0.000000 0.000000
-39.056509 -45.241975 0.000000 0.000000
-35.175133 -45.241975 0.000000 0.000000
-31.293757 -45.241975 0.000000 0.000000
-27.412381 -45.241975 0.000000 0.000000
-23.531005 -45.241975 0.000000 0.000000
-19.649629 -45.241975 0.000000 0.000000
-15.768253 -45.241975 0.000000 0.000000
-11.886877 -45.241975 0.000000 0.000000
-8.005501 -45.241975 0.000000 0.000000
-4.124125 -45.241975 0.000000 0.000000
-0.242749 -45.241975 0.000000 0.000000
3.638627 -45.241975 0.000000 0.000000
7.520003 -45.241975 0.000000 0.000000
11.401379 -45.241975 0.000000 0.000000
15.282755 -45.241975 0.000000 0.000000
19.164131 -45.241975 0.000000 0.000000
23.045507 -45.241975 0.000000 0.000000
26.926883 -45.241975 0.000000 0.000000
30.808259 -45.241975 0.000000 0.000000
34.689635 -45.241975 0.000000 0.000000
38.571011 -45.241975 0.000000 0.000000
42.452387 -45.241975 0.000000 0.000000
46.333763 -45.241975 0.000000 0.000000
50.215140 -45.241975 0.000000 0.000000
54.096516 -45.241975 0.000000 0.000000
57.977892 -45.241975 0.000000 0.000000
61.859268 -45.241975 0.000000 0.000000
65.740644 -45.241975 0.000000 0.000000
69.622020 -45.241975 0.000000 0.000000
73.503396 -45.241975 0.000000 0.000000
77.384772 -45.241975 0.000000 0.000000
81.266148 -45.241975 0.000000 0.000000
85.147524 -45.241975 0.000000 0.000000
89.028900 -45.241975 0.000000 0.000000
92.910276 -45.241975 0.000000 0.000000
96.791652 -45.241975 0.000000 0.000000
100.673028 -45.241975 0.000000 0.000000
104.554404 -45.241975 0.000000 0.000000
108.435780 -45.241975 0.000000 0.000000
112.317156 -45.241975 0.000000 0.000000
116.198532 -45.241975 0.000000 0.000000
120.079908 -45.241975 0.000000 0.000000
123.961284 -45.241975 0.000000 0.000000
127.842660 -45.241975 0.000000 0.000000
131.724036 -45.241975 0.000000 0.000000
135.605412 -45.241975 0.000000 0.000000
139.486788 -45.241975 0.000000 0.000000
