TITLE = "B00001"
VARIABLES = "position", "position(2)", "Vx", "Vy"
ZONE T="Frame 0", I=51, J=39
-54.582013 102.250314 0.000000 0.000000
-50.700637 102.250314 0.000000 0.000000
-46.819261 102.250314 10.155414 0.164570
-42.937885 102.250314 0.000000 0.000000
-39.056509 102.250314 0.000000 0.000000
-35.175133 102.250314 0.000000 0.000000
-31.293757 102.250314 0.000000 0.000000
-27.412381 102.250314 0.000000 0.000000
-23.531005 102.250314 0.000000 0.000000
-19.649629 102.250314 0.000000 0.000000
-15.768253 102.250314 10.118155 0.765551
-11.886877 102.250314 9.604555 1.008070
-8.005501 102.250314 10.732677 -0.596267
-4.124125 102.250314 9.697116 0.930580
-0.242749 102.250314 10.245399 0.518409
3.638627 102.250314 12.742745 1.036908
7.520003 102.250314 10.177728 -0.526172
11.401379 102.250314 0.000000 0.000000
15.282755 102.250314 9.965220 -0.836633
19.164131 102.250314 11.115644 -0.511521
23.045507 102.250314 10.685046 -2.388999
26.926883 102.250314 10.515694 0.218083
30.808259 102.250314 10.556151 -0.320779
34.689635 102.250314 8.813614 -0.551598
38.571011 102.250314 0.000000 0.000000
42.452387 102.250314 9.698292 -0.701685
46.333763 102.250314 0.000000 0.000000
50.215140 102.250314 0.000000 0.000000
54.096516 102.250314 10.331713 -1.245840
57.977892 102.250314 0.000000 0.000000
61.859268 102.250314 0.000000 0.000000
65.740644 102.250314 0.000000 0.000000
69.622020 102.250314 10.542160 0.094538
73.503396 102.250314 8.362942 0.365300
77.384772 102.250314 8.978476 -0.522535
81.266148 102.250314 8.442682 0.461405
85.147524 102.250314 9.625565 -0.097439
89.028900 102.250314 10.299393 0.727543
92.910276 102.250314 10.152156 -0.064690
96.791652 102.250314 9.534121 -0.285921
100.673028 102.250314 9.786815 -1.090389
104.554404 102.250314 9.944798 -0.635274
108.435780 102.250314 11.149874 -0.000631
112.317156 102.250314 9.916394 0.609206
116.198532 102.250314 9.282677 -0.735736
120.079908 102.250314 0.000000 0.000000
123.961284 102.250314 10.012959 -0.313870
127.842660 102.250314 9.694207 -2.459612
131.724036 102.250314 9.904635 -0.244643
135.605412 102.250314 10.205965 0.521764
139.486788 102.250314 9.592840 -0.967931
-54.582013 98.368938 0.000000 0.000000
-50.700637 98.368938 9.153550 -0.645145
-46.819261 98.368938 9.395775 2.290703
-42.937885 98.368938 10.137343 0.737792
-39.056509 98.368938 9.740434 1.084939
-35.175133 98.368938 0.000000 0.000000
-31.293757 98.368938 0.000000 0.000000
-27.412381 98.368938 0.000000 0.000000
-23.531005 98.368938 0.000000 0.000000
-19.649629 98.368938 0.000000 0.000000
-15.768253 98.368938 10.232780 -0.080449
-11.886877 98.368938 10.633045 0.571519
-8.005501 98.368938 10.448149 0.746869
-4.124125 98.368938 10.117892 0.632157
-0.242749 98.368938 10.334351 2.687519
3.638627 98.368938 10.342876 -0.438445
7.520003 98.368938 8.688571 0.729986
11.401379 98.368938 8.687338 0.737124
15.282755 98.368938 10.102777 -2.359423
19.164131 98.368938 10.505717 -0.504949
23.045507 98.368938 9.537079 -1.232346
26.926883 98.368938 10.103690 -0.847042
30.808259 98.368938 9.487216 0.807767
34.689635 98.368938 0.000000 0.000000
38.571011 98.368938 0.000000 0.000000
42.452387 98.368938 8.343345 0.839557
46.333763 98.368938 9.579515 0.048040
50.215140 98.368938 11.171568 -0.430144
54.096516 98.368938 10.265566 -3.239292
57.977892 98.368938 9.888151 -2.807430
61.859268 98.368938 0.000000 0.000000
65.740644 98.368938 0.000000 0.000000
69.622020 98.368938 0.000000 0.000000
73.503396 98.368938 10.795075 -0.184094
77.384772 98.368938 11.598162 1.161063
81.266148 98.368938 9.560679 -0.806780
85.147524 98.368938 9.919768 0.521617
89.028900 98.368938 11.173761 1.224321
92.910276 98.368938 11.159106 0.711466
96.791652 98.368938 9.812892 -0.123879
100.673028 98.368938 9.611289 -0.546726
104.554404 98.368938 9.742516 0.931546
108.435780 98.368938 9.437182 0.048711
112.317156 98.368938 9.485717 0.424115
116.198532 98.368938 9.923051 0.075566
120.079908 98.368938 10.521486 0.964694
123.961284 98.368938 9.816692 0.639397
127.842660 98.368938 9.432062 -0.345361
131.724036 98.368938 9.791867 -0.344696
135.605412 98.368938 9.524247 0.321760
139.486788 98.368938 9.596264 0.005195
-54.582013 94.487562 8.915530 -0.193097
-50.700637 94.487562 9.359101 -1.839572
-46.819261 94.487562 10.503925 0.770694
-42.937885 94.487562 9.954345 0.842096
-39.056509 94.487562 9.742343 -0.297857
-35.175133 94.487562 0.000000 0.000000
-31.293757 94.487562 0.000000 0.000000
-27.412381 94.487562 0.000000 0.000000
-23.531005 94.487562 0.000000 0.000000
-19.649629 94.487562 0.000000 0.000000
-15.768253 94.487562 10.019421 -0.214845
-11.886877 94.487562 10.908643 -0.059435
-8.005501 94.487562 9.975742 0.881601
-4.124125 94.487562 10.185973 0.479270
-0.242749 94.487562 11.500619 -0.469984
3.638627 94.487562 11.011549 2.491193
7.520003 94.487562 12.214232 0.669581
11.401379 94.487562 9.766011 0.320491
15.282755 94.487562 9.222807 1.373523
19.164131 94.487562 0.000000 0.000000
23.045507 94.487562 9.070043 0.957250
26.926883 94.487562 10.678331 -0.472704
30.808259 94.487562 8.708890 -0.582520
34.689635 94.487562 8.715032 -0.791691
38.571011 94.487562 11.404712 0.007602
42.452387 94.487562 12.302055 0.588623
46.333763 94.487562 10.653913 -0.107418
50.215140 94.487562 10.345940 -0.304554
54.096516 94.487562 9.980042 1.395352
57.977892 94.487562 0.000000 0.000000
61.859268 94.487562 0.000000 0.000000
65.740644 94.487562 0.000000 0.000000
69.622020 94.487562 0.000000 0.000000
73.503396 94.487562 9.262762 0.252220
77.384772 94.487562 10.403008 -0.458956
81.266148 94.487562 9.066894 -0.943374
85.147524 94.487562 10.456731 -0.940820
89.028900 94.487562 9.404436 -0.263479
92.910276 94.487562 10.260226 0.336459
96.791652 94.487562 9.346500 -0.358057
100.673028 94.487562 11.207949 -0.062088
104.554404 94.487562 9.666323 -0.524013
108.435780 94.487562 10.061184 -0.528487
112.317156 94.487562 9.458720 -0.929145
116.198532 94.487562 9.907122 -0.397434
120.079908 94.487562 9.704155 -0.259225
123.961284 94.487562 9.883793 -0.000261
127.842660 94.487562 9.963367 0.214796
131.724036 94.487562 10.022999 -0.539022
135.605412 94.487562 9.607754 -0.127158
139.486788 94.487562 10.320994 0.336952
-54.582013 90.606186 11.992770 1.626801
-50.700637 90.606186 0.000000 0.000000
-46.819261 90.606186 10.753038 0.408166
-42.937885 90.606186 10.051449 0.180928
-39.056509 90.606186 9.020580 1.810417
-35.175133 90.606186 0.000000 0.000000
-31.293757 90.606186 0.000000 0.000000
-27.412381 90.606186 0.000000 0.000000
-23.531005 90.606186 0.000000 0.000000
-19.649629 90.606186 0.000000 0.000000
-15.768253 90.606186 9.987791 -0.412716
-11.886877 90.606186 10.997885 0.007800
-8.005501 90.606186 10.644616 1.752560
-4.124125 90.606186 10.297010 1.057865
-0.242749 90.606186 10.285406 0.348743
3.638627 90.606186 12.810946 1.550066
7.520003 90.606186 10.929585 0.340708
11.401379 90.606186 11.274753 -0.254659
15.282755 90.606186 10.704184 -0.766148
19.164131 90.606186 10.736723 -0.390673
23.045507 90.606186 9.299256 2.012970
26.926883 90.606186 9.608173 1.873419
30.808259 90.606186 9.123130 1.025328
34.689635 90.606186 10.157453 0.137444
38.571011 90.606186 9.497074 0.452908
42.452387 90.606186 9.941334 -0.838806
46.333763 90.606186 10.017567 0.554992
50.215140 90.606186 10.544140 -0.224674
54.096516 90.606186 10.913858 -0.313600
57.977892 90.606186 9.721538 -0.675107
61.859268 90.606186 0.000000 0.000000
65.740644 90.606186 0.000000 0.000000
69.622020 90.606186 0.000000 0.000000
73.503396 90.606186 9.279179 -0.676082
77.384772 90.606186 11.877688 0.826455
81.266148 90.606186 11.196445 -0.683459
85.147524 90.606186 10.776525 0.137148
89.028900 90.606186 8.763910 -0.489835
92.910276 90.606186 10.082104 0.461149
96.791652 90.606186 10.254479 -0.172310
100.673028 90.606186 9.924698 -0.730643
104.554404 90.606186 10.130691 0.987827
108.435780 90.606186 10.482925 -0.803131
112.317156 90.606186 9.929550 1.086329
116.198532 90.606186 9.211341 -0.370388
120.079908 90.606186 9.646318 0.161658
123.961284 90.606186 10.004818 -0.093283
127.842660 90.606186 9.331127 -0.139703
131.724036 90.606186 10.023841 -0.602009
135.605412 90.606186 10.626947 -0.443039
139.486788 90.606186 9.192303 -0.519711
-54.582013 86.724810 0.000000 0.000000
-50.700637 86.724810 10.266488 0.317394
-46.819261 86.724810 10.553310 -1.304306
-42.937885 86.724810 9.840423 1.072466
-39.056509 86.724810 10.224738 0.678070
-35.175133 86.724810 0.000000 0.000000
-31.293757 86.724810 0.000000 0.000000
-27.412381 86.724810 0.000000 0.000000
-23.531005 86.724810 0.000000 0.000000
-19.649629 86.724810 0.000000 0.000000
-15.768253 86.724810 10.139210 0.021410
-11.886877 86.724810 9.992874 0.199073
-8.005501 86.724810 10.364786 0.577790
-4.124125 86.724810 10.375093 -0.948222
-0.242749 86.724810 9.933311 0.792663
3.638627 86.724810 9.837831 0.952003
7.520003 86.724810 11.025196 -0.297927
11.401379 86.724810 11.125154 -0.873091
15.282755 86.724810 9.711830 1.126252
19.164131 86.724810 10.390201 -0.222125
23.045507 86.724810 10.018733 -0.661302
26.926883 86.724810 10.776482 0.001550
30.808259 86.724810 10.551071 -0.042351
34.689635 86.724810 10.087283 -0.279485
38.571011 86.724810 10.268574 -0.660624
42.452387 86.724810 10.145206 -0.220299
46.333763 86.724810 10.382718 -0.758846
50.215140 86.724810 10.037321 0.171137
54.096516 86.724810 10.551710 -0.453876
57.977892 86.724810 10.609262 -0.268018
61.859268 86.724810 0.000000 0.000000
65.740644 86.724810 0.000000 0.000000
69.622020 86.724810 0.000000 0.000000
73.503396 86.724810 10.563083 0.552391
77.384772 86.724810 11.399800 -0.557415
81.266148 86.724810 10.399008 0.292901
85.147524 86.724810 9.640449 -0.576118
89.028900 86.724810 10.643475 0.189818
92.910276 86.724810 10.105479 0.764377
96.791652 86.724810 10.049145 -0.661504
100.673028 86.724810 9.705071 0.385261
104.554404 86.724810 9.565004 -0.023867
108.435780 86.724810 10.255467 -0.201600
112.317156 86.724810 9.672346 -0.086564
116.198532 86.724810 11.699674 -0.322445
120.079908 86.724810 10.165537 0.067638
123.961284 86.724810 10.602634 -0.365177
127.842660 86.724810 10.437861 0.520152
131.724036 86.724810 9.557398 0.287542
135.605412 86.724810 9.656158 0.290786
139.486788 86.724810 9.058750 -0.208810
-54.582013 82.843434 10.104070 0.716358
-50.700637 82.843434 0.000000 0.000000
-46.819261 82.843434 10.265705 0.529412
-42.937885 82.843434 8.725889 1.266003
-39.056509 82.843434 10.573537 0.288685
-35.175133 82.843434 0.000000 0.000000
-31.293757 82.843434 0.000000 0.000000
-27.412381 82.843434 0.000000 0.000000
-23.531005 82.843434 0.000000 0.000000
-19.649629 82.843434 0.000000 0.000000
-15.768253 82.843434 10.045310 0.664712
-11.886877 82.843434 10.402314 0.077764
-8.005501 82.843434 9.744228 0.017720
-4.124125 82.843434 10.829343 0.359637
-0.242749 82.843434 9.915092 0.501576
3.638627 82.843434 10.406512 0.214305
7.520003 82.843434 10.524170 0.181121
11.401379 82.843434 9.873536 0.196379
15.282755 82.843434 10.106898 -0.331193
19.164131 82.843434 11.195576 -0.549782
23.045507 82.843434 10.702250 -0.662097
26.926883 82.843434 10.457292 -0.246648
30.808259 82.843434 10.498968 -0.387176
34.689635 82.843434 10.237524 0.468739
38.571011 82.843434 10.240618 -0.184947
42.452387 82.843434 10.415699 -1.374665
46.333763 82.843434 10.060743 0.420998
50.215140 82.843434 10.184344 -0.499183
54.096516 82.843434 10.126131 -1.143478
57.977892 82.843434 10.222227 -0.087346
61.859268 82.843434 0.000000 0.000000
65.740644 82.843434 0.000000 0.000000
69.622020 82.843434 10.257487 -0.388911
73.503396 82.843434 9.366020 -0.206174
77.384772 82.843434 9.262105 -0.150237
81.266148 82.843434 10.032701 0.277192
85.147524 82.843434 10.399202 -0.565961
89.028900 82.843434 11.309097 0.655872
92.910276 82.843434 10.412539 -0.476017
96.791652 82.843434 10.537348 0.660219
100.673028 82.843434 10.392376 0.152133
104.554404 82.843434 10.586656 -0.099592
108.435780 82.843434 9.778822 0.427837
112.317156 82.843434 10.327539 0.122749
116.198532 82.843434 10.184564 -0.264648
120.079908 82.843434 10.055647 -0.316359
123.961284 82.843434 9.457587 -0.834281
127.842660 82.843434 10.336109 -0.470782
131.724036 82.843434 9.990947 0.378774
135.605412 82.843434 9.306523 -0.450081
139.486788 82.843434 9.497821 0.002031
-54.582013 78.962058 10.716475 1.023445
-50.700637 78.962058 9.716105 1.852270
-46.819261 78.962058 10.012052 0.900166
-42.937885 78.962058 9.707265 1.351091
-39.056509 78.962058 9.666266 0.598925
-35.175133 78.962058 0.000000 0.000000
-31.293757 78.962058 0.000000 0.000000
-27.412381 78.962058 0.000000 0.000000
-23.531005 78.962058 0.000000 0.000000
-19.649629 78.962058 0.000000 0.000000
-15.768253 78.962058 10.092166 0.824282
-11.886877 78.962058 10.766984 0.311703
-8.005501 78.962058 10.644946 0.402650
-4.124125 78.962058 9.952111 -0.360457
-0.242749 78.962058 11.314363 0.013475
3.638627 78.962058 10.551046 0.193163
7.520003 78.962058 10.637250 0.361509
11.401379 78.962058 9.682628 0.591182
15.282755 78.962058 9.972643 -0.365326
19.164131 78.962058 10.545611 -0.430107
23.045507 78.962058 10.577695 -0.733242
26.926883 78.962058 10.135376 -0.080787
30.808259 78.962058 10.045797 -0.733184
34.689635 78.962058 10.283396 -0.034625
38.571011 78.962058 9.488348 -0.750040
42.452387 78.962058 10.536388 -0.386700
46.333763 78.962058 10.686024 -0.907142
50.215140 78.962058 10.088807 -0.712830
54.096516 78.962058 10.151256 0.096767
57.977892 78.962058 9.532973 -0.006900
61.859268 78.962058 0.000000 0.000000
65.740644 78.962058 0.000000 0.000000
69.622020 78.962058 10.595666 -0.706750
73.503396 78.962058 10.188962 0.089558
77.384772 78.962058 9.263999 -0.001461
81.266148 78.962058 9.958801 0.190529
85.147524 78.962058 10.043880 -0.404910
89.028900 78.962058 9.865001 0.166003
92.910276 78.962058 10.393449 0.322453
96.791652 78.962058 10.168733 -0.289217
100.673028 78.962058 10.230099 0.204717
104.554404 78.962058 10.057239 -0.333880
108.435780 78.962058 10.185473 -0.480521
112.317156 78.962058 10.117630 0.228274
116.198532 78.962058 9.719236 -0.293136
120.079908 78.962058 9.909626 -0.170335
123.961284 78.962058 10.340908 0.435803
127.842660 78.962058 10.282760 -0.379456
131.724036 78.962058 10.325905 -0.540130
135.605412 78.962058 9.015842 0.126487
139.486788 78.962058 9.572843 -0.356512
-54.582013 75.080682 9.845605 0.942407
-50.700637 75.080682 0.000000 0.000000
-46.819261 75.080682 10.667500 0.513938
-42.937885 75.080682 10.193047 0.353268
-39.056509 75.080682 10.602332 0.472351
-35.175133 75.080682 0.000000 0.000000
-31.293757 75.080682 0.000000 0.000000
-27.412381 75.080682 0.000000 0.000000
-23.531005 75.080682 0.000000 0.000000
-19.649629 75.080682 0.000000 0.000000
-15.768253 75.080682 10.469152 0.600928
-11.886877 75.080682 10.618535 0.397544
-8.005501 75.080682 10.724154 -0.550115
-4.124125 75.080682 10.822461 -0.163255
-0.242749 75.080682 10.083970 0.660033
3.638627 75.080682 10.444932 0.590482
7.520003 75.080682 10.125631 0.085681
11.401379 75.080682 10.134527 0.097829
15.282755 75.080682 10.399662 -0.367069
19.164131 75.080682 10.457998 0.164757
23.045507 75.080682 10.503685 0.465899
26.926883 75.080682 10.373038 -0.738930
30.808259 75.080682 10.266050 -0.376147
34.689635 75.080682 10.239547 -0.026556
38.571011 75.080682 10.551064 -0.180345
42.452387 75.080682 10.364536 -0.519219
46.333763 75.080682 10.642453 0.429587
50.215140 75.080682 10.328129 0.101354
54.096516 75.080682 10.335853 0.303570
57.977892 75.080682 10.449386 -0.167029
61.859268 75.080682 0.000000 0.000000
65.740644 75.080682 0.000000 0.000000
69.622020 75.080682 9.844498 0.313477
73.503396 75.080682 9.927246 -0.396157
77.384772 75.080682 10.419271 0.213559
81.266148 75.080682 9.890190 -0.446986
85.147524 75.080682 10.431257 0.339145
89.028900 75.080682 9.577910 -0.458035
92.910276 75.080682 10.544152 0.299545
96.791652 75.080682 9.467190 -0.525459
100.673028 75.080682 9.835900 -0.428774
104.554404 75.080682 9.939476 -0.252666
108.435780 75.080682 10.018788 -0.445877
112.317156 75.080682 9.297843 -0.293803
116.198532 75.080682 9.659996 -0.493831
120.079908 75.080682 9.698362 0.293884
123.961284 75.080682 9.653832 -0.024429
127.842660 75.080682 9.670323 -0.545206
131.724036 75.080682 10.278617 0.936634
135.605412 75.080682 10.146006 0.425361
139.486788 75.080682 9.508185 0.494647
-54.582013 71.199306 0.000000 0.000000
-50.700637 71.199306 0.000000 0.000000
-46.819261 71.199306 0.000000 0.000000
-42.937885 71.199306 10.605376 -0.225938
-39.056509 71.199306 11.500239 0.816905
-35.175133 71.199306 0.000000 0.000000
-31.293757 71.199306 0.000000 0.000000
-27.412381 71.199306 0.000000 0.000000
-23.531005 71.199306 0.000000 0.000000
-19.649629 71.199306 0.000000 0.000000
-15.768253 71.199306 10.594704 0.070240
-11.886877 71.199306 11.161330 0.319587
-8.005501 71.199306 10.285095 0.244782
-4.124125 71.199306 10.652830 0.817613
-0.242749 71.199306 10.718912 0.531852
3.638627 71.199306 10.736856 0.123443
7.520003 71.199306 10.314695 0.327499
11.401379 71.199306 10.720381 0.303285
15.282755 71.199306 10.622598 -0.246628
19.164131 71.199306 10.627548 0.056028
23.045507 71.199306 10.344845 0.128184
26.926883 71.199306 10.759491 -0.604326
30.808259 71.199306 10.415137 0.066218
34.689635 71.199306 9.604272 1.198443
38.571011 71.199306 10.221872 -0.264946
42.452387 71.199306 10.373365 0.442533
46.333763 71.199306 10.702509 -0.648882
50.215140 71.199306 10.705208 -0.408756
54.096516 71.199306 10.099594 -0.347017
57.977892 71.199306 10.154815 -0.403193
61.859268 71.199306 0.000000 0.000000
65.740644 71.199306 0.000000 0.000000
69.622020 71.199306 9.907794 -0.044002
73.503396 71.199306 10.097610 -0.351336
77.384772 71.199306 10.442979 -0.271442
81.266148 71.199306 9.904286 -0.489710
85.147524 71.199306 10.058537 -0.660988
89.028900 71.199306 9.932326 -0.412065
92.910276 71.199306 10.151591 -0.193737
96.791652 71.199306 10.155531 -0.295771
100.673028 71.199306 9.847650 -0.048231
104.554404 71.199306 10.088258 -0.316163
108.435780 71.199306 10.012484 -0.114727
112.317156 71.199306 9.673112 -0.226972
116.198532 71.199306 9.654150 0.076030
120.079908 71.199306 9.813087 0.419545
123.961284 71.199306 9.960717 -0.706748
127.842660 71.199306 9.416322 0.053500
131.724036 71.199306 10.012789 -0.056140
135.605412 71.199306 9.754688 0.455996
139.486788 71.199306 10.002869 0.235707
-54.582013 67.317930 0.000000 0.000000
-50.700637 67.317930 0.000000 0.000000
-46.819261 67.317930 10.235639 0.697021
-42.937885 67.317930 9.391475 1.485204
-39.056509 67.317930 10.227687 1.139782
-35.175133 67.317930 0.000000 0.000000
-31.293757 67.317930 0.000000 0.000000
-27.412381 67.317930 0.000000 0.000000
-23.531005 67.317930 0.000000 0.000000
-19.649629 67.317930 10.636575 0.636400
-15.768253 67.317930 10.435357 0.328823
-11.886877 67.317930 10.568040 0.455600
-8.005501 67.317930 9.778381 0.677287
-4.124125 67.317930 12.108648 1.337082
-0.242749 67.317930 9.432019 0.344414
3.638627 67.317930 11.130508 0.088167
7.520003 67.317930 10.636028 -0.320488
11.401379 67.317930 10.137856 0.781557
15.282755 67.317930 10.454907 0.113428
19.164131 67.317930 10.385210 -0.408588
23.045507 67.317930 10.502131 0.264136
26.926883 67.317930 10.243896 -0.136952
30.808259 67.317930 10.591890 -0.295354
34.689635 67.317930 10.611148 -0.239279
38.571011 67.317930 10.009665 -0.392536
42.452387 67.317930 10.302986 -0.283300
46.333763 67.317930 10.210728 -0.033194
50.215140 67.317930 10.211348 -0.374768
54.096516 67.317930 10.102241 -0.771637
57.977892 67.317930 9.806220 -0.265489
61.859268 67.317930 0.000000 0.000000
65.740644 67.317930 0.000000 0.000000
69.622020 67.317930 10.118602 -0.371477
73.503396 67.317930 9.717583 -0.437723
77.384772 67.317930 9.909121 -0.460054
81.266148 67.317930 10.205030 -0.402865
85.147524 67.317930 10.091716 -0.242757
89.028900 67.317930 9.517963 -0.210032
92.910276 67.317930 9.967587 -0.367257
96.791652 67.317930 9.515977 -0.260479
100.673028 67.317930 10.129675 0.019327
104.554404 67.317930 9.785254 -0.301649
108.435780 67.317930 9.513287 -0.480576
112.317156 67.317930 10.116954 -0.185683
116.198532 67.317930 9.791038 0.254372
120.079908 67.317930 9.995502 -0.179164
123.961284 67.317930 9.925592 -0.033471
127.842660 67.317930 9.703097 0.093085
131.724036 67.317930 9.276933 -0.135206
135.605412 67.317930 9.982966 -0.459807
139.486788 67.317930 10.038015 0.567302
-54.582013 63.436554 0.000000 0.000000
-50.700637 63.436554 0.000000 0.000000
-46.819261 63.436554 10.151092 0.470619
-42.937885 63.436554 10.007051 0.640388
-39.056509 63.436554 10.691490 0.188336
-35.175133 63.436554 0.000000 0.000000
-31.293757 63.436554 0.000000 0.000000
-27.412381 63.436554 0.000000 0.000000
-23.531005 63.436554 0.000000 0.000000
-19.649629 63.436554 10.675573 0.470688
-15.768253 63.436554 10.992856 0.347264
-11.886877 63.436554 11.334172 0.768935
-8.005501 63.436554 10.753199 0.005011
-4.124125 63.436554 10.425838 0.466089
-0.242749 63.436554 10.354098 0.210433
3.638627 63.436554 10.329514 0.258009
7.520003 63.436554 9.657506 0.384382
11.401379 63.436554 10.624372 0.196743
15.282755 63.436554 10.601980 -0.618722
19.164131 63.436554 10.542635 -0.408354
23.045507 63.436554 10.502698 -0.240372
26.926883 63.436554 10.419233 -0.051839
30.808259 63.436554 10.528415 -0.236893
34.689635 63.436554 10.581553 0.000057
38.571011 63.436554 10.536039 -0.056797
42.452387 63.436554 10.575489 -0.034226
46.333763 63.436554 10.553885 -0.604776
50.215140 63.436554 10.270668 0.043384
54.096516 63.436554 10.416035 -0.438883
57.977892 63.436554 9.714242 -0.292985
61.859268 63.436554 0.000000 0.000000
65.740644 63.436554 0.000000 0.000000
69.622020 63.436554 10.170177 -0.461800
73.503396 63.436554 9.933415 -0.438958
77.384772 63.436554 10.053861 -0.455833
81.266148 63.436554 10.134392 -0.122331
85.147524 63.436554 9.683312 -0.417585
89.028900 63.436554 9.376305 0.099560
92.910276 63.436554 9.896542 -0.578995
96.791652 63.436554 10.107718 -0.007469
100.673028 63.436554 10.188098 -0.296190
104.554404 63.436554 9.944360 -0.328375
108.435780 63.436554 9.769682 0.108900
112.317156 63.436554 10.213855 -0.492744
116.198532 63.436554 9.600160 -0.277264
120.079908 63.436554 9.245309 -0.510531
123.961284 63.436554 9.342370 -0.336668
127.842660 63.436554 9.251786 0.072893
131.724036 63.436554 9.788181 -0.020932
135.605412 63.436554 10.027266 0.501498
139.486788 63.436554 8.824527 -0.420023
-54.582013 59.555178 0.000000 0.000000
-50.700637 59.555178 9.405300 1.130200
-46.819261 59.555178 9.538495 0.886723
-42.937885 59.555178 10.289553 0.840114
-39.056509 59.555178 10.145749 0.825459
-35.175133 59.555178 0.000000 0.000000
-31.293757 59.555178 0.000000 0.000000
-27.412381 59.555178 0.000000 0.000000
-23.531005 59.555178 0.000000 0.000000
-19.649629 59.555178 10.716732 1.164492
-15.768253 59.555178 11.051545 0.416411
-11.886877 59.555178 10.547058 0.635926
-8.005501 59.555178 11.261899 0.138210
-4.124125 59.555178 10.739089 0.363294
-0.242749 59.555178 10.789291 0.266090
3.638627 59.555178 10.537209 0.272792
7.520003 59.555178 10.602248 0.173451
11.401379 59.555178 11.092928 -0.138716
15.282755 59.555178 10.525006 -0.365652
19.164131 59.555178 10.618014 -0.343260
23.045507 59.555178 10.697375 0.198225
26.926883 59.555178 10.445817 -0.546469
30.808259 59.555178 10.506443 -0.549541
34.689635 59.555178 10.623107 -0.345498
38.571011 59.555178 10.306770 0.024486
42.452387 59.555178 10.132596 -0.564070
46.333763 59.555178 10.128260 -0.659549
50.215140 59.555178 10.170029 -0.642143
54.096516 59.555178 10.175341 -0.533168
57.977892 59.555178 10.122640 -0.606975
61.859268 59.555178 0.000000 0.000000
65.740644 59.555178 0.000000 0.000000
69.622020 59.555178 9.956612 -0.294736
73.503396 59.555178 9.897569 -0.484110
77.384772 59.555178 9.948561 -0.422890
81.266148 59.555178 10.314208 -0.612366
85.147524 59.555178 9.956819 -0.411940
89.028900 59.555178 10.063093 -0.013373
92.910276 59.555178 9.694232 -0.022382
96.791652 59.555178 10.311787 -0.267599
100.673028 59.555178 9.877435 -0.305577
104.554404 59.555178 9.560987 0.002861
108.435780 59.555178 9.849981 -0.385117
112.317156 59.555178 10.045745 -0.194354
116.198532 59.555178 10.214907 0.072904
120.079908 59.555178 10.271538 -0.377100
123.961284 59.555178 9.810560 -0.415290
127.842660 59.555178 9.952318 -0.013501
131.724036 59.555178 10.179853 -0.251218
135.605412 59.555178 9.242656 0.518179
139.486788 59.555178 9.845590 0.164732
-54.582013 55.673802 9.621376 0.665195
-50.700637 55.673802 9.601878 0.171309
-46.819261 55.673802 10.127340 0.821734
-42.937885 55.673802 9.638113 1.311876
-39.056509 55.673802 9.520764 1.278883
-35.175133 55.673802 0.000000 0.000000
-31.293757 55.673802 0.000000 0.000000
-27.412381 55.673802 0.000000 0.000000
-23.531005 55.673802 10.647099 1.441647
-19.649629 55.673802 10.865587 0.795954
-15.768253 55.673802 11.407006 0.937998
-11.886877 55.673802 11.099807 0.334633
-8.005501 55.673802 11.106930 0.469721
-4.124125 55.673802 11.139356 0.650026
-0.242749 55.673802 10.983778 0.206953
3.638627 55.673802 10.730286 0.180856
7.520003 55.673802 10.737945 -0.421581
11.401379 55.673802 10.543492 0.176045
15.282755 55.673802 10.813633 -0.402131
19.164131 55.673802 10.686175 -0.038854
23.045507 55.673802 10.829626 -0.566957
26.926883 55.673802 10.522850 -0.410703
30.808259 55.673802 10.470772 -0.451240
34.689635 55.673802 10.467903 -0.921840
38.571011 55.673802 10.678409 -0.365599
42.452387 55.673802 10.300552 -0.430394
46.333763 55.673802 10.027089 -0.661091
50.215140 55.673802 10.534420 -0.443075
54.096516 55.673802 10.390812 -0.642159
57.977892 55.673802 10.183715 -0.614837
61.859268 55.673802 0.000000 0.000000
65.740644 55.673802 0.000000 0.000000
69.622020 55.673802 9.922606 -0.871158
73.503396 55.673802 9.568431 -0.495430
77.384772 55.673802 9.748435 -0.153317
81.266148 55.673802 9.599355 -0.371858
85.147524 55.673802 9.959477 -0.340901
89.028900 55.673802 9.803102 0.086217
92.910276 55.673802 9.717895 -0.236196
96.791652 55.673802 9.907701 -0.176429
100.673028 55.673802 9.931049 -0.286242
104.554404 55.673802 9.290033 0.033791
108.435780 55.673802 9.693705 -0.005759
112.317156 55.673802 9.379553 0.340544
116.198532 55.673802 9.824623 0.184068
120.079908 55.673802 9.717503 0.406281
123.961284 55.673802 9.670631 0.375759
127.842660 55.673802 9.709427 -0.072629
131.724036 55.673802 9.796865 -0.020167
135.605412 55.673802 9.762122 -0.169001
139.486788 55.673802 9.296921 0.004565
-54.582013 51.792426 10.271390 0.018067
-50.700637 51.792426 9.321882 0.884632
-46.819261 51.792426 9.906335 0.796187
-42.937885 51.792426 9.770565 0.787777
-39.056509 51.792426 9.383312 1.108626
-35.175133 51.792426 0.000000 0.000000
-31.293757 51.792426 0.000000 0.000000
-27.412381 51.792426 0.000000 0.000000
-23.531005 51.792426 10.682116 1.208203
-19.649629 51.792426 10.847289 0.914636
-15.768253 51.792426 11.076488 0.894654
-11.886877 51.792426 11.651893 0.813608
-8.005501 51.792426 11.379442 0.398167
-4.124125 51.792426 11.606135 0.395543
-0.242749 51.792426 11.540735 -0.032376
3.638627 51.792426 11.148539 0.145277
7.520003 51.792426 10.728651 -0.236698
11.401379 51.792426 10.620423 -0.346587
15.282755 51.792426 10.823618 -0.146331
19.164131 51.792426 10.518513 -0.098636
23.045507 51.792426 10.608420 -0.420965
26.926883 51.792426 10.654881 -0.243967
30.808259 51.792426 10.596298 -0.567420
34.689635 51.792426 10.650899 -0.616553
38.571011 51.792426 10.673966 -0.672089
42.452387 51.792426 10.375873 -0.657187
46.333763 51.792426 10.449824 -0.576632
50.215140 51.792426 10.176540 -0.808062
54.096516 51.792426 10.268722 -0.714645
57.977892 51.792426 10.244683 -0.871352
61.859268 51.792426 0.000000 0.000000
65.740644 51.792426 0.000000 0.000000
69.622020 51.792426 9.675111 -0.329856
73.503396 51.792426 10.065524 -0.541546
77.384772 51.792426 9.771660 -0.509655
81.266148 51.792426 9.612409 -0.206608
85.147524 51.792426 9.479424 0.637213
89.028900 51.792426 9.683892 -0.234194
92.910276 51.792426 9.702088 0.151419
96.791652 51.792426 10.029597 -0.261585
100.673028 51.792426 9.930574 0.375742
104.554404 51.792426 9.774624 0.012027
108.435780 51.792426 9.805955 0.313702
112.317156 51.792426 10.137075 0.016194
116.198532 51.792426 10.004125 -0.084726
120.079908 51.792426 10.147508 -0.488505
123.961284 51.792426 9.660681 -0.125135
127.842660 51.792426 9.925413 -0.343711
131.724036 51.792426 9.475945 0.250107
135.605412 51.792426 9.768642 -0.369872
139.486788 51.792426 10.142727 -0.580915
-54.582013 47.911049 0.000000 0.000000
-50.700637 47.911049 9.689284 0.477384
-46.819261 47.911049 9.726748 0.601486
-42.937885 47.911049 9.506877 1.554034
-39.056509 47.911049 9.428527 1.238603
-35.175133 47.911049 0.000000 0.000000
-31.293757 47.911049 0.000000 0.000000
-27.412381 47.911049 0.000000 0.000000
-23.531005 47.911049 11.208389 1.314089
-19.649629 47.911049 10.958638 1.106763
-15.768253 47.911049 11.699116 1.015024
-11.886877 47.911049 11.667822 0.687113
-8.005501 47.911049 11.700535 0.387673
-4.124125 47.911049 11.448720 0.288853
-0.242749 47.911049 11.168934 -0.189559
3.638627 47.911049 11.249711 -0.167757
7.520003 47.911049 11.063417 -0.473997
11.401379 47.911049 11.310158 -0.395466
15.282755 47.911049 10.755043 -0.363192
19.164131 47.911049 10.526384 -0.850665
23.045507 47.911049 10.735135 -0.297719
26.926883 47.911049 11.010408 -0.239657
30.808259 47.911049 10.423598 -0.725093
34.689635 47.911049 10.614541 -0.390665
38.571011 47.911049 10.335985 -0.701648
42.452387 47.911049 10.592278 -0.478170
46.333763 47.911049 10.374840 -0.761565
50.215140 47.911049 10.283109 -0.741924
54.096516 47.911049 10.387678 -0.623060
57.977892 47.911049 9.615151 -0.737067
61.859268 47.911049 0.000000 0.000000
65.740644 47.911049 0.000000 0.000000
69.622020 47.911049 10.094819 -0.626942
73.503396 47.911049 10.078532 -0.725069
77.384772 47.911049 9.537782 -0.591668
81.266148 47.911049 9.739836 -0.342215
85.147524 47.911049 9.323977 -0.283693
89.028900 47.911049 9.799831 -0.160899
92.910276 47.911049 10.066011 -0.724713
96.791652 47.911049 9.863671 -0.034355
100.673028 47.911049 9.549788 -0.262690
104.554404 47.911049 9.247588 0.435018
108.435780 47.911049 9.702051 0.076240
112.317156 47.911049 10.062066 -0.111061
116.198532 47.911049 9.570390 -0.500273
120.079908 47.911049 9.913651 -0.663679
123.961284 47.911049 9.657333 0.120372
127.842660 47.911049 8.977457 0.601414
131.724036 47.911049 10.381515 -0.511492
135.605412 47.911049 10.318826 -0.691091
139.486788 47.911049 10.215910 -0.566075
-54.582013 44.029673 0.000000 0.000000
-50.700637 44.029673 10.558505 -0.397729
-46.819261 44.029673 8.793742 0.361679
-42.937885 44.029673 8.746834 0.869245
-39.056509 44.029673 9.449880 1.740077
-35.175133 44.029673 0.000000 0.000000
-31.293757 44.029673 0.000000 0.000000
-27.412381 44.029673 11.281825 2.722511
-23.531005 44.029673 11.680808 1.911228
-19.649629 44.029673 11.498352 1.314685
-15.768253 44.029673 11.553697 0.883476
-11.886877 44.029673 11.889308 0.625377
-8.005501 44.029673 11.459227 0.502124
-4.124125 44.029673 11.493614 0.180354
-0.242749 44.029673 10.994575 -0.257626
3.638627 44.029673 0.000000 0.000000
7.520003 44.029673 10.771432 -0.461729
11.401379 44.029673 10.998477 -0.289429
15.282755 44.029673 10.633064 0.331170
19.164131 44.029673 10.839321 -0.426911
23.045507 44.029673 11.238209 -0.281766
26.926883 44.029673 10.966338 -0.389362
30.808259 44.029673 11.245837 -0.629421
34.689635 44.029673 10.398588 -0.894097
38.571011 44.029673 10.667834 -0.633462
42.452387 44.029673 10.542039 -0.335229
46.333763 44.029673 10.409930 -0.674534
50.215140 44.029673 10.406324 -0.730913
54.096516 44.029673 10.397703 -0.557879
57.977892 44.029673 10.581831 -0.816120
61.859268 44.029673 0.000000 0.000000
65.740644 44.029673 0.000000 0.000000
69.622020 44.029673 10.107185 -0.644492
73.503396 44.029673 9.540312 -0.970994
77.384772 44.029673 8.937073 -0.573063
81.266148 44.029673 9.028663 -0.223672
85.147524 44.029673 8.908482 0.401571
89.028900 44.029673 10.296045 -0.336434
92.910276 44.029673 10.536681 -0.630601
96.791652 44.029673 9.331216 -0.853124
100.673028 44.029673 8.389254 -0.985792
104.554404 44.029673 8.822241 0.083295
108.435780 44.029673 9.154987 2.232675
112.317156 44.029673 10.344598 0.537571
116.198532 44.029673 10.097811 -2.103311
120.079908 44.029673 9.276153 -0.768657
123.961284 44.029673 8.129915 -0.101710
127.842660 44.029673 8.403409 1.285840
131.724036 44.029673 8.687032 0.197766
135.605412 44.029673 9.520018 -0.361514
139.486788 44.029673 9.709069 -0.654277
-54.582013 40.148297 0.000000 0.000000
-50.700637 40.148297 7.522799 1.049814
-46.819261 40.148297 10.109249 0.463770
-42.937885 40.148297 8.504594 0.845716
-39.056509 40.148297 8.557074 1.911451
-35.175133 40.148297 0.000000 0.000000
-31.293757 40.148297 0.000000 0.000000
-27.412381 40.148297 0.000000 0.000000
-23.531005 40.148297 0.000000 0.000000
-19.649629 40.148297 0.000000 0.000000
-15.768253 40.148297 0.000000 0.000000
-11.886877 40.148297 0.000000 0.000000
-8.005501 40.148297 0.000000 0.000000
-4.124125 40.148297 0.000000 0.000000
-0.242749 40.148297 0.000000 0.000000
3.638627 40.148297 0.000000 0.000000
7.520003 40.148297 0.000000 0.000000
11.401379 40.148297 0.000000 0.000000
15.282755 40.148297 0.000000 0.000000
19.164131 40.148297 0.000000 0.000000
23.045507 40.148297 0.000000 0.000000
26.926883 40.148297 0.000000 0.000000
30.808259 40.148297 0.000000 0.000000
34.689635 40.148297 0.000000 0.000000
38.571011 40.148297 0.000000 0.000000
42.452387 40.148297 9.882657 0.497434
46.333763 40.148297 9.866275 -0.748272
50.215140 40.148297 10.057451 -0.763728
54.096516 40.148297 10.432896 -0.768705
57.977892 40.148297 10.561695 -0.347269
61.859268 40.148297 9.958388 -1.932857
65.740644 40.148297 0.000000 0.000000
69.622020 40.148297 10.741159 -1.039288
73.503396 40.148297 9.814931 -2.027562
77.384772 40.148297 8.525912 -1.787716
81.266148 40.148297 7.966503 -0.646022
85.147524 40.148297 7.359502 2.831664
89.028900 40.148297 8.566479 3.311497
92.910276 40.148297 9.865797 -1.935562
96.791652 40.148297 9.231623 -1.469665
100.673028 40.148297 8.601539 -1.358175
104.554404 40.148297 7.491786 -0.455766
108.435780 40.148297 0.000000 0.000000
112.317156 40.148297 9.650261 -0.421163
116.198532 40.148297 9.403406 -1.739268
120.079908 40.148297 9.708785 -1.342004
123.961284 40.148297 8.803298 -0.716217
127.842660 40.148297 8.093122 1.471417
131.724036 40.148297 9.098804 1.240079
135.605412 40.148297 9.885267 1.568864
139.486788 40.148297 9.206097 -1.216269
-54.582013 36.266921 0.000000 0.000000
-50.700637 36.266921 9.160571 0.658773
-46.819261 36.266921 8.719107 -0.146599
-42.937885 36.266921 6.382784 0.080946
-39.056509 36.266921 8.635247 1.150781
-35.175133 36.266921 0.000000 0.000000
-31.293757 36.266921 0.000000 0.000000
-27.412381 36.266921 0.000000 0.000000
-23.531005 36.266921 0.000000 0.000000
-19.649629 36.266921 0.000000 0.000000
-15.768253 36.266921 0.000000 0.000000
-11.886877 36.266921 0.000000 0.000000
-8.005501 36.266921 0.000000 0.000000
-4.124125 36.266921 0.000000 0.000000
-0.242749 36.266921 0.000000 0.000000
3.638627 36.266921 0.000000 0.000000
7.520003 36.266921 0.000000 0.000000
11.401379 36.266921 0.000000 0.000000
15.282755 36.266921 0.000000 0.000000
19.164131 36.266921 0.000000 0.000000
23.045507 36.266921 0.000000 0.000000
26.926883 36.266921 0.000000 0.000000
30.808259 36.266921 0.000000 0.000000
34.689635 36.266921 0.000000 0.000000
38.571011 36.266921 0.000000 0.000000
42.452387 36.266921 0.000000 0.000000
46.333763 36.266921 0.000000 0.000000
50.215140 36.266921 0.000000 0.000000
54.096516 36.266921 0.000000 0.000000
57.977892 36.266921 0.000000 0.000000
61.859268 36.266921 0.000000 0.000000
65.740644 36.266921 0.000000 0.000000
69.622020 36.266921 0.000000 0.000000
73.503396 36.266921 6.959479 -2.127063
77.384772 36.266921 8.222383 -1.712947
81.266148 36.266921 6.723255 -2.474280
85.147524 36.266921 6.464397 2.535952
89.028900 36.266921 7.814375 2.702301
92.910276 36.266921 7.697834 -2.266076
96.791652 36.266921 9.028940 -1.528396
100.673028 36.266921 8.881710 -1.749571
104.554404 36.266921 10.343709 -0.637754
108.435780 36.266921 8.993161 2.329584
112.317156 36.266921 7.581306 0.759212
116.198532 36.266921 8.679950 -0.993057
120.079908 36.266921 9.723885 -1.239446
123.961284 36.266921 10.005340 -1.401516
127.842660 36.266921 9.332092 2.224519
131.724036 36.266921 10.213065 1.845452
135.605412 36.266921 8.314975 0.938213
139.486788 36.266921 8.372232 -1.177125
-54.582013 32.385545 0.000000 0.000000
-50.700637 32.385545 0.000000 0.000000
-46.819261 32.385545 0.000000 0.000000
-42.937885 32.385545 0.000000 0.000000
-39.056509 32.385545 0.000000 0.000000
-35.175133 32.385545 0.000000 0.000000
-31.293757 32.385545 0.000000 0.000000
-27.412381 32.385545 0.000000 0.000000
-23.531005 32.385545 0.000000 0.000000
-19.649629 32.385545 0.000000 0.000000
-15.768253 32.385545 0.000000 0.000000
-11.886877 32.385545 0.000000 0.000000
-8.005501 32.385545 0.000000 0.000000
-4.124125 32.385545 0.000000 0.000000
-0.242749 32.385545 0.000000 0.000000
3.638627 32.385545 0.000000 0.000000
7.520003 32.385545 0.000000 0.000000
11.401379 32.385545 0.000000 0.000000
15.282755 32.385545 0.000000 0.000000
19.164131 32.385545 0.000000 0.000000
23.045507 32.385545 0.000000 0.000000
26.926883 32.385545 0.000000 0.000000
30.808259 32.385545 0.000000 0.000000
34.689635 32.385545 0.000000 0.000000
38.571011 32.385545 0.000000 0.000000
42.452387 32.385545 0.000000 0.000000
46.333763 32.385545 0.000000 0.000000
50.215140 32.385545 0.000000 0.000000
54.096516 32.385545 0.000000 0.000000
57.977892 32.385545 0.000000 0.000000
61.859268 32.385545 0.000000 0.000000
65.740644 32.385545 0.000000 0.000000
69.622020 32.385545 0.000000 0.000000
73.503396 32.385545 0.000000 0.000000
77.384772 32.385545 8.624682 -0.964471
81.266148 32.385545 9.780114 -0.892328
85.147524 32.385545 10.201375 1.206255
89.028900 32.385545 8.691835 1.015713
92.910276 32.385545 8.541407 -0.319923
96.791652 32.385545 8.654008 -0.456911
100.673028 32.385545 9.483958 -1.004112
104.554404 32.385545 9.997187 0.629442
108.435780 32.385545 9.346935 1.126833
112.317156 32.385545 9.000240 0.390633
116.198532 32.385545 8.963854 -0.123973
120.079908 32.385545 9.727065 -0.680458
123.961284 32.385545 10.260430 -0.571795
127.842660 32.385545 10.363278 0.738134
131.724036 32.385545 9.341945 0.980055
135.605412 32.385545 9.066582 0.687736
139.486788 32.385545 8.981714 -0.233384
-54.582013 28.504169 0.000000 0.000000
-50.700637 28.504169 0.000000 0.000000
-46.819261 28.504169 0.000000 0.000000
-42.937885 28.504169 0.000000 0.000000
-39.056509 28.504169 0.000000 0.000000
-35.175133 28.504169 0.000000 0.000000
-31.293757 28.504169 0.000000 0.000000
-27.412381 28.504169 0.000000 0.000000
-23.531005 28.504169 0.000000 0.000000
-19.649629 28.504169 0.000000 0.000000
-15.768253 28.504169 0.000000 0.000000
-11.886877 28.504169 0.000000 0.000000
-8.005501 28.504169 0.000000 0.000000
-4.124125 28.504169 0.000000 0.000000
-0.242749 28.504169 0.000000 0.000000
3.638627 28.504169 0.000000 0.000000
7.520003 28.504169 0.000000 0.000000
11.401379 28.504169 0.000000 0.000000
15.282755 28.504169 0.000000 0.000000
19.164131 28.504169 0.000000 0.000000
23.045507 28.504169 0.000000 0.000000
26.926883 28.504169 0.000000 0.000000
30.808259 28.504169 0.000000 0.000000
34.689635 28.504169 0.000000 0.000000
38.571011 28.504169 0.000000 0.000000
42.452387 28.504169 0.000000 0.000000
46.333763 28.504169 0.000000 0.000000
50.215140 28.504169 0.000000 0.000000
54.096516 28.504169 0.000000 0.000000
57.977892 28.504169 0.000000 0.000000
61.859268 28.504169 0.000000 0.000000
65.740644 28.504169 0.000000 0.000000
69.622020 28.504169 0.000000 0.000000
73.503396 28.504169 0.000000 0.000000
77.384772 28.504169 0.000000 0.000000
81.266148 28.504169 9.349379 0.466388
85.147524 28.504169 10.235651 0.357772
89.028900 28.504169 8.922782 0.182939
92.910276 28.504169 9.057654 0.397258
96.791652 28.504169 9.621978 -0.939350
100.673028 28.504169 10.014134 0.003609
104.554404 28.504169 10.182367 0.509641
108.435780 28.504169 9.848229 0.450432
112.317156 28.504169 9.487531 0.230295
116.198532 28.504169 9.946712 0.395995
120.079908 28.504169 9.957894 -0.294355
123.961284 28.504169 10.375959 -0.433872
127.842660 28.504169 10.045036 0.371594
131.724036 28.504169 9.296168 0.460145
135.605412 28.504169 9.493591 0.102243
139.486788 28.504169 9.767295 0.159766
-54.582013 24.622793 0.000000 0.000000
-50.700637 24.622793 0.000000 0.000000
-46.819261 24.622793 7.780213 0.457219
-42.937885 24.622793 0.000000 0.000000
-39.056509 24.622793 0.000000 0.000000
-35.175133 24.622793 0.000000 0.000000
-31.293757 24.622793 0.000000 0.000000
-27.412381 24.622793 0.000000 0.000000
-23.531005 24.622793 0.000000 0.000000
-19.649629 24.622793 0.000000 0.000000
-15.768253 24.622793 0.000000 0.000000
-11.886877 24.622793 0.000000 0.000000
-8.005501 24.622793 0.000000 0.000000
-4.124125 24.622793 0.000000 0.000000
-0.242749 24.622793 0.000000 0.000000
3.638627 24.622793 0.000000 0.000000
7.520003 24.622793 0.000000 0.000000
11.401379 24.622793 0.000000 0.000000
15.282755 24.622793 0.000000 0.000000
19.164131 24.622793 0.000000 0.000000
23.045507 24.622793 0.000000 0.000000
26.926883 24.622793 0.000000 0.000000
30.808259 24.622793 0.000000 0.000000
34.689635 24.622793 0.000000 0.000000
38.571011 24.622793 0.000000 0.000000
42.452387 24.622793 0.000000 0.000000
46.333763 24.622793 0.000000 0.000000
50.215140 24.622793 0.000000 0.000000
54.096516 24.622793 0.000000 0.000000
57.977892 24.622793 0.000000 0.000000
61.859268 24.622793 0.000000 0.000000
65.740644 24.622793 0.000000 0.000000
69.622020 24.622793 9.473415 0.886535
73.503396 24.622793 10.042006 0.560618
77.384772 24.622793 9.350378 0.177422
81.266148 24.622793 9.565214 0.490874
85.147524 24.622793 9.702955 0.345228
89.028900 24.622793 9.690876 0.289655
92.910276 24.622793 9.282398 0.275964
96.791652 24.622793 9.435535 -0.206995
100.673028 24.622793 9.882232 0.007187
104.554404 24.622793 9.697363 0.120764
108.435780 24.622793 9.234737 -0.240170
112.317156 24.622793 9.501467 0.094063
116.198532 24.622793 9.521729 -0.236254
120.079908 24.622793 9.927989 -0.151834
123.961284 24.622793 9.907942 0.150365
127.842660 24.622793 10.094655 -0.095089
131.724036 24.622793 9.860506 0.219899
135.605412 24.622793 9.889623 0.368479
139.486788 24.622793 10.008390 0.199852
-54.582013 20.741417 8.391675 0.902532
-50.700637 20.741417 9.073837 -1.023733
-46.819261 20.741417 10.574694 0.476222
-42.937885 20.741417 9.275841 -0.564924
-39.056509 20.741417 9.280443 -0.868124
-35.175133 20.741417 10.115060 -1.056414
-31.293757 20.741417 0.000000 0.000000
-27.412381 20.741417 0.000000 0.000000
-23.531005 20.741417 0.000000 0.000000
-19.649629 20.741417 0.000000 0.000000
-15.768253 20.741417 0.000000 0.000000
-11.886877 20.741417 0.000000 0.000000
-8.005501 20.741417 0.000000 0.000000
-4.124125 20.741417 0.000000 0.000000
-0.242749 20.741417 0.000000 0.000000
3.638627 20.741417 0.000000 0.000000
7.520003 20.741417 0.000000 0.000000
11.401379 20.741417 11.393456 0.081683
15.282755 20.741417 10.650014 0.317468
19.164131 20.741417 10.614097 0.439658
23.045507 20.741417 10.729659 0.599511
26.926883 20.741417 11.190915 0.522583
30.808259 20.741417 10.496667 0.776480
34.689635 20.741417 10.556124 0.670106
38.571011 20.741417 10.490325 0.686104
42.452387 20.741417 10.437359 0.720395
46.333763 20.741417 10.126489 0.694013
50.215140 20.741417 10.219216 0.772392
54.096516 20.741417 10.324125 0.632064
57.977892 20.741417 9.941401 0.846098
61.859268 20.741417 9.736890 0.759853
65.740644 20.741417 9.972988 0.774805
69.622020 20.741417 9.741923 0.686212
73.503396 20.741417 9.951630 0.410715
77.384772 20.741417 9.623785 0.368311
81.266148 20.741417 9.888148 0.374283
85.147524 20.741417 9.841150 0.293025
89.028900 20.741417 9.402749 0.259656
92.910276 20.741417 9.596122 0.228114
96.791652 20.741417 9.457054 -0.107435
100.673028 20.741417 9.858514 -0.153481
104.554404 20.741417 10.071339 0.202363
108.435780 20.741417 9.736322 0.105001
112.317156 20.741417 10.222795 0.088178
116.198532 20.741417 9.902501 -0.142879
120.079908 20.741417 9.614657 0.033715
123.961284 20.741417 9.892010 0.066745
127.842660 20.741417 10.254492 0.191039
131.724036 20.741417 9.518800 0.404077
135.605412 20.741417 9.756372 -0.143656
139.486788 20.741417 9.546324 0.067649
-54.582013 16.860041 10.010164 -0.451553
-50.700637 16.860041 10.178767 -0.262626
-46.819261 16.860041 9.880492 -0.653990
-42.937885 16.860041 9.687175 -0.606938
-39.056509 16.860041 10.066178 -0.708517
-35.175133 16.860041 9.553156 -0.847303
-31.293757 16.860041 10.051464 -0.889789
-27.412381 16.860041 10.290666 -0.648287
-23.531005 16.860041 10.593945 -0.809909
-19.649629 16.860041 10.635087 -0.709219
-15.768253 16.860041 10.642506 -0.422347
-11.886877 16.860041 10.914942 -0.478525
-8.005501 16.860041 10.937984 -0.482475
-4.124125 16.860041 10.736692 -0.353668
-0.242749 16.860041 10.908800 -0.159618
3.638627 16.860041 10.863681 0.129290
7.520003 16.860041 10.898973 0.211739
11.401379 16.860041 10.675345 0.414136
15.282755 16.860041 10.786722 0.375302
19.164131 16.860041 10.748537 0.069040
23.045507 16.860041 10.484600 0.328957
26.926883 16.860041 10.446187 0.360542
30.808259 16.860041 10.461891 0.626278
34.689635 16.860041 10.333166 0.612688
38.571011 16.860041 10.437800 0.582463
42.452387 16.860041 10.281862 0.720894
46.333763 16.860041 10.075620 0.699162
50.215140 16.860041 10.105824 0.639973
54.096516 16.860041 10.317826 0.688120
57.977892 16.860041 10.204434 0.506880
61.859268 16.860041 9.878678 0.575242
65.740644 16.860041 9.740613 0.657420
69.622020 16.860041 9.919559 0.566719
73.503396 16.860041 9.761992 0.605863
77.384772 16.860041 9.443664 0.504243
81.266148 16.860041 9.753957 0.268054
85.147524 16.860041 9.623489 0.326986
89.028900 16.860041 9.827270 0.167626
92.910276 16.860041 9.832800 0.240087
96.791652 16.860041 9.677242 0.368291
100.673028 16.860041 10.031251 -0.136481
104.554404 16.860041 10.019933 -0.023281
108.435780 16.860041 9.799544 0.135027
112.317156 16.860041 10.274536 0.445200
116.198532 16.860041 9.756807 0.193467
120.079908 16.860041 10.116566 0.083345
123.961284 16.860041 9.626713 0.394485
127.842660 16.860041 10.011749 -0.342417
131.724036 16.860041 9.839531 0.067265
135.605412 16.860041 9.982779 0.251446
139.486788 16.860041 9.810070 -0.149636
-54.582013 12.978665 0.000000 0.000000
-50.700637 12.978665 9.698640 -0.269258
-46.819261 12.978665 10.105615 -0.250218
-42.937885 12.978665 9.449521 -0.722665
-39.056509 12.978665 9.998403 0.095045
-35.175133 12.978665 10.280076 -0.496937
-31.293757 12.978665 10.184854 -0.343322
-27.412381 12.978665 10.081478 -0.486298
-23.531005 12.978665 10.299481 -0.672495
-19.649629 12.978665 10.666113 -0.519344
-15.768253 12.978665 10.570415 -0.568006
-11.886877 12.978665 10.803966 -0.284083
-8.005501 12.978665 10.626855 -0.206648
-4.124125 12.978665 10.725026 -0.090405
-0.242749 12.978665 10.737747 -0.272175
3.638627 12.978665 10.817757 -0.136111
7.520003 12.978665 10.822846 -0.055672
11.401379 12.978665 10.707438 0.249501
15.282755 12.978665 10.655609 0.310838
19.164131 12.978665 10.573752 0.193947
23.045507 12.978665 10.530784 0.478548
26.926883 12.978665 10.549353 0.323886
30.808259 12.978665 10.433053 0.389707
34.689635 12.978665 10.145996 0.588963
38.571011 12.978665 10.555522 0.666068
42.452387 12.978665 10.230574 0.633821
46.333763 12.978665 10.235873 0.717945
50.215140 12.978665 10.069472 0.589028
54.096516 12.978665 10.189154 0.532697
57.977892 12.978665 10.102768 0.450695
61.859268 12.978665 10.122060 0.488462
65.740644 12.978665 9.845990 0.589672
69.622020 12.978665 9.652719 0.573873
73.503396 12.978665 9.865226 0.598408
77.384772 12.978665 9.867182 0.451622
81.266148 12.978665 10.031164 0.347895
85.147524 12.978665 10.094332 0.291374
89.028900 12.978665 10.014202 0.113254
92.910276 12.978665 9.982023 0.422508
96.791652 12.978665 9.829444 0.335885
100.673028 12.978665 10.003637 0.397772
104.554404 12.978665 9.972139 0.272343
108.435780 12.978665 9.845858 0.441006
112.317156 12.978665 9.893975 0.263112
116.198532 12.978665 9.699787 0.261605
120.079908 12.978665 9.829904 -0.037824
123.961284 12.978665 9.876778 0.121080
127.842660 12.978665 10.023403 0.169284
131.724036 12.978665 10.054832 0.264674
135.605412 12.978665 9.904525 -0.031881
139.486788 12.978665 9.802728 0.165809
-54.582013 9.097289 0.000000 0.000000
-50.700637 9.097289 9.366162 0.554123
-46.819261 9.097289 10.552678 0.175405
-42.937885 9.097289 10.316355 -0.660645
-39.056509 9.097289 9.994861 -0.416192
-35.175133 9.097289 9.818426 -0.612751
-31.293757 9.097289 10.128519 -0.790017
-27.412381 9.097289 9.998109 -0.489721
-23.531005 9.097289 10.365903 -0.764235
-19.649629 9.097289 10.581658 -0.490129
-15.768253 9.097289 10.595978 -0.513051
-11.886877 9.097289 10.529035 -0.316769
-8.005501 9.097289 10.544325 -0.366060
-4.124125 9.097289 10.763492 -0.121320
-0.242749 9.097289 10.524438 -0.053306
3.638627 9.097289 10.788641 -0.092280
7.520003 9.097289 10.659567 0.148785
11.401379 9.097289 10.705004 -0.014543
15.282755 9.097289 10.496531 0.180306
19.164131 9.097289 10.446252 0.472646
23.045507 9.097289 10.547203 0.497400
26.926883 9.097289 10.595481 0.124954
30.808259 9.097289 10.558807 0.382963
34.689635 9.097289 10.566905 0.624291
38.571011 9.097289 10.471327 0.601311
42.452387 9.097289 10.492142 0.396908
46.333763 9.097289 10.517436 0.711158
50.215140 9.097289 10.184891 0.524188
54.096516 9.097289 10.149787 0.588960
57.977892 9.097289 10.029850 0.530561
61.859268 9.097289 9.854164 0.461815
65.740644 9.097289 9.876679 0.492165
69.622020 9.097289 9.897572 0.583642
73.503396 9.097289 9.866158 0.526891
77.384772 9.097289 9.857742 0.516543
81.266148 9.097289 9.676196 0.248935
85.147524 9.097289 9.675517 0.236974
89.028900 9.097289 9.663465 0.460116
92.910276 9.097289 9.883453 0.209003
96.791652 9.097289 9.906554 0.164117
100.673028 9.097289 10.306030 0.692752
104.554404 9.097289 10.002693 0.239257
108.435780 9.097289 9.922696 0.159385
112.317156 9.097289 9.889539 0.246558
116.198532 9.097289 9.951584 -0.246142
120.079908 9.097289 9.932848 0.376340
123.961284 9.097289 9.857647 0.173102
127.842660 9.097289 10.001709 0.075608
131.724036 9.097289 9.810788 0.254871
135.605412 9.097289 9.996064 0.180814
139.486788 9.097289 9.989195 0.195913
-54.582013 5.215913 0.000000 0.000000
-50.700637 5.215913 10.369108 0.371722
-46.819261 5.215913 9.742991 -0.047736
-42.937885 5.215913 10.244066 0.281086
-39.056509 5.215913 9.649604 -0.640000
-35.175133 5.215913 10.381650 -0.311138
-31.293757 5.215913 10.106571 -0.192096
-27.412381 5.215913 10.056779 -0.269255
-23.531005 5.215913 10.375170 -0.472167
-19.649629 5.215913 10.144809 -0.214079
-15.768253 5.215913 10.570396 -0.424761
-11.886877 5.215913 10.262417 -0.017575
-8.005501 5.215913 10.790742 -0.341625
-4.124125 5.215913 10.582975 -0.117269
-0.242749 5.215913 10.517948 -0.353404
3.638627 5.215913 10.514500 -0.115543
7.520003 5.215913 10.650131 0.284934
11.401379 5.215913 10.588617 0.160707
15.282755 5.215913 10.522714 0.247400
19.164131 5.215913 10.480025 0.426691
23.045507 5.215913 10.412731 0.391035
26.926883 5.215913 10.500295 -0.279266
30.808259 5.215913 10.227594 0.306285
34.689635 5.215913 10.318271 0.289938
38.571011 5.215913 10.284925 0.372302
42.452387 5.215913 10.330920 0.841786
46.333763 5.215913 10.025649 0.624473
50.215140 5.215913 10.084257 0.844570
54.096516 5.215913 10.205816 0.531558
57.977892 5.215913 10.012740 0.478348
61.859268 5.215913 10.159032 0.563501
65.740644 5.215913 10.041606 0.672501
69.622020 5.215913 9.870501 0.523422
73.503396 5.215913 9.889755 0.403602
77.384772 5.215913 9.773822 0.455928
81.266148 5.215913 9.807614 0.252054
85.147524 5.215913 9.856339 0.337637
89.028900 5.215913 9.850651 0.298337
92.910276 5.215913 9.953718 0.294235
96.791652 5.215913 9.708483 0.230216
100.673028 5.215913 9.860023 0.286855
104.554404 5.215913 9.826455 0.253581
108.435780 5.215913 9.916937 0.177968
112.317156 5.215913 9.793694 0.249259
116.198532 5.215913 9.796929 0.217611
120.079908 5.215913 9.855293 0.274225
123.961284 5.215913 9.924728 0.099995
127.842660 5.215913 9.841672 0.063323
131.724036 5.215913 9.868221 0.090813
135.605412 5.215913 9.760971 0.211697
139.486788 5.215913 9.833834 0.172259
-54.582013 1.334537 0.000000 0.000000
-50.700637 1.334537 0.000000 0.000000
-46.819261 1.334537 10.115584 -0.391219
-42.937885 1.334537 10.282242 0.416121
-39.056509 1.334537 9.771703 -0.555761
-35.175133 1.334537 10.071993 -0.466981
-31.293757 1.334537 10.160284 -0.071479
-27.412381 1.334537 10.069837 -0.100922
-23.531005 1.334537 10.032003 -0.416847
-19.649629 1.334537 10.477241 -0.518315
-15.768253 1.334537 10.514771 0.179339
-11.886877 1.334537 10.316534 -0.253368
-8.005501 1.334537 10.482478 -0.205574
-4.124125 1.334537 10.302502 0.159963
-0.242749 1.334537 10.651168 -0.085767
3.638627 1.334537 10.476583 0.105803
7.520003 1.334537 10.539319 0.245830
11.401379 1.334537 10.584077 0.086674
15.282755 1.334537 10.555624 0.122688
19.164131 1.334537 10.316697 0.543731
23.045507 1.334537 10.460632 0.344092
26.926883 1.334537 10.393178 0.285127
30.808259 1.334537 10.402142 0.405144
34.689635 1.334537 10.328299 0.393090
38.571011 1.334537 10.294723 0.239249
42.452387 1.334537 10.171448 0.363736
46.333763 1.334537 10.051159 0.335408
50.215140 1.334537 10.122448 0.196842
54.096516 1.334537 10.167046 0.426051
57.977892 1.334537 10.132451 0.509195
61.859268 1.334537 10.046591 0.478152
65.740644 1.334537 9.883222 0.408448
69.622020 1.334537 9.926607 0.485478
73.503396 1.334537 9.914796 0.397144
77.384772 1.334537 10.000731 0.385309
81.266148 1.334537 9.941809 0.338714
85.147524 1.334537 9.595792 0.385284
89.028900 1.334537 9.987054 0.318139
92.910276 1.334537 10.000340 0.358411
96.791652 1.334537 9.819651 0.427463
100.673028 1.334537 9.961948 0.167013
104.554404 1.334537 9.656152 0.319171
108.435780 1.334537 9.923233 0.120121
112.317156 1.334537 9.861358 0.291222
116.198532 1.334537 9.958366 0.161644
120.079908 1.334537 9.893818 0.134881
123.961284 1.334537 9.859439 0.260808
127.842660 1.334537 9.954872 0.266996
131.724036 1.334537 9.926453 0.235873
135.605412 1.334537 9.945063 0.023854
139.486788 1.334537 9.649677 0.055195
-54.582013 -2.546839 0.000000 0.000000
-50.700637 -2.546839 9.387030 0.446941
-46.819261 -2.546839 10.026222 -0.271252
-42.937885 -2.546839 9.523133 -0.350648
-39.056509 -2.546839 9.172515 -0.071200
-35.175133 -2.546839 9.940448 -0.139299
-31.293757 -2.546839 10.020550 -0.428788
-27.412381 -2.546839 9.895203 -0.430674
-23.531005 -2.546839 10.252432 -0.183886
-19.649629 -2.546839 10.265455 -0.122991
-15.768253 -2.546839 10.373396 -0.231380
-11.886877 -2.546839 10.273494 0.036373
-8.005501 -2.546839 10.498130 0.243717
-4.124125 -2.546839 10.438383 -0.210596
-0.242749 -2.546839 10.525059 -0.046299
3.638627 -2.546839 10.482308 0.259717
7.520003 -2.546839 10.457721 0.255638
11.401379 -2.546839 10.415615 0.269158
15.282755 -2.546839 10.404495 0.290548
19.164131 -2.546839 10.381927 0.179395
23.045507 -2.546839 10.480497 0.167164
26.926883 -2.546839 10.516869 0.310070
30.808259 -2.546839 10.307092 0.500463
34.689635 -2.546839 10.366159 0.259771
38.571011 -2.546839 10.258184 0.430298
42.452387 -2.546839 10.348571 0.401122
46.333763 -2.546839 10.161089 0.355443
50.215140 -2.546839 10.241198 0.478448
54.096516 -2.546839 10.138729 0.457290
57.977892 -2.546839 10.048815 0.548819
61.859268 -2.546839 10.074809 0.405117
65.740644 -2.546839 10.016956 0.410476
69.622020 -2.546839 10.024505 0.419974
73.503396 -2.546839 9.914235 0.391540
77.384772 -2.546839 9.972324 0.448848
81.266148 -2.546839 9.884212 0.280437
85.147524 -2.546839 9.790266 0.228146
89.028900 -2.546839 9.949708 0.305588
92.910276 -2.546839 9.918319 0.302683
96.791652 -2.546839 9.914433 0.285483
100.673028 -2.546839 9.846647 0.268569
104.554404 -2.546839 9.877410 0.441705
108.435780 -2.546839 9.647676 0.096639
112.317156 -2.546839 10.228677 0.346111
116.198532 -2.546839 10.015954 0.082290
120.079908 -2.546839 9.771860 0.254088
123.961284 -2.546839 9.851259 0.134265
127.842660 -2.546839 9.822677 0.199589
131.724036 -2.546839 9.949847 0.133209
135.605412 -2.546839 9.888641 0.124180
139.486788 -2.546839 9.964033 0.208768
-54.582013 -6.428215 0.000000 0.000000
-50.700637 -6.428215 0.000000 0.000000
-46.819261 -6.428215 9.178745 0.399143
-42.937885 -6.428215 10.005994 -0.068097
-39.056509 -6.428215 10.331287 -0.436973
-35.175133 -6.428215 9.562789 0.219400
-31.293757 -6.428215 10.269422 -0.376556
-27.412381 -6.428215 10.238974 0.384116
-23.531005 -6.428215 10.274712 -0.025586
-19.649629 -6.428215 10.194070 -0.023292
-15.768253 -6.428215 10.309208 -0.111172
-11.886877 -6.428215 10.407684 -0.335569
-8.005501 -6.428215 10.646785 0.116945
-4.124125 -6.428215 10.206573 -0.163736
-0.242749 -6.428215 10.349521 -0.037813
3.638627 -6.428215 10.517403 0.102765
7.520003 -6.428215 10.431794 0.001781
11.401379 -6.428215 10.332092 0.101829
15.282755 -6.428215 10.473045 0.010085
19.164131 -6.428215 10.449707 0.015695
23.045507 -6.428215 10.386083 0.276553
26.926883 -6.428215 10.261208 0.231811
30.808259 -6.428215 10.367742 0.346323
34.689635 -6.428215 10.444577 0.449767
38.571011 -6.428215 10.351245 0.496371
42.452387 -6.428215 10.239164 0.440086
46.333763 -6.428215 10.348148 0.483343
50.215140 -6.428215 10.142918 0.365178
54.096516 -6.428215 10.220870 0.513099
57.977892 -6.428215 10.099295 0.392465
61.859268 -6.428215 9.978916 0.438881
65.740644 -6.428215 10.066776 0.310697
69.622020 -6.428215 10.018955 0.410960
73.503396 -6.428215 10.020535 0.517219
77.384772 -6.428215 9.988978 0.274311
81.266148 -6.428215 10.005152 0.334176
85.147524 -6.428215 9.757529 0.270480
89.028900 -6.428215 9.908001 0.239131
92.910276 -6.428215 9.892482 0.372133
96.791652 -6.428215 10.018286 0.225628
100.673028 -6.428215 9.927014 0.254430
104.554404 -6.428215 9.959798 0.277335
108.435780 -6.428215 9.962448 0.176073
112.317156 -6.428215 9.870387 0.103693
116.198532 -6.428215 9.804856 0.114195
120.079908 -6.428215 9.993846 0.296220
123.961284 -6.428215 9.894450 0.083942
127.842660 -6.428215 9.834565 0.258274
131.724036 -6.428215 10.007314 0.163744
135.605412 -6.428215 9.987350 0.238819
139.486788 -6.428215 9.852230 0.220135
-54.582013 -10.309591 0.000000 0.000000
-50.700637 -10.309591 0.000000 0.000000
-46.819261 -10.309591 0.000000 0.000000
-42.937885 -10.309591 10.331148 -0.286071
-39.056509 -10.309591 9.952438 0.008467
-35.175133 -10.309591 9.655437 -0.245402
-31.293757 -10.309591 10.156653 -0.315202
-27.412381 -10.309591 10.378881 -0.407348
-23.531005 -10.309591 10.305188 -0.346988
-19.649629 -10.309591 10.286221 0.108690
-15.768253 -10.309591 10.286662 -0.066494
-11.886877 -10.309591 10.246645 -0.284718
-8.005501 -10.309591 10.414079 -0.049677
-4.124125 -10.309591 10.201856 -0.078040
-0.242749 -10.309591 10.514879 0.327623
3.638627 -10.309591 10.268604 0.148936
7.520003 -10.309591 10.405605 0.196620
11.401379 -10.309591 10.432306 -0.032120
15.282755 -10.309591 10.386142 0.187441
19.164131 -10.309591 10.395612 0.305441
23.045507 -10.309591 10.320019 0.172951
26.926883 -10.309591 10.148220 0.179461
30.808259 -10.309591 10.307292 0.280753
34.689635 -10.309591 10.161935 0.317380
38.571011 -10.309591 10.247687 0.387517
42.452387 -10.309591 10.267322 0.382366
46.333763 -10.309591 10.119342 0.333343
50.215140 -10.309591 10.106494 0.322987
54.096516 -10.309591 10.111103 0.469496
57.977892 -10.309591 10.074670 0.296014
61.859268 -10.309591 10.083403 0.375421
65.740644 -10.309591 10.012484 0.372893
69.622020 -10.309591 9.974298 0.406608
73.503396 -10.309591 9.977282 0.373875
77.384772 -10.309591 9.981319 0.448804
81.266148 -10.309591 10.145506 0.335775
85.147524 -10.309591 9.926407 0.423077
89.028900 -10.309591 9.873798 0.277360
92.910276 -10.309591 9.787440 0.384271
96.791652 -10.309591 9.859044 0.213762
100.673028 -10.309591 9.920632 0.221061
104.554404 -10.309591 9.920555 0.313589
108.435780 -10.309591 9.941577 0.263621
112.317156 -10.309591 9.822639 0.162218
116.198532 -10.309591 9.891202 0.181309
120.079908 -10.309591 9.914574 0.180785
123.961284 -10.309591 10.019982 0.166080
127.842660 -10.309591 9.881664 0.206726
131.724036 -10.309591 9.889845 0.125323
135.605412 -10.309591 9.876013 0.176952
139.486788 -10.309591 9.840293 0.214942
-54.582013 -14.190967 0.000000 0.000000
-50.700637 -14.190967 0.000000 0.000000
-46.819261 -14.190967 0.000000 0.000000
-42.937885 -14.190967 9.756850 -0.406099
-39.056509 -14.190967 9.830391 0.478031
-35.175133 -14.190967 10.192000 -0.164581
-31.293757 -14.190967 10.436337 0.072471
-27.412381 -14.190967 10.193602 0.349738
-23.531005 -14.190967 10.091660 0.025544
-19.649629 -14.190967 10.294549 -0.205895
-15.768253 -14.190967 10.321860 -0.148627
-11.886877 -14.190967 10.419375 -0.127391
-8.005501 -14.190967 10.246673 -0.389089
-4.124125 -14.190967 10.299525 -0.001422
-0.242749 -14.190967 10.359888 -0.093930
3.638627 -14.190967 10.470374 0.141957
7.520003 -14.190967 10.226487 0.295044
11.401379 -14.190967 10.400350 0.114007
15.282755 -14.190967 10.365166 0.214140
19.164131 -14.190967 10.332910 0.136771
23.045507 -14.190967 10.287507 0.055346
26.926883 -14.190967 10.241348 0.290431
30.808259 -14.190967 10.126566 0.073117
34.689635 -14.190967 10.393896 0.252854
38.571011 -14.190967 10.138254 0.191370
42.452387 -14.190967 10.038302 0.419758
46.333763 -14.190967 10.289601 0.380998
50.215140 -14.190967 10.192528 0.446301
54.096516 -14.190967 10.242295 0.352826
57.977892 -14.190967 10.223042 0.431919
61.859268 -14.190967 10.075904 0.226979
65.740644 -14.190967 9.961948 0.222432
69.622020 -14.190967 10.106978 0.392301
73.503396 -14.190967 10.011901 0.515112
77.384772 -14.190967 9.355036 0.404571
81.266148 -14.190967 10.013776 0.327663
85.147524 -14.190967 10.038758 0.278668
89.028900 -14.190967 9.840441 0.219080
92.910276 -14.190967 9.878308 0.304880
96.791652 -14.190967 10.077228 0.369114
100.673028 -14.190967 9.861895 0.285659
104.554404 -14.190967 10.025004 0.132442
108.435780 -14.190967 10.018995 0.200386
112.317156 -14.190967 9.904823 0.087815
116.198532 -14.190967 9.916342 0.153684
120.079908 -14.190967 9.896402 0.208326
123.961284 -14.190967 9.791815 0.214204
127.842660 -14.190967 9.949887 0.185507
131.724036 -14.190967 9.876805 0.265032
135.605412 -14.190967 9.774396 0.150096
139.486788 -14.190967 9.922057 0.054868
-54.582013 -18.072343 0.000000 0.000000
-50.700637 -18.072343 0.000000 0.000000
-46.819261 -18.072343 0.000000 0.000000
-42.937885 -18.072343 10.211030 -0.763044
-39.056509 -18.072343 10.017401 0.395799
-35.175133 -18.072343 10.094125 -0.328513
-31.293757 -18.072343 10.023730 -0.272101
-27.412381 -18.072343 10.419558 0.015195
-23.531005 -18.072343 10.073563 -0.140462
-19.649629 -18.072343 10.116353 -0.192525
-15.768253 -18.072343 10.172197 0.331389
-11.886877 -18.072343 10.125878 0.083822
-8.005501 -18.072343 10.242617 0.129243
-4.124125 -18.072343 10.252719 -0.004645
-0.242749 -18.072343 10.302582 0.050061
3.638627 -18.072343 10.316324 0.118304
7.520003 -18.072343 10.221335 0.280693
11.401379 -18.072343 10.195646 0.195417
15.282755 -18.072343 10.380302 0.217768
19.164131 -18.072343 10.338524 0.334341
23.045507 -18.072343 10.264409 0.265487
26.926883 -18.072343 10.293979 0.335017
30.808259 -18.072343 10.369778 0.314667
34.689635 -18.072343 10.214898 0.197289
38.571011 -18.072343 10.337642 0.392527
42.452387 -18.072343 10.074899 0.388948
46.333763 -18.072343 10.257682 0.351583
50.215140 -18.072343 10.039934 0.375075
54.096516 -18.072343 10.307005 0.385947
57.977892 -18.072343 10.099277 0.348765
61.859268 -18.072343 10.023113 0.515678
65.740644 -18.072343 10.104347 0.320047
69.622020 -18.072343 9.918639 0.324688
73.503396 -18.072343 10.033773 0.342677
77.384772 -18.072343 10.022324 0.376244
81.266148 -18.072343 10.104075 0.415942
85.147524 -18.072343 9.872506 0.348577
89.028900 -18.072343 9.856947 0.080130
92.910276 -18.072343 9.957306 0.255037
96.791652 -18.072343 10.091818 0.274908
100.673028 -18.072343 9.846730 0.263607
104.554404 -18.072343 9.969817 0.074715
108.435780 -18.072343 9.971334 0.308291
112.317156 -18.072343 9.903904 0.226690
116.198532 -18.072343 9.848069 0.295886
120.079908 -18.072343 9.980641 -0.062757
123.961284 -18.072343 9.724403 0.218484
127.842660 -18.072343 9.953700 0.205315
131.724036 -18.072343 9.908895 0.086771
135.605412 -18.072343 9.830851 0.267418
139.486788 -18.072343 10.078011 0.361012
-54.582013 -21.953719 0.000000 0.000000
-50.700637 -21.953719 0.000000 0.000000
-46.819261 -21.953719 9.510434 -0.318377
-42.937885 -21.953719 9.914636 0.635618
-39.056509 -21.953719 9.808172 -0.735819
-35.175133 -21.953719 10.064062 -0.100198
-31.293757 -21.953719 10.321765 -0.133850
-27.412381 -21.953719 9.981452 0.142025
-23.531005 -21.953719 10.195045 -0.300996
-19.649629 -21.953719 10.083610 -0.073871
-15.768253 -21.953719 10.220756 0.108228
-11.886877 -21.953719 10.016395 0.063215
-8.005501 -21.953719 10.313279 -0.010642
-4.124125 -21.953719 10.299519 0.124291
-0.242749 -21.953719 10.206033 0.096323
3.638627 -21.953719 10.359456 -0.169547
7.520003 -21.953719 10.503253 0.133796
11.401379 -21.953719 10.266680 0.236632
15.282755 -21.953719 10.215271 0.086109
19.164131 -21.953719 10.464085 0.212228
23.045507 -21.953719 10.295484 0.406755
26.926883 -21.953719 10.185439 0.194450
30.808259 -21.953719 10.212520 0.221229
34.689635 -21.953719 10.358207 0.344510
38.571011 -21.953719 10.021509 0.235742
42.452387 -21.953719 10.197673 0.390441
46.333763 -21.953719 10.213923 0.329116
50.215140 -21.953719 10.132883 0.181719
54.096516 -21.953719 10.221853 0.470654
57.977892 -21.953719 10.213290 0.458691
61.859268 -21.953719 10.330797 0.339724
65.740644 -21.953719 10.093680 0.439742
69.622020 -21.953719 10.100309 0.210126
73.503396 -21.953719 9.970977 0.249492
77.384772 -21.953719 9.885884 0.320792
81.266148 -21.953719 10.059361 0.360817
85.147524 -21.953719 9.983880 0.300206
89.028900 -21.953719 9.929266 0.244424
92.910276 -21.953719 9.846755 0.386217
96.791652 -21.953719 10.044709 0.241452
100.673028 -21.953719 9.967278 0.269758
104.554404 -21.953719 9.979093 0.130565
108.435780 -21.953719 9.996139 0.160950
112.317156 -21.953719 9.882392 0.314041
116.198532 -21.953719 9.968968 0.284802
120.079908 -21.953719 9.881140 0.271465
123.961284 -21.953719 10.120264 0.276484
127.842660 -21.953719 9.914568 0.325716
131.724036 -21.953719 10.017188 0.360631
135.605412 -21.953719 9.869004 0.148391
139.486788 -21.953719 9.896585 0.072193
-54.582013 -25.835095 0.000000 0.000000
-50.700637 -25.835095 9.438081 -1.190252
-46.819261 -25.835095 10.218917 0.310509
-42.937885 -25.835095 10.517840 -0.059551
-39.056509 -25.835095 9.410750 -0.444176
-35.175133 -25.835095 9.204552 -0.441241
-31.293757 -25.835095 10.468082 0.367226
-27.412381 -25.835095 10.194348 -0.111591
-23.531005 -25.835095 10.062263 0.236931
-19.649629 -25.835095 10.231983 -0.197655
-15.768253 -25.835095 10.248804 0.284735
-11.886877 -25.835095 10.356647 -0.191841
-8.005501 -25.835095 10.247730 -0.077445
-4.124125 -25.835095 10.214858 0.053677
-0.242749 -25.835095 10.143787 0.242170
3.638627 -25.835095 10.173394 0.222472
7.520003 -25.835095 10.309180 0.216991
11.401379 -25.835095 10.188740 0.223842
15.282755 -25.835095 10.348354 0.198601
19.164131 -25.835095 10.371382 -0.038742
23.045507 -25.835095 10.135036 0.342353
26.926883 -25.835095 10.332410 -0.018307
30.808259 -25.835095 10.150556 0.354889
34.689635 -25.835095 10.196218 0.204951
38.571011 -25.835095 10.243834 0.171850
42.452387 -25.835095 10.238292 0.189153
46.333763 -25.835095 10.173774 0.320294
50.215140 -25.835095 10.248712 0.427116
54.096516 -25.835095 10.084115 0.200031
57.977892 -25.835095 10.130101 0.375322
61.859268 -25.835095 10.123003 0.309601
65.740644 -25.835095 10.087996 0.358719
69.622020 -25.835095 10.130162 0.332510
73.503396 -25.835095 10.037759 0.202901
77.384772 -25.835095 10.053969 0.059632
81.266148 -25.835095 10.050154 0.256105
85.147524 -25.835095 10.059546 0.244766
89.028900 -25.835095 9.912761 0.255467
92.910276 -25.835095 9.960464 0.194093
96.791652 -25.835095 9.914413 0.136674
100.673028 -25.835095 10.036609 0.178536
104.554404 -25.835095 10.070929 0.499448
108.435780 -25.835095 9.884276 0.224756
112.317156 -25.835095 9.989550 0.079027
116.198532 -25.835095 10.097713 0.090223
120.079908 -25.835095 9.962059 0.171509
123.961284 -25.835095 10.066693 0.342196
127.842660 -25.835095 10.012965 0.134506
131.724036 -25.835095 10.052189 0.178778
135.605412 -25.835095 9.993874 0.407256
139.486788 -25.835095 10.024063 0.119548
-54.582013 -29.716471 0.000000 0.000000
-50.700637 -29.716471 0.000000 0.000000
-46.819261 -29.716471 0.000000 0.000000
-42.937885 -29.716471 11.177213 1.504436
-39.056509 -29.716471 10.141188 0.012587
-35.175133 -29.716471 10.228457 -0.241387
-31.293757 -29.716471 10.162863 -0.120720
-27.412381 -29.716471 9.948543 -0.091433
-23.531005 -29.716471 10.192757 -0.054396
-19.649629 -29.716471 10.173508 0.046993
-15.768253 -29.716471 10.090997 0.046421
-11.886877 -29.716471 10.193879 0.270359
-8.005501 -29.716471 10.192185 0.153706
-4.124125 -29.716471 10.273379 0.022734
-0.242749 -29.716471 10.278487 0.065868
3.638627 -29.716471 10.355958 0.264170
7.520003 -29.716471 10.259893 0.359374
11.401379 -29.716471 10.235478 0.195225
15.282755 -29.716471 10.200995 0.221170
19.164131 -29.716471 10.162345 0.072719
23.045507 -29.716471 10.120758 0.217268
26.926883 -29.716471 10.069834 0.071286
30.808259 -29.716471 10.376169 0.393953
34.689635 -29.716471 10.244576 0.254703
38.571011 -29.716471 10.235830 0.313676
42.452387 -29.716471 10.214891 0.278588
46.333763 -29.716471 10.219771 0.320545
50.215140 -29.716471 10.316854 0.273065
54.096516 -29.716471 10.082493 0.297170
57.977892 -29.716471 10.164754 0.236330
61.859268 -29.716471 10.106901 0.335760
65.740644 -29.716471 10.035776 0.209723
69.622020 -29.716471 10.149044 0.269186
73.503396 -29.716471 10.003995 0.266666
77.384772 -29.716471 10.155796 0.335233
81.266148 -29.716471 10.031864 0.337625
85.147524 -29.716471 10.040934 0.226383
89.028900 -29.716471 10.233504 0.352206
92.910276 -29.716471 9.899990 0.331330
96.791652 -29.716471 10.100014 0.329480
100.673028 -29.716471 9.920358 0.145109
104.554404 -29.716471 9.958478 0.347545
108.435780 -29.716471 10.088860 0.234467
112.317156 -29.716471 9.844775 0.240230
116.198532 -29.716471 9.970280 0.181238
120.079908 -29.716471 9.828759 0.213511
123.961284 -29.716471 9.845315 0.217240
127.842660 -29.716471 9.987486 0.256264
131.724036 -29.716471 9.887534 0.160825
135.605412 -29.716471 9.685429 0.385259
139.486788 -29.716471 9.913056 0.130144
-54.582013 -33.597847 0.000000 0.000000
-50.700637 -33.597847 9.681193 -0.930624
-46.819261 -33.597847 10.266220 4.181300
-42.937885 -33.597847 11.405017 -1.549776
-39.056509 -33.597847 10.039653 -0.244951
-35.175133 -33.597847 10.278963 -0.382923
-31.293757 -33.597847 9.981782 -0.039872
-27.412381 -33.597847 10.158977 0.214319
-23.531005 -33.597847 10.200421 0.203816
-19.649629 -33.597847 10.228865 0.070564
-15.768253 -33.597847 10.118497 -0.081141
-11.886877 -33.597847 10.298599 -0.068337
-8.005501 -33.597847 10.031889 0.196603
-4.124125 -33.597847 10.255711 0.025112
-0.242749 -33.597847 10.072468 0.075745
3.638627 -33.597847 10.282479 0.221712
7.520003 -33.597847 10.244578 0.073715
11.401379 -33.597847 10.200292 0.320889
15.282755 -33.597847 10.196035 0.280849
19.164131 -33.597847 10.291175 0.090465
23.045507 -33.597847 10.120758 0.381279
26.926883 -33.597847 10.212023 0.242963
30.808259 -33.597847 10.201686 0.202206
34.689635 -33.597847 10.187722 0.399569
38.571011 -33.597847 10.324449 0.342676
42.452387 -33.597847 10.077656 0.362351
46.333763 -33.597847 10.098005 0.345905
50.215140 -33.597847 10.130807 0.289191
54.096516 -33.597847 9.974845 0.287700
57.977892 -33.597847 10.075127 0.155617
61.859268 -33.597847 10.146403 0.312255
65.740644 -33.597847 10.197282 0.332663
69.622020 -33.597847 10.134577 0.251551
73.503396 -33.597847 10.144340 0.263931
77.384772 -33.597847 10.032920 0.299236
81.266148 -33.597847 9.870865 0.297399
85.147524 -33.597847 9.986110 0.323571
89.028900 -33.597847 10.066175 0.281299
92.910276 -33.597847 9.878783 0.162355
96.791652 -33.597847 10.012014 0.289386
100.673028 -33.597847 9.953783 0.171026
104.554404 -33.597847 9.963830 0.205875
108.435780 -33.597847 9.863730 0.350796
112.317156 -33.597847 9.923683 0.267369
116.198532 -33.597847 10.034999 0.266860
120.079908 -33.597847 9.874125 0.230543
123.961284 -33.597847 10.063538 0.347084
127.842660 -33.597847 9.861333 0.426569
131.724036 -33.597847 9.765314 0.319495
135.605412 -33.597847 10.043123 0.192327
139.486788 -33.597847 9.917060 -0.105697
-54.582013 -37.479223 0.000000 0.000000
-50.700637 -37.479223 0.000000 0.000000
-46.819261 -37.479223 10.159621 0.533168
-42.937885 -37.479223 0.000000 0.000000
-39.056509 -37.479223 9.891742 -0.003577
-35.175133 -37.479223 10.059272 0.315098
-31.293757 -37.479223 10.227483 0.114129
-27.412381 -37.479223 10.417084 0.337174
-23.531005 -37.479223 10.345572 0.393750
-19.649629 -37.479223 10.352559 0.381928
-15.768253 -37.479223 10.279845 -0.002960
-11.886877 -37.479223 10.202729 0.158638
-8.005501 -37.479223 10.291165 0.214750
-4.124125 -37.479223 10.339703 0.060226
-0.242749 -37.479223 10.200104 -0.009488
3.638627 -37.479223 10.160321 0.173434
7.520003 -37.479223 10.186405 0.108405
11.401379 -37.479223 10.196273 0.097299
15.282755 -37.479223 10.414767 0.350344
19.164131 -37.479223 10.197550 0.425323
23.045507 -37.479223 10.291320 0.563178
26.926883 -37.479223 10.189826 0.213527
30.808259 -37.479223 10.105671 0.230336
34.689635 -37.479223 10.118123 0.213409
38.571011 -37.479223 10.190434 0.331148
42.452387 -37.479223 10.195643 0.116732
46.333763 -37.479223 10.127661 0.257959
50.215140 -37.479223 10.043885 0.301053
54.096516 -37.479223 10.295805 0.202121
57.977892 -37.479223 10.018255 0.303919
61.859268 -37.479223 10.033610 0.233987
65.740644 -37.479223 10.183005 0.066736
69.622020 -37.479223 9.803993 0.227184
73.503396 -37.479223 9.821168 0.229394
77.384772 -37.479223 10.048410 0.337003
81.266148 -37.479223 9.882846 0.324231
85.147524 -37.479223 10.234513 0.383135
89.028900 -37.479223 10.056733 0.181008
92.910276 -37.479223 9.981906 0.381049
96.791652 -37.479223 10.013391 0.108029
100.673028 -37.479223 10.103286 0.283608
104.554404 -37.479223 9.810693 0.215501
108.435780 -37.479223 9.903941 0.340711
112.317156 -37.479223 9.937243 0.367328
116.198532 -37.479223 9.933372 0.261807
120.079908 -37.479223 9.782943 0.204057
123.961284 -37.479223 9.946192 0.448241
127.842660 -37.479223 10.048355 0.124473
131.724036 -37.479223 9.967152 0.101204
135.605412 -37.479223 9.929013 0.106969
139.486788 -37.479223 9.786241 0.122033
-54.582013 -41.360599 0.000000 0.000000
-50.700637 -41.360599 0.000000 0.000000
-46.819261 -41.360599 0.000000 0.000000
-42.937885 -41.360599 10.056319 -0.922943
-39.056509 -41.360599 10.114367 1.646876
-35.175133 -41.360599 0.000000 0.000000
-31.293757 -41.360599 10.183887 -0.381891
-27.412381 -41.360599 9.473461 -0.376229
-23.531005 -41.360599 9.936472 0.350671
-19.649629 -41.360599 10.165176 0.052559
-15.768253 -41.360599 10.209592 0.118322
-11.886877 -41.360599 10.145904 -0.042653
-8.005501 -41.360599 10.055579 -0.052733
-4.124125 -41.360599 10.160444 0.103409
-0.242749 -41.360599 10.172647 0.002657
3.638627 -41.360599 10.095022 0.278870
7.520003 -41.360599 10.185079 0.139962
11.401379 -41.360599 10.215061 0.198532
15.282755 -41.360599 10.206610 0.164478
19.164131 -41.360599 10.243693 -0.022647
23.045507 -41.360599 10.163905 0.277948
26.926883 -41.360599 10.075087 0.233836
30.808259 -41.360599 10.147615 0.122496
34.689635 -41.360599 10.096408 0.312021
38.571011 -41.360599 10.215746 0.204758
42.452387 -41.360599 10.155621 0.263223
46.333763 -41.360599 10.199872 0.308253
50.215140 -41.360599 10.064093 0.219796
54.096516 -41.360599 10.210043 0.262497
57.977892 -41.360599 9.981656 0.222606
61.859268 -41.360599 10.144620 0.292911
65.740644 -41.360599 10.099155 0.311410
69.622020 -41.360599 10.157091 0.333042
73.503396 -41.360599 10.124249 0.317957
77.384772 -41.360599 10.256170 0.221486
81.266148 -41.360599 10.074849 0.247917
85.147524 -41.360599 10.017817 0.276899
89.028900 -41.360599 10.019295 0.218667
92.910276 -41.360599 10.076564 0.230424
96.791652 -41.360599 10.048598 0.284573
100.673028 -41.360599 10.051418 0.332805
104.554404 -41.360599 9.997261 0.385603
108.435780 -41.360599 10.083303 0.228768
112.317156 -41.360599 10.007570 -0.002199
116.198532 -41.360599 10.150654 0.385256
120.079908 -41.360599 9.914741 0.262071
123.961284 -41.360599 9.841394 0.330421
127.842660 -41.360599 9.806340 0.303274
131.724036 -41.360599 10.170158 -0.026011
135.605412 -41.360599 10.197454 -0.035264
139.486788 -41.360599 9.613815 0.275093
-54.582013 -45.241975 0.000000 0.000000
-50.700637 -45.241975 0.000000 0.000000
-46.819261 -45.241975 0.000000 0.000000
-42.937885 -45.241975 0.000000 0.000000
-39.056509 -45.241975 0.000000 0.000000
-35.175133 -45.241975 0.000000 0.000000
-31.293757 -45.241975 0.000000 0.000000
-27.412381 -45.241975 0.000000 0.000000
-23.531005 -45.241975 0.000000 0.000000
-19.649629 -45.241975 0.000000 0.000000
-15.768253 -45.241975 0.000000 0.000000
-11.886877 -45.241975 0.000000 0.000000
-8.005501 -45.241975 0.000000 0.000000
-4.124125 -45.241975 0.000000 0.000000
-0.242749 -45.241975 0.000000 0.000000
3.638627 -45.241975 0.000000 0.000000
7.520003 -45.241975 0.000000 0.000000
11.401379 -45.241975 0.000000 0.000000
15.282755 -45.241975 0.000000 0.000000
19.164131 -45.241975 0.000000 0.000000
23.045507 -45.241975 0.000000 0.000000
26.926883 -45.241975 0.000000 0.000000
30.808259 -45.241975 0.000000 0.000000
34.689635 -45.241975 0.000000 0.000000
38.571011 -45.241975 0.000000 0.000000
42.452387 -45.241975 0.000000 0.000000
46.333763 -45.241975 0.000000 0.000000
50.215140 -45.241975 0.000000 0.000000
54.096516 -45.241975 0.000000 0.000000
57.977892 -45.241975 0.000000 0.000000
61.859268 -45.241975 0.000000 0.000000
65.740644 -45.241975 0.000000 0.000000
69.622020 -45.241975 0.000000 0.000000
73.503396 -45.241975 0.000000 0.000000
77.384772 -45.241975 0.000000 0.000000
81.266148 -45.241975 0.000000 0.000000
85.147524 -45.241975 0.000000 0.000000
89.028900 -45.241975 0.000000 0.000000
92.910276 -45.241975 0.000000 0.000000
96.791652 -45.241975 0.000000 0.000000
100.673028 -45.241975 0.000000 0.000000
104.554404 -45.241975 0.000000 0.000000
108.435780 -45.241975 0.000000 0.000000
112.317156 -45.241975 0.000000 0.000000
116.198532 -45.241975 0.000000 0.000000
120.079908 -45.241975 0.000000 0.000000
123.961284 -45.241975 0.000000 0.000000
127.842660 -45.241975 0.000000 0.000000
131.724036 -45.241975 0.000000 0.000000
135.605412 -45.241975 0.000000 0.000000
139.486788 -45.241975 0.000000 0.000000
