TITLE = "B00006"
VARIABLES = "position", "position(2)", "Vx", "Vy"
ZONE T="Frame 0", I=51, J=39
-54.582013 102.250314 0.000000 0.000000
-50.700637 102.250314 0.000000 0.000000
-46.819261 102.250314 0.000000 0.000000
-42.937885 102.250314 0.000000 0.000000
-39.056509 102.250314 0.000000 0.000000
-35.175133 102.250314 0.000000 0.000000
-31.293757 102.250314 0.000000 0.000000
-27.412381 102.250314 0.000000 0.000000
-23.531005 102.250314 0.000000 0.000000
-19.649629 102.250314 9.751058 2.414498
-15.768253 102.250314 9.566420 0.785144
-11.886877 102.250314 10.274064 0.414821
-8.005501 102.250314 9.967571 0.205028
-4.124125 102.250314 9.945513 -0.391678
-0.242749 102.250314 10.083055 0.649110
3.638627 102.250314 0.000000 0.000000
7.520003 102.250314 0.000000 0.000000
11.401379 102.250314 12.262584 -2.034635
15.282755 102.250314 0.000000 0.000000
19.164131 102.250314 0.000000 0.000000
23.045507 102.250314 9.389646 0.472684
26.926883 102.250314 8.878480 0.016299
30.808259 102.250314 0.000000 0.000000
34.689635 102.250314 10.723376 0.358935
38.571011 102.250314 9.560260 0.768555
42.452387 102.250314 0.000000 0.000000
46.333763 102.250314 0.000000 0.000000
50.215140 102.250314 0.000000 0.000000
54.096516 102.250314 0.000000 0.000000
57.977892 102.250314 0.000000 0.000000
61.859268 102.250314 0.000000 0.000000
65.740644 102.250314 0.000000 0.000000
69.622020 102.250314 10.181821 -0.551119
73.503396 102.250314 9.570819 -0.229068
77.384772 102.250314 10.297874 -0.306740
81.266148 102.250314 10.813500 2.289917
85.147524 102.250314 9.944923 0.128731
89.028900 102.250314 9.144518 0.786076
92.910276 102.250314 8.823142 0.260950
96.791652 102.250314 9.244454 0.503259
100.673028 102.250314 10.439021 0.365315
104.554404 102.250314 9.282707 -0.555917
108.435780 102.250314 9.904431 0.687778
112.317156 102.250314 10.172567 0.226511
116.198532 102.250314 10.342716 0.530438
120.079908 102.250314 9.088248 1.068157
123.961284 102.250314 9.466416 -0.576428
127.842660 102.250314 9.392822 -1.267524
131.724036 102.250314 9.183912 0.376011
135.605412 102.250314 10.075352 -0.475396
139.486788 102.250314 9.727833 0.129782
-54.582013 98.368938 0.000000 0.000000
-50.700637 98.368938 0.000000 0.000000
-46.819261 98.368938 0.000000 0.000000
-42.937885 98.368938 0.000000 0.000000
-39.056509 98.368938 0.000000 0.000000
-35.175133 98.368938 0.000000 0.000000
-31.293757 98.368938 0.000000 0.000000
-27.412381 98.368938 0.000000 0.000000
-23.531005 98.368938 0.000000 0.000000
-19.649629 98.368938 0.000000 0.000000
-15.768253 98.368938 9.927249 0.258010
-11.886877 98.368938 10.350252 -0.487150
-8.005501 98.368938 10.489697 0.265301
-4.124125 98.368938 7.916029 0.023161
-0.242749 98.368938 11.317364 -0.033439
3.638627 98.368938 10.295610 -0.316461
7.520003 98.368938 11.509910 -0.324456
11.401379 98.368938 10.491526 -0.357812
15.282755 98.368938 0.000000 0.000000
19.164131 98.368938 10.695550 -1.378654
23.045507 98.368938 11.810662 -0.682873
26.926883 98.368938 10.594487 0.128390
30.808259 98.368938 10.316710 -0.235694
34.689635 98.368938 11.897319 1.624043
38.571011 98.368938 0.000000 0.000000
42.452387 98.368938 0.000000 0.000000
46.333763 98.368938 12.128695 0.645864
50.215140 98.368938 0.000000 0.000000
54.096516 98.368938 0.000000 0.000000
57.977892 98.368938 0.000000 0.000000
61.859268 98.368938 0.000000 0.000000
65.740644 98.368938 0.000000 0.000000
69.622020 98.368938 0.000000 0.000000
73.503396 98.368938 9.726136 0.092615
77.384772 98.368938 10.228399 0.188641
81.266148 98.368938 10.566294 0.026775
85.147524 98.368938 9.874493 0.336735
89.028900 98.368938 9.769936 2.209419
92.910276 98.368938 11.526761 0.671275
96.791652 98.368938 10.144192 0.638155
100.673028 98.368938 9.513136 0.388393
104.554404 98.368938 10.615497 0.384215
108.435780 98.368938 10.051621 -1.148390
112.317156 98.368938 10.019427 -0.071883
116.198532 98.368938 9.862015 -0.481662
120.079908 98.368938 9.295894 -0.348626
123.961284 98.368938 9.692841 0.330959
127.842660 98.368938 9.856462 -0.136463
131.724036 98.368938 10.187860 0.282541
135.605412 98.368938 9.905617 -0.493993
139.486788 98.368938 12.188846 1.736099
-54.582013 94.487562 0.000000 0.000000
-50.700637 94.487562 0.000000 0.000000
-46.819261 94.487562 0.000000 0.000000
-42.937885 94.487562 0.000000 0.000000
-39.056509 94.487562 10.716725 -0.770241
-35.175133 94.487562 0.000000 0.000000
-31.293757 94.487562 0.000000 0.000000
-27.412381 94.487562 0.000000 0.000000
-23.531005 94.487562 0.000000 0.000000
-19.649629 94.487562 0.000000 0.000000
-15.768253 94.487562 9.907998 -0.138375
-11.886877 94.487562 10.027256 0.159607
-8.005501 94.487562 10.413601 0.417668
-4.124125 94.487562 9.301850 0.978113
-0.242749 94.487562 9.993668 -0.516005
3.638627 94.487562 0.000000 0.000000
7.520003 94.487562 12.480739 -1.169825
11.401379 94.487562 0.000000 0.000000
15.282755 94.487562 9.755576 0.507880
19.164131 94.487562 8.978889 -0.102574
23.045507 94.487562 11.820626 -0.334386
26.926883 94.487562 10.676641 -1.353098
30.808259 94.487562 10.138575 -0.739731
34.689635 94.487562 9.933476 -1.614711
38.571011 94.487562 10.604040 -0.609547
42.452387 94.487562 9.219237 -0.792399
46.333763 94.487562 9.945587 0.618666
50.215140 94.487562 9.778887 -1.801208
54.096516 94.487562 10.511844 -0.406563
57.977892 94.487562 0.000000 0.000000
61.859268 94.487562 0.000000 0.000000
65.740644 94.487562 0.000000 0.000000
69.622020 94.487562 0.000000 0.000000
73.503396 94.487562 9.154300 0.343436
77.384772 94.487562 9.303235 0.460213
81.266148 94.487562 10.595499 -0.977976
85.147524 94.487562 9.291307 0.332612
89.028900 94.487562 9.551879 0.783767
92.910276 94.487562 10.107259 -0.405376
96.791652 94.487562 10.912711 -0.041485
100.673028 94.487562 10.152372 -0.165511
104.554404 94.487562 9.170327 1.477139
108.435780 94.487562 9.243248 0.116043
112.317156 94.487562 10.084118 0.337304
116.198532 94.487562 10.356909 -0.560063
120.079908 94.487562 9.535755 0.536131
123.961284 94.487562 9.862462 -0.754950
127.842660 94.487562 9.227625 -0.483392
131.724036 94.487562 10.376616 -0.576015
135.605412 94.487562 8.886408 -0.446286
139.486788 94.487562 10.274611 -0.182560
-54.582013 90.606186 0.000000 0.000000
-50.700637 90.606186 0.000000 0.000000
-46.819261 90.606186 0.000000 0.000000
-42.937885 90.606186 10.695358 0.094654
-39.056509 90.606186 9.933955 -0.738427
-35.175133 90.606186 0.000000 0.000000
-31.293757 90.606186 0.000000 0.000000
-27.412381 90.606186 0.000000 0.000000
-23.531005 90.606186 0.000000 0.000000
-19.649629 90.606186 0.000000 0.000000
-15.768253 90.606186 0.000000 0.000000
-11.886877 90.606186 10.315028 0.026110
-8.005501 90.606186 9.493570 0.704049
-4.124125 90.606186 10.348833 0.920919
-0.242749 90.606186 9.792965 0.056256
3.638627 90.606186 9.943456 -0.425461
7.520003 90.606186 11.296074 -1.020745
11.401379 90.606186 10.618995 0.075560
15.282755 90.606186 10.301622 -0.953635
19.164131 90.606186 9.973078 -0.930807
23.045507 90.606186 11.077592 0.117586
26.926883 90.606186 9.138953 0.709430
30.808259 90.606186 10.504950 -0.275293
34.689635 90.606186 10.069265 -0.148960
38.571011 90.606186 10.518640 0.433842
42.452387 90.606186 9.288450 0.902257
46.333763 90.606186 10.031707 0.430378
50.215140 90.606186 10.414690 0.331705
54.096516 90.606186 10.347007 0.044001
57.977892 90.606186 9.106367 -0.024541
61.859268 90.606186 0.000000 0.000000
65.740644 90.606186 0.000000 0.000000
69.622020 90.606186 0.000000 0.000000
73.503396 90.606186 10.454445 0.552763
77.384772 90.606186 10.047091 0.060038
81.266148 90.606186 10.251858 0.776490
85.147524 90.606186 9.886686 -0.646595
89.028900 90.606186 10.842005 -0.746406
92.910276 90.606186 10.844862 1.286366
96.791652 90.606186 10.254951 -0.343197
100.673028 90.606186 10.054585 0.566510
104.554404 90.606186 9.940016 0.115401
108.435780 90.606186 9.469318 -0.274880
112.317156 90.606186 8.052562 0.063516
116.198532 90.606186 9.233322 0.495001
120.079908 90.606186 10.514342 0.375200
123.961284 90.606186 10.108580 -0.571673
127.842660 90.606186 10.036889 0.296537
131.724036 90.606186 9.163545 -0.801518
135.605412 90.606186 10.534760 0.764738
139.486788 90.606186 9.000910 -1.666017
-54.582013 86.724810 0.000000 0.000000
-50.700637 86.724810 10.343636 1.062912
-46.819261 86.724810 9.143373 1.948250
-42.937885 86.724810 10.396836 -0.680789
-39.056509 86.724810 10.247977 0.725150
-35.175133 86.724810 0.000000 0.000000
-31.293757 86.724810 0.000000 0.000000
-27.412381 86.724810 0.000000 0.000000
-23.531005 86.724810 0.000000 0.000000
-19.649629 86.724810 0.000000 0.000000
-15.768253 86.724810 0.000000 0.000000
-11.886877 86.724810 10.289491 1.095419
-8.005501 86.724810 10.542805 -0.528083
-4.124125 86.724810 10.054882 0.561198
-0.242749 86.724810 10.296378 -0.972516
3.638627 86.724810 10.450058 -0.412355
7.520003 86.724810 10.866460 0.098147
11.401379 86.724810 9.639890 -0.735263
15.282755 86.724810 10.024980 0.709208
19.164131 86.724810 9.391709 -0.469997
23.045507 86.724810 10.148920 0.035634
26.926883 86.724810 10.779486 0.162164
30.808259 86.724810 9.400454 -0.360126
34.689635 86.724810 9.808805 -0.462078
38.571011 86.724810 10.215836 0.106523
42.452387 86.724810 10.336602 0.098610
46.333763 86.724810 9.568533 0.516833
50.215140 86.724810 11.830832 -0.000120
54.096516 86.724810 10.985861 -0.993910
57.977892 86.724810 9.543501 1.460142
61.859268 86.724810 0.000000 0.000000
65.740644 86.724810 0.000000 0.000000
69.622020 86.724810 0.000000 0.000000
73.503396 86.724810 10.274169 -0.448354
77.384772 86.724810 11.214972 -0.904835
81.266148 86.724810 9.952703 1.095037
85.147524 86.724810 11.233514 -0.410530
89.028900 86.724810 10.966677 -0.320645
92.910276 86.724810 10.361813 -0.477189
96.791652 86.724810 10.532468 -0.224907
100.673028 86.724810 10.151925 -0.248883
104.554404 86.724810 9.774816 0.175727
108.435780 86.724810 10.792432 -0.633437
112.317156 86.724810 9.485442 0.167468
116.198532 86.724810 10.576291 -1.321759
120.079908 86.724810 10.099792 -0.255231
123.961284 86.724810 10.810922 -0.236985
127.842660 86.724810 10.782172 -0.467925
131.724036 86.724810 9.253172 -0.715691
135.605412 86.724810 9.331820 0.298604
139.486788 86.724810 8.902504 0.298715
-54.582013 82.843434 0.000000 0.000000
-50.700637 82.843434 10.067218 3.778452
-46.819261 82.843434 0.000000 0.000000
-42.937885 82.843434 9.455956 0.504215
-39.056509 82.843434 10.282195 0.206618
-35.175133 82.843434 0.000000 0.000000
-31.293757 82.843434 0.000000 0.000000
-27.412381 82.843434 0.000000 0.000000
-23.531005 82.843434 0.000000 0.000000
-19.649629 82.843434 0.000000 0.000000
-15.768253 82.843434 10.473011 0.357049
-11.886877 82.843434 11.581446 0.829579
-8.005501 82.843434 10.645353 0.508256
-4.124125 82.843434 10.473418 0.232355
-0.242749 82.843434 10.389640 0.401056
3.638627 82.843434 10.757967 0.392261
7.520003 82.843434 10.367291 -0.002714
11.401379 82.843434 10.371798 0.490681
15.282755 82.843434 9.489393 0.735465
19.164131 82.843434 10.566920 0.895403
23.045507 82.843434 10.892679 -0.019955
26.926883 82.843434 9.949705 -1.256320
30.808259 82.843434 10.204357 0.746960
34.689635 82.843434 9.897658 -0.313699
38.571011 82.843434 10.018745 0.141394
42.452387 82.843434 10.143041 0.470371
46.333763 82.843434 10.437988 -0.752211
50.215140 82.843434 9.725513 -0.601664
54.096516 82.843434 10.547931 -0.149061
57.977892 82.843434 10.749009 -1.361196
61.859268 82.843434 0.000000 0.000000
65.740644 82.843434 0.000000 0.000000
69.622020 82.843434 10.415060 0.363496
73.503396 82.843434 9.695226 -0.347910
77.384772 82.843434 10.180211 -0.398867
81.266148 82.843434 9.272127 0.351428
85.147524 82.843434 9.925182 0.823193
89.028900 82.843434 10.448091 0.195705
92.910276 82.843434 9.219704 0.530979
96.791652 82.843434 9.782434 -0.123321
100.673028 82.843434 10.046711 -0.248644
104.554404 82.843434 9.516125 -0.457508
108.435780 82.843434 9.562166 0.355471
112.317156 82.843434 9.518016 0.548978
116.198532 82.843434 9.791747 -0.201493
120.079908 82.843434 9.287479 0.196023
123.961284 82.843434 9.876047 -0.351421
127.842660 82.843434 10.243199 -0.131258
131.724036 82.843434 9.604108 0.327476
135.605412 82.843434 9.670237 -0.262296
139.486788 82.843434 9.285789 -0.226112
-54.582013 78.962058 10.540444 1.216047
-50.700637 78.962058 9.968173 -1.424351
-46.819261 78.962058 10.168325 0.952173
-42.937885 78.962058 10.480162 0.548259
-39.056509 78.962058 10.610574 1.091039
-35.175133 78.962058 0.000000 0.000000
-31.293757 78.962058 0.000000 0.000000
-27.412381 78.962058 0.000000 0.000000
-23.531005 78.962058 0.000000 0.000000
-19.649629 78.962058 0.000000 0.000000
-15.768253 78.962058 10.440706 0.709461
-11.886877 78.962058 10.827591 0.339967
-8.005501 78.962058 10.712832 0.229567
-4.124125 78.962058 10.493718 -0.097225
-0.242749 78.962058 10.750456 -0.243168
3.638627 78.962058 10.799333 0.447544
7.520003 78.962058 10.581328 0.226912
11.401379 78.962058 10.394553 0.231478
15.282755 78.962058 10.460885 0.669257
19.164131 78.962058 10.344888 0.682250
23.045507 78.962058 10.678809 1.023906
26.926883 78.962058 10.793579 -0.333240
30.808259 78.962058 10.333981 -0.062333
34.689635 78.962058 10.319998 0.130001
38.571011 78.962058 10.654964 -0.716767
42.452387 78.962058 10.902269 -0.372658
46.333763 78.962058 9.983843 -0.426118
50.215140 78.962058 10.508605 -0.650080
54.096516 78.962058 9.999923 -0.260003
57.977892 78.962058 10.564057 0.239633
61.859268 78.962058 0.000000 0.000000
65.740644 78.962058 0.000000 0.000000
69.622020 78.962058 10.253172 0.159860
73.503396 78.962058 10.234137 -0.408166
77.384772 78.962058 10.183375 0.663105
81.266148 78.962058 9.618748 -0.313180
85.147524 78.962058 9.833439 0.019387
89.028900 78.962058 10.460087 -0.803717
92.910276 78.962058 10.065756 -0.278562
96.791652 78.962058 9.957577 -0.524093
100.673028 78.962058 10.013530 0.782214
104.554404 78.962058 10.326192 -0.318538
108.435780 78.962058 10.145459 -0.425832
112.317156 78.962058 10.202797 -0.372045
116.198532 78.962058 10.067205 -0.281774
120.079908 78.962058 10.230891 -0.593732
123.961284 78.962058 9.999010 -0.122490
127.842660 78.962058 9.353734 -0.629026
131.724036 78.962058 9.964727 -0.099598
135.605412 78.962058 9.076706 -0.178763
139.486788 78.962058 9.882090 0.285456
-54.582013 75.080682 0.000000 0.000000
-50.700637 75.080682 12.039416 0.245139
-46.819261 75.080682 9.575007 0.411420
-42.937885 75.080682 10.049070 0.923888
-39.056509 75.080682 0.000000 0.000000
-35.175133 75.080682 0.000000 0.000000
-31.293757 75.080682 0.000000 0.000000
-27.412381 75.080682 0.000000 0.000000
-23.531005 75.080682 0.000000 0.000000
-19.649629 75.080682 0.000000 0.000000
-15.768253 75.080682 10.713326 0.393509
-11.886877 75.080682 10.250031 0.241521
-8.005501 75.080682 10.782117 0.708881
-4.124125 75.080682 10.941182 0.708286
-0.242749 75.080682 10.238024 0.660418
3.638627 75.080682 10.506431 0.264960
7.520003 75.080682 10.459661 0.395203
11.401379 75.080682 10.396084 0.446093
15.282755 75.080682 10.124687 0.157838
19.164131 75.080682 11.183515 0.015039
23.045507 75.080682 10.396712 -0.608715
26.926883 75.080682 10.369009 -0.341157
30.808259 75.080682 10.185396 -0.277574
34.689635 75.080682 9.814351 0.380190
38.571011 75.080682 11.079007 -0.601329
42.452387 75.080682 10.720406 -0.160583
46.333763 75.080682 10.761163 -0.865712
50.215140 75.080682 10.191306 -0.771496
54.096516 75.080682 10.317715 -0.668127
57.977892 75.080682 9.487546 -0.338109
61.859268 75.080682 0.000000 0.000000
65.740644 75.080682 0.000000 0.000000
69.622020 75.080682 10.210234 0.100451
73.503396 75.080682 9.704267 -0.662280
77.384772 75.080682 10.131483 -0.132522
81.266148 75.080682 10.274003 0.015130
85.147524 75.080682 10.248943 -0.020894
89.028900 75.080682 9.888151 0.162124
92.910276 75.080682 9.550966 -0.280510
96.791652 75.080682 9.638872 -0.166190
100.673028 75.080682 9.874536 0.082398
104.554404 75.080682 9.752235 -0.839030
108.435780 75.080682 9.837405 -0.053802
112.317156 75.080682 9.635846 -0.128668
116.198532 75.080682 9.537813 -0.610791
120.079908 75.080682 9.493758 0.006657
123.961284 75.080682 9.947451 0.460367
127.842660 75.080682 10.545617 0.222176
131.724036 75.080682 10.072199 0.068737
135.605412 75.080682 9.527504 0.486607
139.486788 75.080682 10.571088 -0.329597
-54.582013 71.199306 13.304110 2.435433
-50.700637 71.199306 9.486624 0.696288
-46.819261 71.199306 0.000000 0.000000
-42.937885 71.199306 9.516217 0.587356
-39.056509 71.199306 9.425680 1.523186
-35.175133 71.199306 0.000000 0.000000
-31.293757 71.199306 0.000000 0.000000
-27.412381 71.199306 0.000000 0.000000
-23.531005 71.199306 0.000000 0.000000
-19.649629 71.199306 0.000000 0.000000
-15.768253 71.199306 10.108178 0.681107
-11.886877 71.199306 10.889358 0.317784
-8.005501 71.199306 10.310278 0.856706
-4.124125 71.199306 10.103860 0.186241
-0.242749 71.199306 10.470963 0.862280
3.638627 71.199306 10.568552 0.294748
7.520003 71.199306 10.406947 0.071780
11.401379 71.199306 10.251969 0.266308
15.282755 71.199306 10.909525 0.318923
19.164131 71.199306 10.387379 0.188578
23.045507 71.199306 10.480969 -0.809464
26.926883 71.199306 10.561436 -0.776291
30.808259 71.199306 9.827300 -0.413103
34.689635 71.199306 10.195831 -0.540845
38.571011 71.199306 10.226015 -0.188812
42.452387 71.199306 10.138362 -0.753818
46.333763 71.199306 10.246243 -0.497101
50.215140 71.199306 10.548508 -0.285275
54.096516 71.199306 10.546206 -0.537152
57.977892 71.199306 10.064910 -0.592849
61.859268 71.199306 0.000000 0.000000
65.740644 71.199306 0.000000 0.000000
69.622020 71.199306 10.016234 -0.531312
73.503396 71.199306 10.078030 -0.685671
77.384772 71.199306 10.625334 0.261864
81.266148 71.199306 10.421279 -0.305987
85.147524 71.199306 10.246695 -0.327880
89.028900 71.199306 10.188222 0.251528
92.910276 71.199306 9.752735 0.232119
96.791652 71.199306 10.020760 -0.278097
100.673028 71.199306 9.527594 0.298569
104.554404 71.199306 10.111041 0.108886
108.435780 71.199306 9.962908 0.313325
112.317156 71.199306 9.464414 0.336588
116.198532 71.199306 10.341790 0.003284
120.079908 71.199306 9.731683 0.230134
123.961284 71.199306 9.930965 0.104434
127.842660 71.199306 9.569255 0.268629
131.724036 71.199306 9.597088 -0.178959
135.605412 71.199306 10.139173 -0.467860
139.486788 71.199306 9.587876 0.423449
-54.582013 67.317930 0.000000 0.000000
-50.700637 67.317930 0.000000 0.000000
-46.819261 67.317930 9.025041 0.659815
-42.937885 67.317930 10.492620 -0.133213
-39.056509 67.317930 9.578613 0.668886
-35.175133 67.317930 0.000000 0.000000
-31.293757 67.317930 0.000000 0.000000
-27.412381 67.317930 0.000000 0.000000
-23.531005 67.317930 0.000000 0.000000
-19.649629 67.317930 10.480504 0.509726
-15.768253 67.317930 10.780223 0.348364
-11.886877 67.317930 10.638222 1.055467
-8.005501 67.317930 10.560409 0.784133
-4.124125 67.317930 11.181485 0.740560
-0.242749 67.317930 10.953327 0.357329
3.638627 67.317930 11.109539 -0.258619
7.520003 67.317930 9.941084 -1.024332
11.401379 67.317930 10.822769 0.082485
15.282755 67.317930 10.462323 0.324979
19.164131 67.317930 10.394858 -0.277991
23.045507 67.317930 10.612063 -0.448752
26.926883 67.317930 10.420175 -0.334350
30.808259 67.317930 10.731430 0.027435
34.689635 67.317930 10.915752 -0.488565
38.571011 67.317930 10.221635 -0.546688
42.452387 67.317930 10.678554 -0.254515
46.333763 67.317930 10.506168 -0.637537
50.215140 67.317930 10.363109 0.166910
54.096516 67.317930 10.414351 0.286640
57.977892 67.317930 9.686409 -0.923848
61.859268 67.317930 0.000000 0.000000
65.740644 67.317930 0.000000 0.000000
69.622020 67.317930 10.174489 -0.425296
73.503396 67.317930 10.116016 -0.475974
77.384772 67.317930 10.002156 -0.653347
81.266148 67.317930 9.463874 0.478360
85.147524 67.317930 9.396617 -0.022160
89.028900 67.317930 9.707193 0.096013
92.910276 67.317930 8.794334 -0.468460
96.791652 67.317930 10.007915 0.077412
100.673028 67.317930 9.948606 0.362020
104.554404 67.317930 10.028348 0.353426
108.435780 67.317930 9.292643 -0.685120
112.317156 67.317930 10.118737 -0.084715
116.198532 67.317930 9.825736 0.198268
120.079908 67.317930 9.866608 -0.289882
123.961284 67.317930 10.224889 0.014754
127.842660 67.317930 9.930120 -0.000609
131.724036 67.317930 9.395586 -0.342269
135.605412 67.317930 10.004282 0.263029
139.486788 67.317930 9.740976 0.202372
-54.582013 63.436554 0.000000 0.000000
-50.700637 63.436554 9.075990 0.856416
-46.819261 63.436554 9.933079 1.208676
-42.937885 63.436554 9.456222 0.968542
-39.056509 63.436554 9.944350 0.745234
-35.175133 63.436554 0.000000 0.000000
-31.293757 63.436554 0.000000 0.000000
-27.412381 63.436554 0.000000 0.000000
-23.531005 63.436554 0.000000 0.000000
-19.649629 63.436554 10.506946 0.654642
-15.768253 63.436554 10.326780 0.730343
-11.886877 63.436554 10.309606 0.200471
-8.005501 63.436554 10.060579 0.977982
-4.124125 63.436554 10.990367 0.317192
-0.242749 63.436554 11.324305 0.730725
3.638627 63.436554 10.774076 -0.709105
7.520003 63.436554 10.939242 -0.021389
11.401379 63.436554 10.967883 -0.757975
15.282755 63.436554 10.868776 -0.274940
19.164131 63.436554 10.831187 0.097223
23.045507 63.436554 10.480936 -0.006316
26.926883 63.436554 10.329538 -0.102765
30.808259 63.436554 10.951214 -0.697576
34.689635 63.436554 10.354947 -0.400033
38.571011 63.436554 10.341997 -0.000850
42.452387 63.436554 10.494987 -0.046999
46.333763 63.436554 10.464458 -0.503680
50.215140 63.436554 10.479467 -0.397519
54.096516 63.436554 10.289556 -0.519281
57.977892 63.436554 10.505721 -0.475015
61.859268 63.436554 0.000000 0.000000
65.740644 63.436554 0.000000 0.000000
69.622020 63.436554 10.065703 -0.450694
73.503396 63.436554 10.231632 -0.176321
77.384772 63.436554 9.757356 0.090547
81.266148 63.436554 10.366616 -0.437962
85.147524 63.436554 9.938643 0.370968
89.028900 63.436554 10.083717 -0.007618
92.910276 63.436554 9.912292 -0.166427
96.791652 63.436554 9.965998 -0.075514
100.673028 63.436554 9.482126 -0.246682
104.554404 63.436554 10.072505 0.510918
108.435780 63.436554 9.388763 0.000523
112.317156 63.436554 10.014276 -0.767048
116.198532 63.436554 9.611506 -0.629479
120.079908 63.436554 10.462027 -0.125705
123.961284 63.436554 9.681449 0.417659
127.842660 63.436554 9.641784 -0.328163
131.724036 63.436554 9.979308 0.017874
135.605412 63.436554 9.983053 0.354618
139.486788 63.436554 9.885245 -0.195438
-54.582013 59.555178 10.144734 -0.139634
-50.700637 59.555178 10.722164 0.564091
-46.819261 59.555178 10.122611 0.631471
-42.937885 59.555178 9.555330 1.221974
-39.056509 59.555178 10.158264 0.823192
-35.175133 59.555178 0.000000 0.000000
-31.293757 59.555178 0.000000 0.000000
-27.412381 59.555178 0.000000 0.000000
-23.531005 59.555178 0.000000 0.000000
-19.649629 59.555178 10.522887 0.530563
-15.768253 59.555178 10.942204 0.373744
-11.886877 59.555178 11.071481 0.394604
-8.005501 59.555178 10.788508 0.701631
-4.124125 59.555178 10.986218 0.106687
-0.242749 59.555178 10.702746 -0.053986
3.638627 59.555178 10.999541 0.137223
7.520003 59.555178 10.800782 -0.592245
11.401379 59.555178 10.934378 0.234837
15.282755 59.555178 10.371440 -0.108829
19.164131 59.555178 10.317200 -0.146982
23.045507 59.555178 10.801485 0.105971
26.926883 59.555178 10.492376 0.117637
30.808259 59.555178 10.656726 -0.407688
34.689635 59.555178 10.618486 -0.120912
38.571011 59.555178 10.482826 -0.179162
42.452387 59.555178 10.741792 -0.724230
46.333763 59.555178 10.379796 -0.502670
50.215140 59.555178 10.457955 -0.678464
54.096516 59.555178 10.490942 -0.673207
57.977892 59.555178 9.784097 -0.316709
61.859268 59.555178 0.000000 0.000000
65.740644 59.555178 0.000000 0.000000
69.622020 59.555178 10.236573 -0.535416
73.503396 59.555178 10.325850 -0.690193
77.384772 59.555178 10.104505 -0.972650
81.266148 59.555178 9.918374 -0.195080
85.147524 59.555178 9.981116 -0.229562
89.028900 59.555178 9.926879 -0.169461
92.910276 59.555178 10.035107 -0.193435
96.791652 59.555178 9.976927 0.114895
100.673028 59.555178 10.268139 -0.430659
104.554404 59.555178 9.990293 0.060999
108.435780 59.555178 9.807457 0.033820
112.317156 59.555178 9.878934 0.062640
116.198532 59.555178 9.938413 -0.121229
120.079908 59.555178 10.030007 0.252185
123.961284 59.555178 10.034607 0.658581
127.842660 59.555178 10.017833 -0.190146
131.724036 59.555178 9.870516 0.214401
135.605412 59.555178 9.838202 -0.625084
139.486788 59.555178 10.260239 0.080326
-54.582013 55.673802 0.000000 0.000000
-50.700637 55.673802 10.785655 -0.121415
-46.819261 55.673802 10.019569 0.920483
-42.937885 55.673802 10.078967 0.911052
-39.056509 55.673802 9.984046 0.935516
-35.175133 55.673802 0.000000 0.000000
-31.293757 55.673802 0.000000 0.000000
-27.412381 55.673802 0.000000 0.000000
-23.531005 55.673802 10.260853 1.387430
-19.649629 55.673802 10.796630 0.603484
-15.768253 55.673802 10.873870 0.743192
-11.886877 55.673802 10.692906 1.022396
-8.005501 55.673802 10.807090 0.254759
-4.124125 55.673802 11.343518 0.809932
-0.242749 55.673802 10.788489 0.497812
3.638627 55.673802 10.768806 0.035746
7.520003 55.673802 10.714819 -0.153697
11.401379 55.673802 10.684090 -0.202038
15.282755 55.673802 10.877741 -0.074900
19.164131 55.673802 10.413761 -0.289708
23.045507 55.673802 10.591992 0.082105
26.926883 55.673802 10.501599 -0.832467
30.808259 55.673802 10.856787 -0.446610
34.689635 55.673802 10.810088 -0.489421
38.571011 55.673802 10.702660 -0.488490
42.452387 55.673802 10.526977 -0.177988
46.333763 55.673802 10.561331 -0.463433
50.215140 55.673802 10.458850 -0.843965
54.096516 55.673802 10.299706 -0.532501
57.977892 55.673802 9.867280 -0.396276
61.859268 55.673802 0.000000 0.000000
65.740644 55.673802 0.000000 0.000000
69.622020 55.673802 10.145407 0.103812
73.503396 55.673802 9.334048 -0.229826
77.384772 55.673802 9.867694 -0.430093
81.266148 55.673802 9.875730 -0.346246
85.147524 55.673802 9.602066 -0.530743
89.028900 55.673802 9.298029 -0.623060
92.910276 55.673802 10.253462 -0.234363
96.791652 55.673802 9.964980 0.000174
100.673028 55.673802 10.215401 -0.373895
104.554404 55.673802 10.108642 0.088876
108.435780 55.673802 9.607835 -0.051298
112.317156 55.673802 9.262318 -0.174745
116.198532 55.673802 10.119163 -0.121689
120.079908 55.673802 10.080584 -0.214234
123.961284 55.673802 9.440928 0.554418
127.842660 55.673802 9.644156 -0.228462
131.724036 55.673802 9.675632 0.133741
135.605412 55.673802 9.499973 -0.049454
139.486788 55.673802 10.160247 0.236125
-54.582013 51.792426 8.613556 1.284543
-50.700637 51.792426 9.296832 0.459624
-46.819261 51.792426 9.736300 1.286545
-42.937885 51.792426 9.717428 1.150791
-39.056509 51.792426 9.471872 1.238159
-35.175133 51.792426 0.000000 0.000000
-31.293757 51.792426 0.000000 0.000000
-27.412381 51.792426 0.000000 0.000000
-23.531005 51.792426 10.916490 1.287065
-19.649629 51.792426 10.860587 0.906019
-15.768253 51.792426 10.971439 1.053021
-11.886877 51.792426 10.969407 0.444250
-8.005501 51.792426 11.650203 0.012841
-4.124125 51.792426 11.172364 0.356051
-0.242749 51.792426 11.411966 0.115012
3.638627 51.792426 11.336304 0.004588
7.520003 51.792426 10.795492 -0.372228
11.401379 51.792426 10.468461 0.038928
15.282755 51.792426 10.615919 0.196962
19.164131 51.792426 10.597387 -0.391853
23.045507 51.792426 10.896409 -0.231629
26.926883 51.792426 10.711688 -0.595710
30.808259 51.792426 10.785482 -0.275775
34.689635 51.792426 10.636318 -0.590524
38.571011 51.792426 10.307536 -0.577320
42.452387 51.792426 10.426887 -0.706178
46.333763 51.792426 10.691290 -0.407728
50.215140 51.792426 10.466491 -0.672945
54.096516 51.792426 10.442291 -0.522512
57.977892 51.792426 10.395845 -0.378401
61.859268 51.792426 0.000000 0.000000
65.740644 51.792426 0.000000 0.000000
69.622020 51.792426 9.887062 -0.770301
73.503396 51.792426 9.773989 -0.604750
77.384772 51.792426 10.022016 -0.262602
81.266148 51.792426 9.807108 -0.364347
85.147524 51.792426 10.052668 -0.481896
89.028900 51.792426 10.142733 -0.129746
92.910276 51.792426 9.889573 -0.624973
96.791652 51.792426 9.975552 -0.210200
100.673028 51.792426 10.231135 -0.192682
104.554404 51.792426 9.654005 -0.065069
108.435780 51.792426 10.060622 -0.451283
112.317156 51.792426 9.833232 -0.157920
116.198532 51.792426 9.823790 0.588585
120.079908 51.792426 10.201671 0.359169
123.961284 51.792426 9.611891 -0.027102
127.842660 51.792426 9.729927 0.014418
131.724036 51.792426 9.783797 -0.276102
135.605412 51.792426 9.231076 -0.153897
139.486788 51.792426 10.093838 0.007844
-54.582013 47.911049 9.507651 -0.089146
-50.700637 47.911049 8.951093 0.681460
-46.819261 47.911049 8.955732 1.088105
-42.937885 47.911049 9.412524 1.228950
-39.056509 47.911049 9.574055 1.422237
-35.175133 47.911049 0.000000 0.000000
-31.293757 47.911049 0.000000 0.000000
-27.412381 47.911049 0.000000 0.000000
-23.531005 47.911049 11.071373 1.560532
-19.649629 47.911049 10.998640 0.909643
-15.768253 47.911049 11.560831 0.946398
-11.886877 47.911049 11.763424 0.715570
-8.005501 47.911049 11.519935 0.419519
-4.124125 47.911049 11.278247 0.149196
-0.242749 47.911049 11.455941 -0.402376
3.638627 47.911049 11.433417 -0.239481
7.520003 47.911049 11.160707 -0.379395
11.401379 47.911049 11.004569 -0.425082
15.282755 47.911049 11.088443 -0.066701
19.164131 47.911049 10.757647 -0.025384
23.045507 47.911049 10.579104 -0.528744
26.926883 47.911049 10.560220 -0.430028
30.808259 47.911049 10.741610 -0.633331
34.689635 47.911049 10.561738 -0.365789
38.571011 47.911049 10.590706 -0.619971
42.452387 47.911049 10.611773 -0.517652
46.333763 47.911049 10.457881 -0.741878
50.215140 47.911049 10.278611 -0.616965
54.096516 47.911049 10.230741 -1.022703
57.977892 47.911049 10.110350 -0.828308
61.859268 47.911049 0.000000 0.000000
65.740644 47.911049 0.000000 0.000000
69.622020 47.911049 9.672140 -0.617456
73.503396 47.911049 9.439398 -0.169436
77.384772 47.911049 9.883373 -0.008676
81.266148 47.911049 9.953610 -0.312443
85.147524 47.911049 9.761826 -0.369366
89.028900 47.911049 9.662568 -0.595050
92.910276 47.911049 9.472002 -0.437491
96.791652 47.911049 9.816257 -0.090378
100.673028 47.911049 10.092700 -0.154753
104.554404 47.911049 10.064639 -0.143504
108.435780 47.911049 9.954893 -0.132553
112.317156 47.911049 9.271812 -0.173337
116.198532 47.911049 9.161829 0.439100
120.079908 47.911049 9.399945 1.014618
123.961284 47.911049 10.172638 -0.269878
127.842660 47.911049 10.155984 0.329407
131.724036 47.911049 10.055074 -0.432224
135.605412 47.911049 9.427959 0.330468
139.486788 47.911049 9.348842 0.203773
-54.582013 44.029673 9.341337 1.589907
-50.700637 44.029673 8.639313 0.643635
-46.819261 44.029673 9.040899 0.804314
-42.937885 44.029673 9.105170 1.065669
-39.056509 44.029673 9.852822 0.780878
-35.175133 44.029673 0.000000 0.000000
-31.293757 44.029673 0.000000 0.000000
-27.412381 44.029673 11.375867 2.138908
-23.531005 44.029673 11.562559 1.562079
-19.649629 44.029673 11.674815 1.446229
-15.768253 44.029673 11.410072 1.005483
-11.886877 44.029673 11.796967 0.539530
-8.005501 44.029673 11.740335 0.000122
-4.124125 44.029673 11.625862 0.192901
-0.242749 44.029673 0.000000 0.000000
3.638627 44.029673 11.143285 -0.090679
7.520003 44.029673 11.183811 -0.271297
11.401379 44.029673 10.612640 -0.592055
15.282755 44.029673 10.680194 -0.870686
19.164131 44.029673 10.814916 -0.760790
23.045507 44.029673 10.776487 -0.452862
26.926883 44.029673 10.880119 -0.490581
30.808259 44.029673 10.491614 -0.709168
34.689635 44.029673 11.022016 -0.615370
38.571011 44.029673 10.766860 -0.396111
42.452387 44.029673 10.387626 -0.633335
46.333763 44.029673 10.828334 -0.645999
50.215140 44.029673 10.797306 -0.489984
54.096516 44.029673 10.350578 -0.964653
57.977892 44.029673 10.280018 -0.940174
61.859268 44.029673 0.000000 0.000000
65.740644 44.029673 0.000000 0.000000
69.622020 44.029673 8.789578 -0.607475
73.503396 44.029673 8.902007 0.262393
77.384772 44.029673 10.001657 0.846148
81.266148 44.029673 10.446687 -0.615606
85.147524 44.029673 9.890400 -0.927929
89.028900 44.029673 9.280159 -0.775281
92.910276 44.029673 9.626728 -0.617559
96.791652 44.029673 9.840919 -0.400493
100.673028 44.029673 10.511214 -0.130295
104.554404 44.029673 10.618745 -0.489987
108.435780 44.029673 9.458581 -0.621441
112.317156 44.029673 9.011614 -0.488041
116.198532 44.029673 8.464364 0.871784
120.079908 44.029673 9.040255 1.840815
123.961284 44.029673 10.496821 1.375927
127.842660 44.029673 9.826091 -0.757652
131.724036 44.029673 9.308264 -0.879456
135.605412 44.029673 8.253760 -0.025391
139.486788 44.029673 7.874118 0.898190
-54.582013 40.148297 10.188127 0.461516
-50.700637 40.148297 0.000000 0.000000
-46.819261 40.148297 8.512204 0.374685
-42.937885 40.148297 8.866466 1.132182
-39.056509 40.148297 8.513611 1.673174
-35.175133 40.148297 0.000000 0.000000
-31.293757 40.148297 0.000000 0.000000
-27.412381 40.148297 0.000000 0.000000
-23.531005 40.148297 0.000000 0.000000
-19.649629 40.148297 0.000000 0.000000
-15.768253 40.148297 0.000000 0.000000
-11.886877 40.148297 0.000000 0.000000
-8.005501 40.148297 0.000000 0.000000
-4.124125 40.148297 0.000000 0.000000
-0.242749 40.148297 0.000000 0.000000
3.638627 40.148297 0.000000 0.000000
7.520003 40.148297 0.000000 0.000000
11.401379 40.148297 0.000000 0.000000
15.282755 40.148297 0.000000 0.000000
19.164131 40.148297 0.000000 0.000000
23.045507 40.148297 0.000000 0.000000
26.926883 40.148297 0.000000 0.000000
30.808259 40.148297 0.000000 0.000000
34.689635 40.148297 0.000000 0.000000
38.571011 40.148297 0.000000 0.000000
42.452387 40.148297 10.011555 -0.531127
46.333763 40.148297 10.467252 -1.036425
50.215140 40.148297 9.711993 -0.825442
54.096516 40.148297 11.374907 -0.760827
57.977892 40.148297 9.365215 -1.615227
61.859268 40.148297 9.344384 -0.399537
65.740644 40.148297 0.000000 0.000000
69.622020 40.148297 8.319939 -1.740299
73.503396 40.148297 7.273113 -0.170274
77.384772 40.148297 0.000000 0.000000
81.266148 40.148297 10.061319 -2.273371
85.147524 40.148297 9.572068 -1.073702
89.028900 40.148297 8.814986 -1.199621
92.910276 40.148297 7.228682 -0.418325
96.791652 40.148297 8.411762 1.738166
100.673028 40.148297 9.402037 2.451239
104.554404 40.148297 9.993541 -1.457914
108.435780 40.148297 9.004503 -0.852559
112.317156 40.148297 8.346436 -0.899657
116.198532 40.148297 7.280581 0.294901
120.079908 40.148297 7.821821 2.175080
123.961284 40.148297 0.000000 0.000000
127.842660 40.148297 8.677399 -1.910083
131.724036 40.148297 8.887793 -1.712194
135.605412 40.148297 7.938883 -0.890619
139.486788 40.148297 6.535350 1.596320
-54.582013 36.266921 0.000000 0.000000
-50.700637 36.266921 0.000000 0.000000
-46.819261 36.266921 0.000000 0.000000
-42.937885 36.266921 7.157078 0.692625
-39.056509 36.266921 6.781375 1.760231
-35.175133 36.266921 0.000000 0.000000
-31.293757 36.266921 0.000000 0.000000
-27.412381 36.266921 0.000000 0.000000
-23.531005 36.266921 0.000000 0.000000
-19.649629 36.266921 0.000000 0.000000
-15.768253 36.266921 0.000000 0.000000
-11.886877 36.266921 0.000000 0.000000
-8.005501 36.266921 0.000000 0.000000
-4.124125 36.266921 0.000000 0.000000
-0.242749 36.266921 0.000000 0.000000
3.638627 36.266921 0.000000 0.000000
7.520003 36.266921 0.000000 0.000000
11.401379 36.266921 0.000000 0.000000
15.282755 36.266921 0.000000 0.000000
19.164131 36.266921 0.000000 0.000000
23.045507 36.266921 0.000000 0.000000
26.926883 36.266921 0.000000 0.000000
30.808259 36.266921 0.000000 0.000000
34.689635 36.266921 0.000000 0.000000
38.571011 36.266921 0.000000 0.000000
42.452387 36.266921 0.000000 0.000000
46.333763 36.266921 0.000000 0.000000
50.215140 36.266921 0.000000 0.000000
54.096516 36.266921 0.000000 0.000000
57.977892 36.266921 0.000000 0.000000
61.859268 36.266921 0.000000 0.000000
65.740644 36.266921 0.000000 0.000000
69.622020 36.266921 6.422792 -2.563657
73.503396 36.266921 5.920005 -2.406624
77.384772 36.266921 0.000000 0.000000
81.266148 36.266921 7.956824 -0.771387
85.147524 36.266921 8.627693 -2.196881
89.028900 36.266921 9.045304 -1.598012
92.910276 36.266921 8.869825 -2.230408
96.791652 36.266921 9.057979 3.578764
100.673028 36.266921 8.017797 2.500201
104.554404 36.266921 8.268885 -1.277189
108.435780 36.266921 8.739675 -0.630912
112.317156 36.266921 8.609025 -1.256966
116.198532 36.266921 10.132063 0.154420
120.079908 36.266921 9.109258 1.760421
123.961284 36.266921 7.590313 0.387890
127.842660 36.266921 8.499002 -1.003662
131.724036 36.266921 9.225669 -1.430416
135.605412 36.266921 9.896643 -2.001302
139.486788 36.266921 11.015594 1.906585
-54.582013 32.385545 0.000000 0.000000
-50.700637 32.385545 0.000000 0.000000
-46.819261 32.385545 0.000000 0.000000
-42.937885 32.385545 0.000000 0.000000
-39.056509 32.385545 0.000000 0.000000
-35.175133 32.385545 0.000000 0.000000
-31.293757 32.385545 0.000000 0.000000
-27.412381 32.385545 0.000000 0.000000
-23.531005 32.385545 0.000000 0.000000
-19.649629 32.385545 0.000000 0.000000
-15.768253 32.385545 0.000000 0.000000
-11.886877 32.385545 0.000000 0.000000
-8.005501 32.385545 0.000000 0.000000
-4.124125 32.385545 0.000000 0.000000
-0.242749 32.385545 0.000000 0.000000
3.638627 32.385545 0.000000 0.000000
7.520003 32.385545 0.000000 0.000000
11.401379 32.385545 0.000000 0.000000
15.282755 32.385545 0.000000 0.000000
19.164131 32.385545 0.000000 0.000000
23.045507 32.385545 0.000000 0.000000
26.926883 32.385545 0.000000 0.000000
30.808259 32.385545 0.000000 0.000000
34.689635 32.385545 0.000000 0.000000
38.571011 32.385545 0.000000 0.000000
42.452387 32.385545 0.000000 0.000000
46.333763 32.385545 0.000000 0.000000
50.215140 32.385545 0.000000 0.000000
54.096516 32.385545 0.000000 0.000000
57.977892 32.385545 0.000000 0.000000
61.859268 32.385545 0.000000 0.000000
65.740644 32.385545 0.000000 0.000000
69.622020 32.385545 0.000000 0.000000
73.503396 32.385545 0.000000 0.000000
77.384772 32.385545 9.598343 1.640254
81.266148 32.385545 8.442355 1.092580
85.147524 32.385545 8.522584 -1.323414
89.028900 32.385545 9.317098 -0.625306
92.910276 32.385545 10.286017 0.674801
96.791652 32.385545 9.967186 1.660044
100.673028 32.385545 8.351821 0.433629
104.554404 32.385545 8.501362 -0.772743
108.435780 32.385545 8.870945 -0.207066
112.317156 32.385545 9.919892 0.387193
116.198532 32.385545 10.249955 0.292870
120.079908 32.385545 9.897831 1.122092
123.961284 32.385545 8.504184 0.245732
127.842660 32.385545 9.245226 -0.935656
131.724036 32.385545 9.763390 -0.996084
135.605412 32.385545 10.093662 -0.779097
139.486788 32.385545 10.317160 0.774228
-54.582013 28.504169 0.000000 0.000000
-50.700637 28.504169 0.000000 0.000000
-46.819261 28.504169 0.000000 0.000000
-42.937885 28.504169 0.000000 0.000000
-39.056509 28.504169 0.000000 0.000000
-35.175133 28.504169 0.000000 0.000000
-31.293757 28.504169 0.000000 0.000000
-27.412381 28.504169 0.000000 0.000000
-23.531005 28.504169 0.000000 0.000000
-19.649629 28.504169 0.000000 0.000000
-15.768253 28.504169 0.000000 0.000000
-11.886877 28.504169 0.000000 0.000000
-8.005501 28.504169 0.000000 0.000000
-4.124125 28.504169 0.000000 0.000000
-0.242749 28.504169 0.000000 0.000000
3.638627 28.504169 0.000000 0.000000
7.520003 28.504169 0.000000 0.000000
11.401379 28.504169 0.000000 0.000000
15.282755 28.504169 0.000000 0.000000
19.164131 28.504169 0.000000 0.000000
23.045507 28.504169 0.000000 0.000000
26.926883 28.504169 0.000000 0.000000
30.808259 28.504169 0.000000 0.000000
34.689635 28.504169 0.000000 0.000000
38.571011 28.504169 0.000000 0.000000
42.452387 28.504169 0.000000 0.000000
46.333763 28.504169 0.000000 0.000000
50.215140 28.504169 0.000000 0.000000
54.096516 28.504169 0.000000 0.000000
57.977892 28.504169 0.000000 0.000000
61.859268 28.504169 0.000000 0.000000
65.740644 28.504169 0.000000 0.000000
69.622020 28.504169 0.000000 0.000000
73.503396 28.504169 0.000000 0.000000
77.384772 28.504169 0.000000 0.000000
81.266148 28.504169 8.404442 1.138402
85.147524 28.504169 9.102324 -0.446438
89.028900 28.504169 9.678463 -0.330610
92.910276 28.504169 9.929967 -0.303617
96.791652 28.504169 9.941337 0.660364
100.673028 28.504169 9.340451 0.395978
104.554404 28.504169 9.359549 -0.594250
108.435780 28.504169 9.818361 -0.473013
112.317156 28.504169 9.898719 -0.062510
116.198532 28.504169 9.660314 0.049052
120.079908 28.504169 9.962599 0.260535
123.961284 28.504169 9.319328 -0.352241
127.842660 28.504169 9.854698 0.085013
131.724036 28.504169 9.332422 -0.666696
135.605412 28.504169 9.984493 -0.577321
139.486788 28.504169 10.161561 0.108063
-54.582013 24.622793 9.643292 0.069417
-50.700637 24.622793 11.025544 -1.977767
-46.819261 24.622793 9.302754 -0.672942
-42.937885 24.622793 0.000000 0.000000
-39.056509 24.622793 0.000000 0.000000
-35.175133 24.622793 0.000000 0.000000
-31.293757 24.622793 0.000000 0.000000
-27.412381 24.622793 0.000000 0.000000
-23.531005 24.622793 0.000000 0.000000
-19.649629 24.622793 0.000000 0.000000
-15.768253 24.622793 0.000000 0.000000
-11.886877 24.622793 0.000000 0.000000
-8.005501 24.622793 0.000000 0.000000
-4.124125 24.622793 0.000000 0.000000
-0.242749 24.622793 0.000000 0.000000
3.638627 24.622793 0.000000 0.000000
7.520003 24.622793 0.000000 0.000000
11.401379 24.622793 0.000000 0.000000
15.282755 24.622793 0.000000 0.000000
19.164131 24.622793 0.000000 0.000000
23.045507 24.622793 0.000000 0.000000
26.926883 24.622793 0.000000 0.000000
30.808259 24.622793 0.000000 0.000000
34.689635 24.622793 0.000000 0.000000
38.571011 24.622793 0.000000 0.000000
42.452387 24.622793 0.000000 0.000000
46.333763 24.622793 0.000000 0.000000
50.215140 24.622793 0.000000 0.000000
54.096516 24.622793 0.000000 0.000000
57.977892 24.622793 0.000000 0.000000
61.859268 24.622793 0.000000 0.000000
65.740644 24.622793 0.000000 0.000000
69.622020 24.622793 9.976079 0.518977
73.503396 24.622793 10.120357 0.808002
77.384772 24.622793 9.415143 0.593617
81.266148 24.622793 9.431380 0.334096
85.147524 24.622793 9.587365 0.353188
89.028900 24.622793 9.707018 0.130736
92.910276 24.622793 9.971442 0.198293
96.791652 24.622793 10.096984 0.480866
100.673028 24.622793 9.918813 -0.098596
104.554404 24.622793 9.519247 0.051884
108.435780 24.622793 9.574724 0.119911
112.317156 24.622793 9.992526 0.301539
116.198532 24.622793 9.690774 0.275798
120.079908 24.622793 9.942321 0.006077
123.961284 24.622793 10.497735 -1.059572
127.842660 24.622793 9.453979 -0.255502
131.724036 24.622793 9.916931 -0.080435
135.605412 24.622793 9.818374 0.410013
139.486788 24.622793 10.083325 -0.165422
-54.582013 20.741417 0.000000 0.000000
-50.700637 20.741417 9.528559 -0.675180
-46.819261 20.741417 0.000000 0.000000
-42.937885 20.741417 10.893333 0.334758
-39.056509 20.741417 9.554452 -0.526725
-35.175133 20.741417 9.746893 -1.109505
-31.293757 20.741417 0.000000 0.000000
-27.412381 20.741417 0.000000 0.000000
-23.531005 20.741417 0.000000 0.000000
-19.649629 20.741417 0.000000 0.000000
-15.768253 20.741417 0.000000 0.000000
-11.886877 20.741417 0.000000 0.000000
-8.005501 20.741417 0.000000 0.000000
-4.124125 20.741417 0.000000 0.000000
-0.242749 20.741417 0.000000 0.000000
3.638627 20.741417 0.000000 0.000000
7.520003 20.741417 0.000000 0.000000
11.401379 20.741417 10.755620 0.265362
15.282755 20.741417 10.923063 0.459220
19.164131 20.741417 11.043938 0.390793
23.045507 20.741417 10.457711 0.861071
26.926883 20.741417 10.785350 0.805222
30.808259 20.741417 10.434315 0.568709
34.689635 20.741417 10.596533 0.426689
38.571011 20.741417 10.564116 0.609542
42.452387 20.741417 10.251760 0.760100
46.333763 20.741417 10.189533 0.480689
50.215140 20.741417 10.123642 0.635436
54.096516 20.741417 10.227835 0.916616
57.977892 20.741417 9.956516 0.689912
61.859268 20.741417 10.128855 0.800310
65.740644 20.741417 9.747032 0.582857
69.622020 20.741417 10.017675 0.643248
73.503396 20.741417 9.938755 0.589413
77.384772 20.741417 9.828472 0.424545
81.266148 20.741417 9.517853 0.452640
85.147524 20.741417 9.733987 0.113279
89.028900 20.741417 9.806793 0.134668
92.910276 20.741417 9.451847 0.136238
96.791652 20.741417 9.794868 0.387759
100.673028 20.741417 9.442399 0.447831
104.554404 20.741417 9.649379 0.126179
108.435780 20.741417 9.732040 0.033007
112.317156 20.741417 9.579308 0.144842
116.198532 20.741417 9.620090 0.371045
120.079908 20.741417 10.111087 0.299127
123.961284 20.741417 9.981172 -0.079470
127.842660 20.741417 9.623267 0.056307
131.724036 20.741417 9.822105 0.028468
135.605412 20.741417 10.045532 0.032008
139.486788 20.741417 9.913112 0.149915
-54.582013 16.860041 9.204730 -0.558783
-50.700637 16.860041 9.949125 -0.188141
-46.819261 16.860041 9.583108 -0.370916
-42.937885 16.860041 9.275887 -0.536330
-39.056509 16.860041 10.127837 -0.559355
-35.175133 16.860041 9.753139 -0.923623
-31.293757 16.860041 10.071916 -0.683411
-27.412381 16.860041 10.047534 -0.692327
-23.531005 16.860041 10.071779 -0.552706
-19.649629 16.860041 10.531333 -0.728367
-15.768253 16.860041 10.682285 -0.467069
-11.886877 16.860041 10.782864 -0.440746
-8.005501 16.860041 10.929088 -0.239188
-4.124125 16.860041 10.906924 -0.203488
-0.242749 16.860041 10.820092 -0.150993
3.638627 16.860041 10.823473 0.077301
7.520003 16.860041 10.808546 0.226067
11.401379 16.860041 10.716213 0.339420
15.282755 16.860041 10.771857 0.327683
19.164131 16.860041 10.732775 0.325340
23.045507 16.860041 10.418669 0.616623
26.926883 16.860041 10.517196 0.306983
30.808259 16.860041 10.235741 0.642784
34.689635 16.860041 10.632348 0.569045
38.571011 16.860041 10.340140 0.504383
42.452387 16.860041 10.330575 0.706727
46.333763 16.860041 10.284534 0.596565
50.215140 16.860041 10.356174 0.493734
54.096516 16.860041 10.226271 0.638137
57.977892 16.860041 10.168709 0.738841
61.859268 16.860041 9.854896 0.638445
65.740644 16.860041 9.949557 0.701423
69.622020 16.860041 9.739484 0.550778
73.503396 16.860041 9.526730 0.532182
77.384772 16.860041 9.756850 0.461694
81.266148 16.860041 9.788789 0.311367
85.147524 16.860041 9.697949 0.321032
89.028900 16.860041 9.958922 0.151420
92.910276 16.860041 9.644455 0.176755
96.791652 16.860041 9.788564 0.338522
100.673028 16.860041 10.054324 0.041518
104.554404 16.860041 9.998890 0.260044
108.435780 16.860041 9.947336 0.266737
112.317156 16.860041 10.122540 -0.210770
116.198532 16.860041 9.714816 0.162505
120.079908 16.860041 9.768476 0.388523
123.961284 16.860041 10.065574 0.289265
127.842660 16.860041 9.953116 0.059802
131.724036 16.860041 9.716743 -0.050511
135.605412 16.860041 10.149457 0.341585
139.486788 16.860041 9.848066 0.086199
-54.582013 12.978665 9.459256 0.413703
-50.700637 12.978665 9.800781 -0.159678
-46.819261 12.978665 8.987689 -0.474752
-42.937885 12.978665 9.985604 -0.672876
-39.056509 12.978665 9.980832 0.263367
-35.175133 12.978665 9.217288 -0.635956
-31.293757 12.978665 10.711016 -0.284401
-27.412381 12.978665 10.217372 -0.548148
-23.531005 12.978665 10.203972 -0.688700
-19.649629 12.978665 10.422109 -0.423395
-15.768253 12.978665 10.592476 -0.698666
-11.886877 12.978665 10.652155 -0.206895
-8.005501 12.978665 10.702555 -0.386475
-4.124125 12.978665 10.433926 -0.121684
-0.242749 12.978665 10.874687 0.080238
3.638627 12.978665 10.809875 -0.130500
7.520003 12.978665 10.827649 0.115930
11.401379 12.978665 10.719221 0.297935
15.282755 12.978665 10.588874 0.220487
19.164131 12.978665 10.673149 0.314055
23.045507 12.978665 10.466410 0.475118
26.926883 12.978665 10.530512 0.538765
30.808259 12.978665 10.708227 0.391928
34.689635 12.978665 10.305210 0.635840
38.571011 12.978665 10.406407 0.573148
42.452387 12.978665 10.198450 0.620525
46.333763 12.978665 10.321515 0.562382
50.215140 12.978665 10.144552 0.741467
54.096516 12.978665 10.163545 0.521545
57.977892 12.978665 9.997718 0.531268
61.859268 12.978665 10.097286 0.554211
65.740644 12.978665 9.934171 0.431004
69.622020 12.978665 9.991699 0.572785
73.503396 12.978665 10.151496 0.412824
77.384772 12.978665 9.693437 0.404645
81.266148 12.978665 9.565103 0.394512
85.147524 12.978665 9.693970 0.297899
89.028900 12.978665 9.879468 0.051877
92.910276 12.978665 9.615037 0.419468
96.791652 12.978665 9.947164 -0.049098
100.673028 12.978665 9.798271 0.188689
104.554404 12.978665 9.598448 0.346414
108.435780 12.978665 9.781080 0.113902
112.317156 12.978665 9.279952 0.339111
116.198532 12.978665 9.936352 0.028187
120.079908 12.978665 9.929096 0.094307
123.961284 12.978665 9.877994 -0.055101
127.842660 12.978665 9.987060 0.253755
131.724036 12.978665 9.904305 -0.110828
135.605412 12.978665 9.789948 -0.014598
139.486788 12.978665 9.954635 0.239368
-54.582013 9.097289 0.000000 0.000000
-50.700637 9.097289 10.458156 -0.166370
-46.819261 9.097289 10.305725 -0.374457
-42.937885 9.097289 10.053164 -0.628767
-39.056509 9.097289 9.825123 -0.755126
-35.175133 9.097289 9.862959 0.058235
-31.293757 9.097289 10.343515 -0.542938
-27.412381 9.097289 10.594170 -0.694248
-23.531005 9.097289 10.631485 -0.380446
-19.649629 9.097289 10.368288 -0.418345
-15.768253 9.097289 10.575943 -0.077008
-11.886877 9.097289 10.506229 -0.490350
-8.005501 9.097289 10.615251 -0.392972
-4.124125 9.097289 10.693406 -0.160571
-0.242749 9.097289 10.825903 -0.096276
3.638627 9.097289 10.602551 -0.208196
7.520003 9.097289 10.604377 0.130732
11.401379 9.097289 10.774828 0.264412
15.282755 9.097289 10.506229 0.328232
19.164131 9.097289 10.480082 0.156027
23.045507 9.097289 10.465571 0.543966
26.926883 9.097289 10.507893 0.299607
30.808259 9.097289 10.353524 0.359140
34.689635 9.097289 10.105248 0.581954
38.571011 9.097289 10.195665 0.603433
42.452387 9.097289 10.191174 0.427149
46.333763 9.097289 10.440567 0.462580
50.215140 9.097289 10.264582 0.613338
54.096516 9.097289 10.155762 0.568141
57.977892 9.097289 9.940078 0.489142
61.859268 9.097289 10.026090 0.480465
65.740644 9.097289 10.016543 0.489408
69.622020 9.097289 9.853149 0.527686
73.503396 9.097289 9.759762 0.469237
77.384772 9.097289 9.902285 0.468984
81.266148 9.097289 9.919281 0.326108
85.147524 9.097289 9.923451 0.371695
89.028900 9.097289 9.767002 0.376562
92.910276 9.097289 9.885948 0.192730
96.791652 9.097289 9.865750 0.144320
100.673028 9.097289 9.729446 0.454034
104.554404 9.097289 9.728617 0.226666
108.435780 9.097289 9.782209 0.194224
112.317156 9.097289 9.716349 0.340151
116.198532 9.097289 9.945772 0.111775
120.079908 9.097289 9.988466 -0.177219
123.961284 9.097289 10.055471 0.160808
127.842660 9.097289 9.798407 0.289364
131.724036 9.097289 9.800433 -0.035484
135.605412 9.097289 9.843177 0.078111
139.486788 9.097289 9.898713 0.141577
-54.582013 5.215913 0.000000 0.000000
-50.700637 5.215913 10.208537 -0.016785
-46.819261 5.215913 9.323215 -0.193308
-42.937885 5.215913 10.182780 0.398488
-39.056509 5.215913 9.286418 0.063337
-35.175133 5.215913 10.400090 -0.241581
-31.293757 5.215913 9.971162 -0.514763
-27.412381 5.215913 10.599679 -0.503183
-23.531005 5.215913 10.478255 -0.690742
-19.649629 5.215913 10.347050 -0.228933
-15.768253 5.215913 10.325306 -0.145482
-11.886877 5.215913 10.619723 -0.199482
-8.005501 5.215913 10.523633 -0.137438
-4.124125 5.215913 10.550714 -0.331020
-0.242749 5.215913 10.649317 0.090344
3.638627 5.215913 10.562956 0.244345
7.520003 5.215913 10.536490 -0.049397
11.401379 5.215913 10.552145 0.064262
15.282755 5.215913 10.593772 0.193182
19.164131 5.215913 10.437510 -0.044531
23.045507 5.215913 10.532616 0.596596
26.926883 5.215913 10.579502 0.466444
30.808259 5.215913 10.450509 0.447685
34.689635 5.215913 10.421516 0.554575
38.571011 5.215913 10.283309 0.205941
42.452387 5.215913 9.523716 0.747310
46.333763 5.215913 10.226848 0.560367
50.215140 5.215913 10.262515 0.663016
54.096516 5.215913 10.130191 0.530388
57.977892 5.215913 9.964145 0.568317
61.859268 5.215913 10.223899 0.537343
65.740644 5.215913 9.823987 0.371733
69.622020 5.215913 10.265461 0.357585
73.503396 5.215913 9.804566 0.504943
77.384772 5.215913 10.054145 0.374067
81.266148 5.215913 9.918621 0.427539
85.147524 5.215913 9.987868 0.488720
89.028900 5.215913 9.774714 0.003436
92.910276 5.215913 9.968463 0.298928
96.791652 5.215913 9.822090 0.302421
100.673028 5.215913 9.788847 0.297173
104.554404 5.215913 9.841064 0.359049
108.435780 5.215913 9.829244 0.188877
112.317156 5.215913 9.890452 0.165348
116.198532 5.215913 9.806322 -0.057743
120.079908 5.215913 9.802664 0.163563
123.961284 5.215913 9.893466 -0.071929
127.842660 5.215913 9.729299 0.176758
131.724036 5.215913 9.990487 0.069324
135.605412 5.215913 9.917292 0.318845
139.486788 5.215913 9.701866 0.116001
-54.582013 1.334537 0.000000 0.000000
-50.700637 1.334537 0.000000 0.000000
-46.819261 1.334537 9.444293 0.529343
-42.937885 1.334537 10.038250 -0.148764
-39.056509 1.334537 9.894666 -0.636684
-35.175133 1.334537 9.998548 0.026605
-31.293757 1.334537 10.454306 -0.414477
-27.412381 1.334537 10.274817 -0.050247
-23.531005 1.334537 10.278771 -0.568138
-19.649629 1.334537 10.459698 -0.536666
-15.768253 1.334537 10.597128 -0.346825
-11.886877 1.334537 10.464257 -0.281546
-8.005501 1.334537 10.603500 -0.297432
-4.124125 1.334537 10.672118 -0.220735
-0.242749 1.334537 10.375256 -0.011543
3.638627 1.334537 10.445897 0.151029
7.520003 1.334537 10.579219 0.233956
11.401379 1.334537 10.392844 0.065940
15.282755 1.334537 10.626373 0.116487
19.164131 1.334537 10.437591 0.179198
23.045507 1.334537 10.566214 0.360557
26.926883 1.334537 10.483632 0.436580
30.808259 1.334537 10.404791 0.175783
34.689635 1.334537 10.203318 0.408548
38.571011 1.334537 10.269363 0.470013
42.452387 1.334537 10.257417 0.283778
46.333763 1.334537 10.096472 0.639298
50.215140 1.334537 10.322607 0.473940
54.096516 1.334537 10.137671 0.528439
57.977892 1.334537 10.213081 0.475303
61.859268 1.334537 10.224972 0.374438
65.740644 1.334537 9.978041 0.369177
69.622020 1.334537 10.045190 0.522962
73.503396 1.334537 9.927462 0.405385
77.384772 1.334537 9.869388 0.492508
81.266148 1.334537 9.914855 0.520766
85.147524 1.334537 9.977504 0.294853
89.028900 1.334537 9.895283 0.008222
92.910276 1.334537 9.918325 0.107756
96.791652 1.334537 9.908371 0.196717
100.673028 1.334537 9.808647 0.159732
104.554404 1.334537 9.838791 0.336494
108.435780 1.334537 10.037694 0.260035
112.317156 1.334537 9.985678 0.258457
116.198532 1.334537 9.945698 0.167319
120.079908 1.334537 9.802688 0.254130
123.961284 1.334537 9.888756 0.201095
127.842660 1.334537 9.732308 0.010013
131.724036 1.334537 9.737827 0.274772
135.605412 1.334537 10.006132 0.102606
139.486788 1.334537 10.022120 0.130721
-54.582013 -2.546839 0.000000 0.000000
-50.700637 -2.546839 0.000000 0.000000
-46.819261 -2.546839 0.000000 0.000000
-42.937885 -2.546839 9.672455 -0.140862
-39.056509 -2.546839 10.113768 0.195147
-35.175133 -2.546839 9.665499 -1.355641
-31.293757 -2.546839 10.250038 -0.107902
-27.412381 -2.546839 10.236503 -0.325195
-23.531005 -2.546839 10.411485 -0.512946
-19.649629 -2.546839 10.371329 -0.123011
-15.768253 -2.546839 10.341843 -0.370956
-11.886877 -2.546839 10.464448 0.455364
-8.005501 -2.546839 10.496072 -0.043876
-4.124125 -2.546839 10.488188 -0.181274
-0.242749 -2.546839 10.468835 0.240819
3.638627 -2.546839 10.348056 -0.019424
7.520003 -2.546839 10.579579 -0.022357
11.401379 -2.546839 10.371989 0.320061
15.282755 -2.546839 10.469930 0.050223
19.164131 -2.546839 10.393344 0.333322
23.045507 -2.546839 10.199095 0.297597
26.926883 -2.546839 10.385565 0.299975
30.808259 -2.546839 10.355515 0.393088
34.689635 -2.546839 10.377289 0.426103
38.571011 -2.546839 10.170516 0.365746
42.452387 -2.546839 10.445379 0.350906
46.333763 -2.546839 10.268392 0.513327
50.215140 -2.546839 10.155056 0.406064
54.096516 -2.546839 10.131476 0.483527
57.977892 -2.546839 10.201640 0.487011
61.859268 -2.546839 10.179631 0.486096
65.740644 -2.546839 9.996255 0.462917
69.622020 -2.546839 10.001369 0.402718
73.503396 -2.546839 9.919852 0.350506
77.384772 -2.546839 9.834895 0.254916
81.266148 -2.546839 9.672060 0.449582
85.147524 -2.546839 9.831122 0.441929
89.028900 -2.546839 9.852335 0.253847
92.910276 -2.546839 10.102956 0.267906
96.791652 -2.546839 9.900348 0.261488
100.673028 -2.546839 9.799171 0.286299
104.554404 -2.546839 9.827664 0.235572
108.435780 -2.546839 9.962926 0.140414
112.317156 -2.546839 9.830910 0.169794
116.198532 -2.546839 9.910903 0.233112
120.079908 -2.546839 9.872977 0.210798
123.961284 -2.546839 9.693152 0.101614
127.842660 -2.546839 9.951769 0.175248
131.724036 -2.546839 9.641911 0.097604
135.605412 -2.546839 9.842172 0.306120
139.486788 -2.546839 9.899419 0.318930
-54.582013 -6.428215 0.000000 0.000000
-50.700637 -6.428215 9.342540 0.265759
-46.819261 -6.428215 10.303232 0.348294
-42.937885 -6.428215 10.137239 0.027543
-39.056509 -6.428215 10.132088 0.128293
-35.175133 -6.428215 10.593775 -0.865198
-31.293757 -6.428215 10.205539 -0.080029
-27.412381 -6.428215 9.581759 -0.846442
-23.531005 -6.428215 10.343589 -0.351482
-19.649629 -6.428215 10.366329 -0.318859
-15.768253 -6.428215 10.435742 -0.170200
-11.886877 -6.428215 10.395257 -0.119612
-8.005501 -6.428215 10.364706 0.160776
-4.124125 -6.428215 10.358546 -0.249149
-0.242749 -6.428215 10.427538 0.413522
3.638627 -6.428215 10.527505 0.036440
7.520003 -6.428215 10.444864 0.225310
11.401379 -6.428215 10.393943 0.117994
15.282755 -6.428215 10.250214 -0.030475
19.164131 -6.428215 10.367831 0.282217
23.045507 -6.428215 10.346541 -0.021278
26.926883 -6.428215 10.319766 0.238989
30.808259 -6.428215 10.397841 0.298538
34.689635 -6.428215 10.381247 0.486752
38.571011 -6.428215 10.238067 0.420611
42.452387 -6.428215 10.232690 0.349129
46.333763 -6.428215 10.274304 0.458439
50.215140 -6.428215 10.185233 0.503401
54.096516 -6.428215 10.244233 0.480787
57.977892 -6.428215 9.996533 0.358397
61.859268 -6.428215 10.065074 0.347508
65.740644 -6.428215 10.002681 0.450490
69.622020 -6.428215 10.024590 0.386037
73.503396 -6.428215 9.989552 0.232678
77.384772 -6.428215 9.991190 0.288889
81.266148 -6.428215 9.951550 0.410291
85.147524 -6.428215 10.040412 0.308577
89.028900 -6.428215 9.906597 0.315128
92.910276 -6.428215 9.911122 0.370365
96.791652 -6.428215 10.018498 0.322410
100.673028 -6.428215 9.951025 0.203313
104.554404 -6.428215 9.893839 0.294369
108.435780 -6.428215 9.968561 0.239385
112.317156 -6.428215 9.949255 0.235796
116.198532 -6.428215 9.856182 0.395018
120.079908 -6.428215 9.867102 0.157608
123.961284 -6.428215 10.007409 0.245477
127.842660 -6.428215 9.998711 0.306845
131.724036 -6.428215 9.908244 0.108343
135.605412 -6.428215 10.052849 0.148291
139.486788 -6.428215 9.956380 0.278114
-54.582013 -10.309591 0.000000 0.000000
-50.700637 -10.309591 0.000000 0.000000
-46.819261 -10.309591 10.260363 -0.461803
-42.937885 -10.309591 9.607060 -0.167821
-39.056509 -10.309591 9.965893 -0.487176
-35.175133 -10.309591 10.216276 -0.148291
-31.293757 -10.309591 10.188188 -0.285399
-27.412381 -10.309591 10.154016 -0.349670
-23.531005 -10.309591 10.129401 -0.277969
-19.649629 -10.309591 10.194912 0.105242
-15.768253 -10.309591 10.436671 -0.017075
-11.886877 -10.309591 10.213781 0.075381
-8.005501 -10.309591 10.391342 0.099688
-4.124125 -10.309591 10.409770 0.079793
-0.242749 -10.309591 10.344813 0.012363
3.638627 -10.309591 10.451304 0.116032
7.520003 -10.309591 10.328616 -0.062862
11.401379 -10.309591 10.472064 0.072350
15.282755 -10.309591 10.435879 0.201095
19.164131 -10.309591 10.432766 0.066284
23.045507 -10.309591 10.236867 0.279931
26.926883 -10.309591 10.370487 0.070768
30.808259 -10.309591 10.355042 0.293288
34.689635 -10.309591 10.290983 0.313204
38.571011 -10.309591 10.240248 0.452796
42.452387 -10.309591 10.196794 0.347193
46.333763 -10.309591 10.280345 0.158910
50.215140 -10.309591 10.195826 0.343350
54.096516 -10.309591 10.236025 0.273594
57.977892 -10.309591 10.115236 0.462039
61.859268 -10.309591 10.093740 0.218013
65.740644 -10.309591 10.141135 0.499932
69.622020 -10.309591 9.969934 0.217931
73.503396 -10.309591 9.831440 0.396535
77.384772 -10.309591 9.951266 0.346410
81.266148 -10.309591 9.907192 0.402344
85.147524 -10.309591 9.789834 0.278295
89.028900 -10.309591 9.945605 0.508879
92.910276 -10.309591 9.927154 0.358060
96.791652 -10.309591 10.026309 0.323111
100.673028 -10.309591 9.958613 0.306198
104.554404 -10.309591 9.950510 0.213141
108.435780 -10.309591 9.921459 0.311276
112.317156 -10.309591 9.917434 0.184121
116.198532 -10.309591 10.027515 0.115156
120.079908 -10.309591 9.845648 0.286290
123.961284 -10.309591 9.801457 0.287390
127.842660 -10.309591 10.021472 0.287512
131.724036 -10.309591 10.033910 0.190777
135.605412 -10.309591 9.705759 0.339597
139.486788 -10.309591 9.936441 -0.001100
-54.582013 -14.190967 0.000000 0.000000
-50.700637 -14.190967 0.000000 0.000000
-46.819261 -14.190967 10.118148 0.710218
-42.937885 -14.190967 10.332330 0.431891
-39.056509 -14.190967 9.580585 0.462093
-35.175133 -14.190967 10.081694 0.240883
-31.293757 -14.190967 10.029307 0.250201
-27.412381 -14.190967 10.043481 0.245631
-23.531005 -14.190967 10.188959 0.061145
-19.649629 -14.190967 10.168841 -0.107512
-15.768253 -14.190967 10.036177 -0.123563
-11.886877 -14.190967 10.235719 -0.089013
-8.005501 -14.190967 10.392406 0.191457
-4.124125 -14.190967 10.365681 0.198253
-0.242749 -14.190967 10.317190 -0.102816
3.638627 -14.190967 10.352741 0.294159
7.520003 -14.190967 10.394692 0.239772
11.401379 -14.190967 10.287670 0.230398
15.282755 -14.190967 10.337401 0.369838
19.164131 -14.190967 10.529984 0.121199
23.045507 -14.190967 10.311339 0.245346
26.926883 -14.190967 10.062279 0.378109
30.808259 -14.190967 10.034048 0.307495
34.689635 -14.190967 10.331608 0.399692
38.571011 -14.190967 10.329338 0.357567
42.452387 -14.190967 10.241428 0.437684
46.333763 -14.190967 10.184687 0.540452
50.215140 -14.190967 10.218617 0.338043
54.096516 -14.190967 10.138762 0.298564
57.977892 -14.190967 10.301863 0.350299
61.859268 -14.190967 10.000342 0.299603
65.740644 -14.190967 10.169868 0.239926
69.622020 -14.190967 10.160960 0.404012
73.503396 -14.190967 9.942626 0.453334
77.384772 -14.190967 9.989377 0.375735
81.266148 -14.190967 9.919728 0.288146
85.147524 -14.190967 10.060302 0.546294
89.028900 -14.190967 10.041232 0.343563
92.910276 -14.190967 9.903404 0.334537
96.791652 -14.190967 9.918242 0.399333
100.673028 -14.190967 9.933591 0.230020
104.554404 -14.190967 9.895813 0.288073
108.435780 -14.190967 9.857989 0.210752
112.317156 -14.190967 9.867370 0.279592
116.198532 -14.190967 10.010580 0.307693
120.079908 -14.190967 9.714196 0.202150
123.961284 -14.190967 10.093190 0.147736
127.842660 -14.190967 9.987403 0.166348
131.724036 -14.190967 10.090327 0.219051
135.605412 -14.190967 9.928516 0.251518
139.486788 -14.190967 9.898851 0.129135
-54.582013 -18.072343 0.000000 0.000000
-50.700637 -18.072343 0.000000 0.000000
-46.819261 -18.072343 0.000000 0.000000
-42.937885 -18.072343 9.870748 -0.537374
-39.056509 -18.072343 10.167842 0.184039
-35.175133 -18.072343 9.675159 -0.072443
-31.293757 -18.072343 9.503163 0.235680
-27.412381 -18.072343 10.133349 -0.072182
-23.531005 -18.072343 10.142372 0.109235
-19.649629 -18.072343 10.147625 -0.094637
-15.768253 -18.072343 10.383023 0.050219
-11.886877 -18.072343 10.252882 -0.044391
-8.005501 -18.072343 10.308967 0.158762
-4.124125 -18.072343 10.351587 0.126583
-0.242749 -18.072343 10.231524 -0.035426
3.638627 -18.072343 10.453433 0.362865
7.520003 -18.072343 10.276134 0.208394
11.401379 -18.072343 10.309254 0.140137
15.282755 -18.072343 10.440786 0.087534
19.164131 -18.072343 10.234051 0.143767
23.045507 -18.072343 10.358963 0.533749
26.926883 -18.072343 10.240676 0.470843
30.808259 -18.072343 10.171250 0.298903
34.689635 -18.072343 10.157073 0.238922
38.571011 -18.072343 10.401287 0.345804
42.452387 -18.072343 10.225259 0.268001
46.333763 -18.072343 10.222628 0.354165
50.215140 -18.072343 10.146218 0.363937
54.096516 -18.072343 10.150648 0.361771
57.977892 -18.072343 10.307881 0.410740
61.859268 -18.072343 10.103937 0.282925
65.740644 -18.072343 10.089634 0.351367
69.622020 -18.072343 10.196612 0.350531
73.503396 -18.072343 9.921422 0.387801
77.384772 -18.072343 10.000407 0.234473
81.266148 -18.072343 10.035165 0.368076
85.147524 -18.072343 10.124404 0.322188
89.028900 -18.072343 10.016294 0.390782
92.910276 -18.072343 10.057338 0.250797
96.791652 -18.072343 9.924152 0.252956
100.673028 -18.072343 10.000112 0.251540
104.554404 -18.072343 9.796892 0.242860
108.435780 -18.072343 10.108999 -0.014367
112.317156 -18.072343 9.928239 0.359470
116.198532 -18.072343 9.819071 0.327755
120.079908 -18.072343 9.868261 0.384741
123.961284 -18.072343 9.988523 0.134381
127.842660 -18.072343 9.815501 0.393700
131.724036 -18.072343 9.907393 -0.046166
135.605412 -18.072343 10.009442 0.271854
139.486788 -18.072343 10.072211 -0.001205
-54.582013 -21.953719 0.000000 0.000000
-50.700637 -21.953719 0.000000 0.000000
-46.819261 -21.953719 9.942756 0.210621
-42.937885 -21.953719 9.901542 -0.633190
-39.056509 -21.953719 10.101149 0.438947
-35.175133 -21.953719 9.738395 -0.282215
-31.293757 -21.953719 10.255106 0.080737
-27.412381 -21.953719 10.162508 0.144805
-23.531005 -21.953719 10.139731 0.039158
-19.649629 -21.953719 10.133078 0.106576
-15.768253 -21.953719 10.220296 0.350238
-11.886877 -21.953719 10.373186 0.039570
-8.005501 -21.953719 10.190017 -0.058853
-4.124125 -21.953719 10.336664 0.072548
-0.242749 -21.953719 10.302588 -0.243910
3.638627 -21.953719 10.246772 0.163959
7.520003 -21.953719 10.388428 0.252169
11.401379 -21.953719 10.256321 0.041050
15.282755 -21.953719 10.337090 0.010036
19.164131 -21.953719 10.209571 0.077523
23.045507 -21.953719 10.185871 0.172925
26.926883 -21.953719 10.292914 0.156310
30.808259 -21.953719 10.144716 0.336186
34.689635 -21.953719 10.111029 0.356299
38.571011 -21.953719 10.208222 0.442985
42.452387 -21.953719 10.351282 0.440217
46.333763 -21.953719 10.270498 0.127448
50.215140 -21.953719 10.048615 0.328874
54.096516 -21.953719 10.194012 0.344240
57.977892 -21.953719 10.040156 0.323418
61.859268 -21.953719 10.084787 0.376571
65.740644 -21.953719 10.127220 0.362419
69.622020 -21.953719 10.085636 0.355469
73.503396 -21.953719 9.981869 0.355546
77.384772 -21.953719 9.867465 0.310651
81.266148 -21.953719 10.031701 0.228954
85.147524 -21.953719 10.155808 0.220917
89.028900 -21.953719 9.995882 0.042380
92.910276 -21.953719 9.963117 0.324006
96.791652 -21.953719 9.938187 0.292316
100.673028 -21.953719 9.772659 0.111923
104.554404 -21.953719 10.022703 0.166530
108.435780 -21.953719 9.926295 0.315193
112.317156 -21.953719 9.989707 0.181121
116.198532 -21.953719 9.906088 0.265092
120.079908 -21.953719 10.117405 0.150194
123.961284 -21.953719 9.892754 0.122926
127.842660 -21.953719 10.009464 0.114196
131.724036 -21.953719 10.107166 0.239882
135.605412 -21.953719 9.935982 0.161489
139.486788 -21.953719 9.972871 0.334199
-54.582013 -25.835095 0.000000 0.000000
-50.700637 -25.835095 0.000000 0.000000
-46.819261 -25.835095 0.000000 0.000000
-42.937885 -25.835095 10.305203 0.483089
-39.056509 -25.835095 9.560714 -0.002986
-35.175133 -25.835095 10.331265 0.122872
-31.293757 -25.835095 10.339937 0.007511
-27.412381 -25.835095 10.343169 0.272469
-23.531005 -25.835095 10.182370 0.130385
-19.649629 -25.835095 10.111778 0.198814
-15.768253 -25.835095 10.302400 0.304594
-11.886877 -25.835095 10.254961 0.045554
-8.005501 -25.835095 10.178237 0.037933
-4.124125 -25.835095 10.075296 -0.139595
-0.242749 -25.835095 10.335952 0.350841
3.638627 -25.835095 10.278411 0.037565
7.520003 -25.835095 10.253147 0.141835
11.401379 -25.835095 10.343413 0.147622
15.282755 -25.835095 10.284231 0.075217
19.164131 -25.835095 10.369161 0.442984
23.045507 -25.835095 10.263139 0.218084
26.926883 -25.835095 10.323033 0.365794
30.808259 -25.835095 10.295271 0.248661
34.689635 -25.835095 10.234124 0.310500
38.571011 -25.835095 10.272202 0.341181
42.452387 -25.835095 10.125184 0.313696
46.333763 -25.835095 10.321929 0.395860
50.215140 -25.835095 10.056702 0.220907
54.096516 -25.835095 10.189086 0.296201
57.977892 -25.835095 10.003520 0.296886
61.859268 -25.835095 9.940198 0.339688
65.740644 -25.835095 10.248826 0.360648
69.622020 -25.835095 10.113287 0.302938
73.503396 -25.835095 10.012789 0.371176
77.384772 -25.835095 10.172422 0.210912
81.266148 -25.835095 10.116035 0.462886
85.147524 -25.835095 10.102321 0.391024
89.028900 -25.835095 9.907301 0.216067
92.910276 -25.835095 9.936077 0.311243
96.791652 -25.835095 10.054737 0.401540
100.673028 -25.835095 10.023817 0.116934
104.554404 -25.835095 10.004399 0.257695
108.435780 -25.835095 9.835138 0.268900
112.317156 -25.835095 9.974280 0.186844
116.198532 -25.835095 9.983441 0.174301
120.079908 -25.835095 9.833926 0.265046
123.961284 -25.835095 9.890030 0.240024
127.842660 -25.835095 10.085420 0.287017
131.724036 -25.835095 9.862142 0.125095
135.605412 -25.835095 9.806520 0.300302
139.486788 -25.835095 10.180088 0.251973
-54.582013 -29.716471 0.000000 0.000000
-50.700637 -29.716471 0.000000 0.000000
-46.819261 -29.716471 0.000000 0.000000
-42.937885 -29.716471 0.000000 0.000000
-39.056509 -29.716471 9.988479 -0.655443
-35.175133 -29.716471 10.229976 -0.078294
-31.293757 -29.716471 10.034690 0.105083
-27.412381 -29.716471 10.058990 -0.008583
-23.531005 -29.716471 9.877364 0.132245
-19.649629 -29.716471 10.012326 0.094830
-15.768253 -29.716471 10.239491 0.064486
-11.886877 -29.716471 10.290261 0.133398
-8.005501 -29.716471 10.213470 -0.278023
-4.124125 -29.716471 10.213819 0.106798
-0.242749 -29.716471 10.107340 0.133344
3.638627 -29.716471 9.973546 0.287794
7.520003 -29.716471 10.339104 0.026210
11.401379 -29.716471 10.223387 0.222207
15.282755 -29.716471 10.227937 0.167309
19.164131 -29.716471 10.178125 0.243616
23.045507 -29.716471 10.212582 0.218419
26.926883 -29.716471 10.227372 0.294352
30.808259 -29.716471 10.348679 0.238836
34.689635 -29.716471 10.209515 0.300359
38.571011 -29.716471 10.241453 0.168409
42.452387 -29.716471 10.291400 0.440147
46.333763 -29.716471 10.228442 0.254805
50.215140 -29.716471 10.240913 0.269650
54.096516 -29.716471 10.230484 0.279485
57.977892 -29.716471 10.135949 0.142443
61.859268 -29.716471 10.309436 0.176364
65.740644 -29.716471 10.041744 0.220899
69.622020 -29.716471 10.071002 0.503017
73.503396 -29.716471 10.082820 0.123919
77.384772 -29.716471 10.069220 0.312073
81.266148 -29.716471 10.122815 0.186926
85.147524 -29.716471 9.990824 0.196152
89.028900 -29.716471 10.051689 0.170126
92.910276 -29.716471 9.957047 0.267492
96.791652 -29.716471 9.976954 0.155671
100.673028 -29.716471 10.033438 0.245150
104.554404 -29.716471 10.062523 0.293490
108.435780 -29.716471 9.962969 0.248819
112.317156 -29.716471 9.936062 0.289649
116.198532 -29.716471 9.906918 0.310887
120.079908 -29.716471 9.988615 0.308449
123.961284 -29.716471 9.957642 0.166196
127.842660 -29.716471 9.974790 0.185665
131.724036 -29.716471 9.848239 0.317619
135.605412 -29.716471 9.738052 0.393663
139.486788 -29.716471 9.847767 -0.070103
-54.582013 -33.597847 0.000000 0.000000
-50.700637 -33.597847 0.000000 0.000000
-46.819261 -33.597847 10.082758 0.696256
-42.937885 -33.597847 8.858236 1.306999
-39.056509 -33.597847 10.096004 -0.207049
-35.175133 -33.597847 9.662658 -0.298132
-31.293757 -33.597847 10.086188 -0.079854
-27.412381 -33.597847 10.187929 0.035765
-23.531005 -33.597847 9.891634 -0.120756
-19.649629 -33.597847 10.061638 -0.101309
-15.768253 -33.597847 9.899490 0.317929
-11.886877 -33.597847 10.162845 0.044120
-8.005501 -33.597847 10.235009 -0.000746
-4.124125 -33.597847 10.269518 0.144765
-0.242749 -33.597847 10.177472 0.269855
3.638627 -33.597847 10.189237 -0.012502
7.520003 -33.597847 10.275785 0.369012
11.401379 -33.597847 10.196069 0.388068
15.282755 -33.597847 10.378831 0.226548
19.164131 -33.597847 10.221471 0.174927
23.045507 -33.597847 10.439340 0.254602
26.926883 -33.597847 10.187315 0.144187
30.808259 -33.597847 10.151885 0.314029
34.689635 -33.597847 10.213552 0.166578
38.571011 -33.597847 10.287461 0.229172
42.452387 -33.597847 10.157128 0.433299
46.333763 -33.597847 10.175611 0.370798
50.215140 -33.597847 10.079556 0.179905
54.096516 -33.597847 10.253277 0.342756
57.977892 -33.597847 10.279120 0.445422
61.859268 -33.597847 10.053473 0.252995
65.740644 -33.597847 10.143297 0.300197
69.622020 -33.597847 9.963928 0.327947
73.503396 -33.597847 10.064509 0.248809
77.384772 -33.597847 10.000345 0.297429
81.266148 -33.597847 10.148047 0.394632
85.147524 -33.597847 10.041288 0.277413
89.028900 -33.597847 9.902195 0.091861
92.910276 -33.597847 9.881667 0.253184
96.791652 -33.597847 9.978191 0.301261
100.673028 -33.597847 9.972713 -0.055027
104.554404 -33.597847 9.964126 0.411451
108.435780 -33.597847 10.007079 0.385376
112.317156 -33.597847 10.025149 0.146599
116.198532 -33.597847 10.046581 0.243454
120.079908 -33.597847 9.927277 0.265207
123.961284 -33.597847 9.833251 0.293331
127.842660 -33.597847 9.755709 0.162079
131.724036 -33.597847 9.964110 0.280156
135.605412 -33.597847 10.142060 0.207900
139.486788 -33.597847 9.985851 0.303086
-54.582013 -37.479223 0.000000 0.000000
-50.700637 -37.479223 0.000000 0.000000
-46.819261 -37.479223 0.000000 0.000000
-42.937885 -37.479223 9.723777 0.287985
-39.056509 -37.479223 10.246043 1.225253
-35.175133 -37.479223 10.540879 0.267713
-31.293757 -37.479223 10.114659 0.098730
-27.412381 -37.479223 10.177216 0.528703
-23.531005 -37.479223 10.184794 -0.096181
-19.649629 -37.479223 10.220778 0.110523
-15.768253 -37.479223 10.027108 0.113539
-11.886877 -37.479223 10.111331 0.006890
-8.005501 -37.479223 10.287930 -0.238062
-4.124125 -37.479223 10.177543 0.297330
-0.242749 -37.479223 10.276625 0.214011
3.638627 -37.479223 10.335174 0.130767
7.520003 -37.479223 10.243039 0.177086
11.401379 -37.479223 10.357883 0.190700
15.282755 -37.479223 10.241518 0.323898
19.164131 -37.479223 10.299380 0.289625
23.045507 -37.479223 10.169184 0.241402
26.926883 -37.479223 10.290351 0.212686
30.808259 -37.479223 10.002489 0.153805
34.689635 -37.479223 10.285228 0.246296
38.571011 -37.479223 10.079309 0.235582
42.452387 -37.479223 10.203876 0.186622
46.333763 -37.479223 10.151441 0.418373
50.215140 -37.479223 10.196048 0.229770
54.096516 -37.479223 10.235093 0.270750
57.977892 -37.479223 10.100461 0.365926
61.859268 -37.479223 9.997149 0.418626
65.740644 -37.479223 10.136696 0.106466
69.622020 -37.479223 10.064117 0.281594
73.503396 -37.479223 9.994627 0.288634
77.384772 -37.479223 10.138454 0.354783
81.266148 -37.479223 10.170969 0.396733
85.147524 -37.479223 10.002209 0.211319
89.028900 -37.479223 10.073140 0.286919
92.910276 -37.479223 9.931722 0.213605
96.791652 -37.479223 9.881492 0.258951
100.673028 -37.479223 9.980392 0.397579
104.554404 -37.479223 10.010679 0.275338
108.435780 -37.479223 9.877537 0.370516
112.317156 -37.479223 9.670949 0.312833
116.198532 -37.479223 10.155087 0.244041
120.079908 -37.479223 10.005892 0.347505
123.961284 -37.479223 10.038080 0.383432
127.842660 -37.479223 9.687961 0.242908
131.724036 -37.479223 9.969277 0.324828
135.605412 -37.479223 9.875563 0.157463
139.486788 -37.479223 9.848739 0.184389
-54.582013 -41.360599 0.000000 0.000000
-50.700637 -41.360599 0.000000 0.000000
-46.819261 -41.360599 0.000000 0.000000
-42.937885 -41.360599 9.405540 1.236395
-39.056509 -41.360599 9.889576 0.838914
-35.175133 -41.360599 10.101519 1.054523
-31.293757 -41.360599 10.513938 -0.102453
-27.412381 -41.360599 10.046581 -0.128565
-23.531005 -41.360599 10.196415 0.630684
-19.649629 -41.360599 9.798860 0.327734
-15.768253 -41.360599 10.033811 0.028211
-11.886877 -41.360599 9.952318 -0.017834
-8.005501 -41.360599 10.119956 -0.154032
-4.124125 -41.360599 10.265856 0.240947
-0.242749 -41.360599 10.023866 0.221685
3.638627 -41.360599 10.401028 0.167596
7.520003 -41.360599 10.396972 0.154334
11.401379 -41.360599 10.274466 0.306946
15.282755 -41.360599 10.284743 0.094071
19.164131 -41.360599 10.293396 0.177533
23.045507 -41.360599 10.196239 0.174109
26.926883 -41.360599 10.154855 0.181422
30.808259 -41.360599 10.198577 0.212809
34.689635 -41.360599 10.137967 0.170682
38.571011 -41.360599 10.202587 0.236706
42.452387 -41.360599 10.288195 0.210465
46.333763 -41.360599 9.912174 0.231891
50.215140 -41.360599 10.233745 0.226317
54.096516 -41.360599 10.087283 0.388018
57.977892 -41.360599 10.166793 0.338502
61.859268 -41.360599 10.142255 0.283960
65.740644 -41.360599 10.057486 0.376443
69.622020 -41.360599 10.094683 0.280556
73.503396 -41.360599 9.912350 0.432610
77.384772 -41.360599 9.926981 0.212853
81.266148 -41.360599 10.033382 0.156026
85.147524 -41.360599 10.035699 0.204718
89.028900 -41.360599 10.099942 0.221924
92.910276 -41.360599 10.052341 0.387101
96.791652 -41.360599 10.127855 0.287672
100.673028 -41.360599 9.938869 0.249054
104.554404 -41.360599 10.118133 0.062640
108.435780 -41.360599 9.896338 0.296752
112.317156 -41.360599 10.040274 0.314343
116.198532 -41.360599 9.854183 0.265143
120.079908 -41.360599 9.981419 0.275255
123.961284 -41.360599 9.765324 0.159106
127.842660 -41.360599 9.791145 0.062442
131.724036 -41.360599 10.077576 0.323230
135.605412 -41.360599 9.621706 0.274595
139.486788 -41.360599 9.930697 0.361665
-54.582013 -45.241975 0.000000 0.000000
-50.700637 -45.241975 0.000000 0.000000
-46.819261 -45.241975 0.000000 0.000000
-42.937885 -45.241975 0.000000 0.000000
-39.056509 -45.241975 0.000000 0.000000
-35.175133 -45.241975 0.000000 0.000000
-31.293757 -45.241975 0.000000 0.000000
-27.412381 -45.241975 0.000000 0.000000
-23.531005 -45.241975 0.000000 0.000000
-19.649629 -45.241975 0.000000 0.000000
-15.768253 -45.241975 0.000000 0.000000
-11.886877 -45.241975 0.000000 0.000000
-8.005501 -45.241975 0.000000 0.000000
-4.124125 -45.241975 0.000000 0.000000
-0.242749 -45.241975 0.000000 0.000000
3.638627 -45.241975 0.000000 0.000000
7.520003 -45.241975 0.000000 0.000000
11.401379 -45.241975 0.000000 0.000000
15.282755 -45.241975 0.000000 0.000000
19.164131 -45.241975 0.000000 0.000000
23.045507 -45.241975 0.000000 0.000000
26.926883 -45.241975 0.000000 0.000000
30.808259 -45.241975 0.000000 0.000000
34.689635 -45.241975 0.000000 0.000000
38.571011 -45.241975 0.000000 0.000000
42.452387 -45.241975 0.000000 0.000000
46.333763 -45.241975 0.000000 0.000000
50.215140 -45.241975 0.000000 0.000000
54.096516 -45.241975 0.000000 0.000000
57.977892 -45.241975 0.000000 0.000000
61.859268 -45.241975 0.000000 0.000000
65.740644 -45.241975 0.000000 0.000000
69.622020 -45.241975 0.000000 0.000000
73.503396 -45.241975 0.000000 0.000000
77.384772 -45.241975 0.000000 0.000000
81.266148 -45.241975 0.000000 0.000000
85.147524 -45.241975 0.000000 0.000000
89.028900 -45.241975 0.000000 0.000000
92.910276 -45.241975 0.000000 0.000000
96.791652 -45.241975 0.000000 0.000000
100.673028 -45.241975 0.000000 0.000000
104.554404 -45.241975 0.000000 0.000000
108.435780 -45.241975 0.000000 0.000000
112.317156 -45.241975 0.000000 0.000000
116.198532 -45.241975 0.000000 0.000000
120.079908 -45.241975 0.000000 0.000000
123.961284 -45.241975 0.000000 0.000000
127.842660 -45.241975 0.000000 0.000000
131.724036 -45.241975 0.000000 0.000000
135.605412 -45.241975 0.000000 0.000000
139.486788 -45.241975 0.000000 0.000000
