TITLE = "B00018"
VARIABLES = "position", "position(2)", "Vx", "Vy"
ZONE T="Frame 0", I=51, J=39
-54.582013 102.250314 0.000000 0.000000
-50.700637 102.250314 0.000000 0.000000
-46.819261 102.250314 9.604417 1.195651
-42.937885 102.250314 0.000000 0.000000
-39.056509 102.250314 0.000000 0.000000
-35.175133 102.250314 0.000000 0.000000
-31.293757 102.250314 0.000000 0.000000
-27.412381 102.250314 0.000000 0.000000
-23.531005 102.250314 0.000000 0.000000
-19.649629 102.250314 0.000000 0.000000
-15.768253 102.250314 10.643429 0.090486
-11.886877 102.250314 10.575862 1.433798
-8.005501 102.250314 8.844956 1.989451
-4.124125 102.250314 0.000000 0.000000
-0.242749 102.250314 0.000000 0.000000
3.638627 102.250314 0.000000 0.000000
7.520003 102.250314 11.879644 0.361182
11.401379 102.250314 0.000000 0.000000
15.282755 102.250314 12.575126 0.710195
19.164131 102.250314 11.017972 -0.006725
23.045507 102.250314 11.406297 0.044855
26.926883 102.250314 0.000000 0.000000
30.808259 102.250314 10.452844 0.104952
34.689635 102.250314 0.000000 0.000000
38.571011 102.250314 9.187611 -4.033405
42.452387 102.250314 8.182163 -1.082241
46.333763 102.250314 12.576224 -0.440285
50.215140 102.250314 0.000000 0.000000
54.096516 102.250314 0.000000 0.000000
57.977892 102.250314 0.000000 0.000000
61.859268 102.250314 0.000000 0.000000
65.740644 102.250314 0.000000 0.000000
69.622020 102.250314 0.000000 0.000000
73.503396 102.250314 10.533643 -0.161763
77.384772 102.250314 10.092237 -1.255224
81.266148 102.250314 0.000000 0.000000
85.147524 102.250314 10.061440 0.287706
89.028900 102.250314 10.232619 -1.083282
92.910276 102.250314 10.334251 0.125838
96.791652 102.250314 8.788897 0.141702
100.673028 102.250314 9.776598 0.370638
104.554404 102.250314 9.784051 -0.683828
108.435780 102.250314 10.335742 0.393554
112.317156 102.250314 9.972868 -0.104716
116.198532 102.250314 10.077431 -0.398594
120.079908 102.250314 9.301585 0.202021
123.961284 102.250314 9.400575 -0.308609
127.842660 102.250314 9.265489 -0.964331
131.724036 102.250314 10.383421 0.432055
135.605412 102.250314 9.345408 -0.055254
139.486788 102.250314 9.353349 -0.649076
-54.582013 98.368938 0.000000 0.000000
-50.700637 98.368938 0.000000 0.000000
-46.819261 98.368938 12.115055 0.713022
-42.937885 98.368938 9.327166 1.915172
-39.056509 98.368938 8.161077 0.398998
-35.175133 98.368938 0.000000 0.000000
-31.293757 98.368938 0.000000 0.000000
-27.412381 98.368938 0.000000 0.000000
-23.531005 98.368938 0.000000 0.000000
-19.649629 98.368938 0.000000 0.000000
-15.768253 98.368938 10.345717 0.487817
-11.886877 98.368938 10.310740 1.139994
-8.005501 98.368938 10.948043 0.347141
-4.124125 98.368938 9.424949 0.552186
-0.242749 98.368938 10.529127 0.136997
3.638627 98.368938 10.646581 0.053198
7.520003 98.368938 9.023838 0.515084
11.401379 98.368938 9.636771 0.681901
15.282755 98.368938 0.000000 0.000000
19.164131 98.368938 11.394964 -0.500862
23.045507 98.368938 9.834546 0.644759
26.926883 98.368938 11.551151 0.512752
30.808259 98.368938 9.442679 2.279030
34.689635 98.368938 0.000000 0.000000
38.571011 98.368938 8.257866 1.767555
42.452387 98.368938 11.117738 -0.525313
46.333763 98.368938 0.000000 0.000000
50.215140 98.368938 0.000000 0.000000
54.096516 98.368938 0.000000 0.000000
57.977892 98.368938 0.000000 0.000000
61.859268 98.368938 0.000000 0.000000
65.740644 98.368938 0.000000 0.000000
69.622020 98.368938 0.000000 0.000000
73.503396 98.368938 9.929078 0.581970
77.384772 98.368938 11.229186 -0.730867
81.266148 98.368938 0.000000 0.000000
85.147524 98.368938 9.926392 -0.601665
89.028900 98.368938 0.000000 0.000000
92.910276 98.368938 0.000000 0.000000
96.791652 98.368938 10.355320 0.028598
100.673028 98.368938 10.288815 0.262073
104.554404 98.368938 9.723847 -0.230888
108.435780 98.368938 10.082160 -0.081691
112.317156 98.368938 10.640704 0.300490
116.198532 98.368938 10.158742 0.390822
120.079908 98.368938 10.085081 0.953293
123.961284 98.368938 9.746033 0.016999
127.842660 98.368938 10.463668 0.003793
131.724036 98.368938 10.351112 -0.489031
135.605412 98.368938 9.953693 -0.565365
139.486788 98.368938 9.492851 -0.407523
-54.582013 94.487562 0.000000 0.000000
-50.700637 94.487562 8.904696 1.310394
-46.819261 94.487562 0.000000 0.000000
-42.937885 94.487562 10.688764 0.571602
-39.056509 94.487562 9.668719 0.197395
-35.175133 94.487562 0.000000 0.000000
-31.293757 94.487562 0.000000 0.000000
-27.412381 94.487562 0.000000 0.000000
-23.531005 94.487562 0.000000 0.000000
-19.649629 94.487562 0.000000 0.000000
-15.768253 94.487562 9.788736 0.402001
-11.886877 94.487562 10.548048 -0.092447
-8.005501 94.487562 10.383119 0.918735
-4.124125 94.487562 9.631589 0.416719
-0.242749 94.487562 11.328499 0.642848
3.638627 94.487562 0.000000 0.000000
7.520003 94.487562 11.976064 0.346797
11.401379 94.487562 0.000000 0.000000
15.282755 94.487562 11.092012 -0.224101
19.164131 94.487562 9.358219 0.485788
23.045507 94.487562 9.011000 1.734066
26.926883 94.487562 10.789801 -0.464195
30.808259 94.487562 0.000000 0.000000
34.689635 94.487562 0.000000 0.000000
38.571011 94.487562 8.510955 1.485324
42.452387 94.487562 9.082573 2.020691
46.333763 94.487562 0.000000 0.000000
50.215140 94.487562 10.393291 -0.917946
54.096516 94.487562 0.000000 0.000000
57.977892 94.487562 0.000000 0.000000
61.859268 94.487562 0.000000 0.000000
65.740644 94.487562 0.000000 0.000000
69.622020 94.487562 0.000000 0.000000
73.503396 94.487562 9.108570 -0.227488
77.384772 94.487562 11.737261 -0.702154
81.266148 94.487562 10.174874 -0.345942
85.147524 94.487562 0.000000 0.000000
89.028900 94.487562 10.694837 -0.658908
92.910276 94.487562 9.957355 0.448507
96.791652 94.487562 9.496451 0.628381
100.673028 94.487562 9.778769 -0.091014
104.554404 94.487562 9.621101 -0.363107
108.435780 94.487562 8.836955 -1.244962
112.317156 94.487562 9.982976 0.113305
116.198532 94.487562 10.682264 0.228291
120.079908 94.487562 9.061776 0.098528
123.961284 94.487562 9.574450 0.350167
127.842660 94.487562 10.027648 0.062698
131.724036 94.487562 9.883925 0.206603
135.605412 94.487562 9.585939 0.503285
139.486788 94.487562 10.100723 0.421865
-54.582013 90.606186 0.000000 0.000000
-50.700637 90.606186 0.000000 0.000000
-46.819261 90.606186 9.841919 -0.664620
-42.937885 90.606186 10.397117 -1.464873
-39.056509 90.606186 9.842628 -0.405016
-35.175133 90.606186 0.000000 0.000000
-31.293757 90.606186 0.000000 0.000000
-27.412381 90.606186 0.000000 0.000000
-23.531005 90.606186 0.000000 0.000000
-19.649629 90.606186 0.000000 0.000000
-15.768253 90.606186 10.628986 -0.107022
-11.886877 90.606186 10.091601 0.870376
-8.005501 90.606186 9.670012 0.602052
-4.124125 90.606186 10.629109 -0.476113
-0.242749 90.606186 9.893256 0.940121
3.638627 90.606186 11.774908 -0.098471
7.520003 90.606186 11.211570 0.378592
11.401379 90.606186 0.000000 0.000000
15.282755 90.606186 10.865245 0.423305
19.164131 90.606186 10.959700 -0.450344
23.045507 90.606186 9.172672 -1.074302
26.926883 90.606186 10.696678 0.019074
30.808259 90.606186 10.204456 -0.364654
34.689635 90.606186 10.699492 -0.028251
38.571011 90.606186 8.886991 -1.024574
42.452387 90.606186 9.798490 0.339429
46.333763 90.606186 10.750018 -0.384021
50.215140 90.606186 10.110029 -0.796491
54.096516 90.606186 9.583188 -0.665551
57.977892 90.606186 10.374248 0.893338
61.859268 90.606186 0.000000 0.000000
65.740644 90.606186 0.000000 0.000000
69.622020 90.606186 0.000000 0.000000
73.503396 90.606186 7.225474 -0.965730
77.384772 90.606186 0.000000 0.000000
81.266148 90.606186 11.737039 0.235216
85.147524 90.606186 10.471102 -0.822800
89.028900 90.606186 10.601051 -0.215246
92.910276 90.606186 9.956235 -0.219407
96.791652 90.606186 9.470370 -0.391324
100.673028 90.606186 10.327515 0.155230
104.554404 90.606186 11.452915 1.579139
108.435780 90.606186 9.904552 -0.179417
112.317156 90.606186 9.190886 -0.422155
116.198532 90.606186 9.872639 0.339355
120.079908 90.606186 10.358383 0.016238
123.961284 90.606186 9.781653 -0.115726
127.842660 90.606186 9.464238 -0.273495
131.724036 90.606186 10.827559 0.517186
135.605412 90.606186 9.282701 0.175397
139.486788 90.606186 10.206098 0.571535
-54.582013 86.724810 0.000000 0.000000
-50.700637 86.724810 0.000000 0.000000
-46.819261 86.724810 8.023372 -0.538281
-42.937885 86.724810 11.062332 0.482464
-39.056509 86.724810 10.142896 -0.014431
-35.175133 86.724810 0.000000 0.000000
-31.293757 86.724810 0.000000 0.000000
-27.412381 86.724810 0.000000 0.000000
-23.531005 86.724810 0.000000 0.000000
-19.649629 86.724810 0.000000 0.000000
-15.768253 86.724810 10.389241 0.688299
-11.886877 86.724810 10.087998 1.939967
-8.005501 86.724810 9.883561 0.748574
-4.124125 86.724810 10.893296 -0.240195
-0.242749 86.724810 10.298140 -0.093340
3.638627 86.724810 10.253481 0.388498
7.520003 86.724810 11.366876 -0.160304
11.401379 86.724810 10.174029 0.126163
15.282755 86.724810 10.091811 -0.663944
19.164131 86.724810 10.924800 0.070600
23.045507 86.724810 10.944962 0.018997
26.926883 86.724810 10.367914 -0.580523
30.808259 86.724810 10.518426 -0.464303
34.689635 86.724810 9.365046 0.650910
38.571011 86.724810 10.274006 0.365656
42.452387 86.724810 10.249264 -0.160190
46.333763 86.724810 8.869051 -0.688771
50.215140 86.724810 10.023086 -0.552710
54.096516 86.724810 11.118399 -1.250971
57.977892 86.724810 10.715550 -0.796303
61.859268 86.724810 0.000000 0.000000
65.740644 86.724810 0.000000 0.000000
69.622020 86.724810 0.000000 0.000000
73.503396 86.724810 10.050366 0.013747
77.384772 86.724810 0.000000 0.000000
81.266148 86.724810 0.000000 0.000000
85.147524 86.724810 9.396382 -0.167467
89.028900 86.724810 9.596144 0.006598
92.910276 86.724810 10.558268 -0.540276
96.791652 86.724810 9.685107 0.426001
100.673028 86.724810 9.464763 -0.549846
104.554404 86.724810 9.570769 2.307997
108.435780 86.724810 9.471234 0.252240
112.317156 86.724810 9.863314 -0.028164
116.198532 86.724810 9.944776 0.174389
120.079908 86.724810 9.678515 -0.551722
123.961284 86.724810 0.000000 0.000000
127.842660 86.724810 9.307227 -0.497051
131.724036 86.724810 9.906048 -0.532215
135.605412 86.724810 8.988759 -0.368604
139.486788 86.724810 10.107448 -0.560852
-54.582013 82.843434 0.000000 0.000000
-50.700637 82.843434 9.866185 0.439378
-46.819261 82.843434 9.941567 0.627444
-42.937885 82.843434 9.730363 1.005022
-39.056509 82.843434 10.867676 0.149866
-35.175133 82.843434 0.000000 0.000000
-31.293757 82.843434 0.000000 0.000000
-27.412381 82.843434 0.000000 0.000000
-23.531005 82.843434 0.000000 0.000000
-19.649629 82.843434 0.000000 0.000000
-15.768253 82.843434 10.651560 -0.085215
-11.886877 82.843434 11.168215 0.561856
-8.005501 82.843434 10.092854 0.514910
-4.124125 82.843434 10.090734 -0.614761
-0.242749 82.843434 10.482018 0.156521
3.638627 82.843434 10.617437 -0.065040
7.520003 82.843434 10.274712 0.739322
11.401379 82.843434 10.892991 -0.590460
15.282755 82.843434 10.112620 -0.495870
19.164131 82.843434 11.025294 0.377694
23.045507 82.843434 10.826242 -0.173260
26.926883 82.843434 9.570220 0.351055
30.808259 82.843434 10.557055 -0.619380
34.689635 82.843434 9.895635 0.814840
38.571011 82.843434 10.247092 0.055446
42.452387 82.843434 10.234044 -0.501717
46.333763 82.843434 10.426106 -0.628059
50.215140 82.843434 10.660191 -0.061730
54.096516 82.843434 11.240253 -0.307960
57.977892 82.843434 10.516718 0.094227
61.859268 82.843434 0.000000 0.000000
65.740644 82.843434 0.000000 0.000000
69.622020 82.843434 10.010528 -0.451130
73.503396 82.843434 10.296970 -0.355488
77.384772 82.843434 9.430267 0.140632
81.266148 82.843434 9.244856 -0.705110
85.147524 82.843434 9.974339 -0.010443
89.028900 82.843434 10.634187 0.776830
92.910276 82.843434 9.335976 -0.549382
96.791652 82.843434 9.296820 0.361703
100.673028 82.843434 9.222383 -0.567083
104.554404 82.843434 9.577244 -0.098645
108.435780 82.843434 8.067504 0.404674
112.317156 82.843434 9.432198 -0.815961
116.198532 82.843434 11.784668 -0.629248
120.079908 82.843434 8.792943 -0.757538
123.961284 82.843434 9.073871 -0.349738
127.842660 82.843434 10.427244 -0.261485
131.724036 82.843434 9.217945 -0.184546
135.605412 82.843434 10.069990 0.354504
139.486788 82.843434 9.790029 -0.023377
-54.582013 78.962058 0.000000 0.000000
-50.700637 78.962058 0.000000 0.000000
-46.819261 78.962058 10.308297 -0.092346
-42.937885 78.962058 10.313529 0.945811
-39.056509 78.962058 10.367504 0.070159
-35.175133 78.962058 0.000000 0.000000
-31.293757 78.962058 0.000000 0.000000
-27.412381 78.962058 0.000000 0.000000
-23.531005 78.962058 0.000000 0.000000
-19.649629 78.962058 0.000000 0.000000
-15.768253 78.962058 10.475102 0.523992
-11.886877 78.962058 10.690133 0.263947
-8.005501 78.962058 10.428843 0.027026
-4.124125 78.962058 11.516928 0.403766
-0.242749 78.962058 10.703456 -0.492458
3.638627 78.962058 10.657470 -0.537027
7.520003 78.962058 9.970946 0.146576
11.401379 78.962058 10.093045 0.416356
15.282755 78.962058 11.461456 0.001823
19.164131 78.962058 9.064691 -0.190868
23.045507 78.962058 10.719533 0.340888
26.926883 78.962058 10.695081 0.390397
30.808259 78.962058 10.638444 -0.198426
34.689635 78.962058 10.563533 0.364543
38.571011 78.962058 10.374966 -0.330314
42.452387 78.962058 9.946491 0.357882
46.333763 78.962058 9.830653 -0.071038
50.215140 78.962058 9.832319 -0.695175
54.096516 78.962058 9.929676 0.033686
57.977892 78.962058 9.807340 -0.748180
61.859268 78.962058 0.000000 0.000000
65.740644 78.962058 0.000000 0.000000
69.622020 78.962058 10.049827 -0.680265
73.503396 78.962058 9.753050 -0.568749
77.384772 78.962058 9.709936 -0.320287
81.266148 78.962058 10.047686 -0.225375
85.147524 78.962058 9.328526 -0.065947
89.028900 78.962058 9.730156 0.414657
92.910276 78.962058 9.924337 -0.256155
96.791652 78.962058 9.692551 0.335654
100.673028 78.962058 10.103086 -0.257962
104.554404 78.962058 9.607754 -0.105555
108.435780 78.962058 10.429123 0.155369
112.317156 78.962058 9.880683 -0.633388
116.198532 78.962058 10.461164 -0.065376
120.079908 78.962058 9.393621 -0.647679
123.961284 78.962058 9.354441 -0.478432
127.842660 78.962058 10.411429 0.307807
131.724036 78.962058 10.208065 0.189146
135.605412 78.962058 9.592751 -0.350864
139.486788 78.962058 9.727243 0.484790
-54.582013 75.080682 0.000000 0.000000
-50.700637 75.080682 0.000000 0.000000
-46.819261 75.080682 9.704754 0.928156
-42.937885 75.080682 10.342537 0.563679
-39.056509 75.080682 10.870699 0.419055
-35.175133 75.080682 0.000000 0.000000
-31.293757 75.080682 0.000000 0.000000
-27.412381 75.080682 0.000000 0.000000
-23.531005 75.080682 0.000000 0.000000
-19.649629 75.080682 0.000000 0.000000
-15.768253 75.080682 10.324782 0.732405
-11.886877 75.080682 11.176476 0.549604
-8.005501 75.080682 9.605163 1.016249
-4.124125 75.080682 10.519219 -0.167357
-0.242749 75.080682 10.725452 0.225703
3.638627 75.080682 10.371492 0.695779
7.520003 75.080682 10.548712 0.368124
11.401379 75.080682 9.680844 0.300737
15.282755 75.080682 10.559782 0.469067
19.164131 75.080682 10.080725 0.346387
23.045507 75.080682 9.741455 -0.573427
26.926883 75.080682 10.670648 -0.102631
30.808259 75.080682 10.192346 -0.286273
34.689635 75.080682 10.869665 -0.570345
38.571011 75.080682 10.290036 -0.062820
42.452387 75.080682 10.032516 0.087140
46.333763 75.080682 10.027126 -0.174592
50.215140 75.080682 9.940497 0.282852
54.096516 75.080682 10.037787 0.118171
57.977892 75.080682 10.350965 -0.198484
61.859268 75.080682 0.000000 0.000000
65.740644 75.080682 0.000000 0.000000
69.622020 75.080682 10.566411 0.512545
73.503396 75.080682 10.119904 -0.577587
77.384772 75.080682 9.968398 -0.102535
81.266148 75.080682 10.161673 -0.485311
85.147524 75.080682 9.660357 -0.533657
89.028900 75.080682 9.995175 0.431251
92.910276 75.080682 10.029995 -0.258371
96.791652 75.080682 9.930885 -0.145519
100.673028 75.080682 10.200659 0.003773
104.554404 75.080682 10.129324 -0.279603
108.435780 75.080682 10.006641 0.291987
112.317156 75.080682 9.560355 -0.335601
116.198532 75.080682 10.056878 -0.040301
120.079908 75.080682 9.847132 0.620617
123.961284 75.080682 10.124817 0.061668
127.842660 75.080682 9.795568 -0.134274
131.724036 75.080682 9.416038 0.470611
135.605412 75.080682 9.552027 0.373425
139.486788 75.080682 9.936240 -0.052474
-54.582013 71.199306 0.000000 0.000000
-50.700637 71.199306 9.178144 1.406874
-46.819261 71.199306 9.344501 1.234051
-42.937885 71.199306 10.124203 -0.084300
-39.056509 71.199306 10.525506 0.553135
-35.175133 71.199306 0.000000 0.000000
-31.293757 71.199306 0.000000 0.000000
-27.412381 71.199306 0.000000 0.000000
-23.531005 71.199306 0.000000 0.000000
-19.649629 71.199306 0.000000 0.000000
-15.768253 71.199306 10.639236 -0.118247
-11.886877 71.199306 10.951936 0.223127
-8.005501 71.199306 10.612477 -0.435362
-4.124125 71.199306 10.389278 0.323522
-0.242749 71.199306 10.313724 -0.079834
3.638627 71.199306 10.549921 0.558963
7.520003 71.199306 10.980219 0.181904
11.401379 71.199306 10.303668 -0.304440
15.282755 71.199306 10.596231 0.659228
19.164131 71.199306 10.817831 -0.018338
23.045507 71.199306 10.302915 -0.046732
26.926883 71.199306 10.819126 -0.602515
30.808259 71.199306 10.358136 -0.059018
34.689635 71.199306 10.315355 0.069384
38.571011 71.199306 10.757045 -0.542995
42.452387 71.199306 10.788227 -0.368480
46.333763 71.199306 10.178699 -0.499070
50.215140 71.199306 9.605070 -0.234956
54.096516 71.199306 10.256698 -0.398090
57.977892 71.199306 10.264835 -0.086802
61.859268 71.199306 0.000000 0.000000
65.740644 71.199306 0.000000 0.000000
69.622020 71.199306 10.090124 -0.329743
73.503396 71.199306 10.118247 -0.139583
77.384772 71.199306 10.388594 -0.551253
81.266148 71.199306 10.231703 -0.109045
85.147524 71.199306 10.007816 -0.681949
89.028900 71.199306 9.674780 0.002343
92.910276 71.199306 10.058578 -0.535657
96.791652 71.199306 10.433966 0.655057
100.673028 71.199306 9.777922 -0.504370
104.554404 71.199306 10.101944 -0.170446
108.435780 71.199306 9.748300 -0.279109
112.317156 71.199306 9.950137 -0.483280
116.198532 71.199306 9.909142 -0.472656
120.079908 71.199306 9.148600 -0.157021
123.961284 71.199306 9.790611 -0.223454
127.842660 71.199306 10.214818 -0.578065
131.724036 71.199306 9.874440 0.036297
135.605412 71.199306 10.097173 -0.000273
139.486788 71.199306 10.169624 -0.041353
-54.582013 67.317930 0.000000 0.000000
-50.700637 67.317930 7.373114 -0.109593
-46.819261 67.317930 0.000000 0.000000
-42.937885 67.317930 9.947413 1.261934
-39.056509 67.317930 10.397638 0.659265
-35.175133 67.317930 0.000000 0.000000
-31.293757 67.317930 0.000000 0.000000
-27.412381 67.317930 0.000000 0.000000
-23.531005 67.317930 0.000000 0.000000
-19.649629 67.317930 9.939942 0.951393
-15.768253 67.317930 10.600034 0.443693
-11.886877 67.317930 10.495397 0.711350
-8.005501 67.317930 10.533952 0.307893
-4.124125 67.317930 10.507775 0.487213
-0.242749 67.317930 10.260930 0.467038
3.638627 67.317930 10.891384 -0.257188
7.520003 67.317930 10.367144 -0.193328
11.401379 67.317930 10.575869 0.728550
15.282755 67.317930 10.701475 0.342623
19.164131 67.317930 10.486896 -0.155893
23.045507 67.317930 9.772273 0.321130
26.926883 67.317930 10.370944 -0.187575
30.808259 67.317930 9.274681 -0.098400
34.689635 67.317930 9.306937 -0.226989
38.571011 67.317930 10.371138 -0.024652
42.452387 67.317930 10.259376 -0.415668
46.333763 67.317930 10.417636 0.061486
50.215140 67.317930 10.183558 -0.671983
54.096516 67.317930 10.336827 -0.349915
57.977892 67.317930 9.746400 -0.888489
61.859268 67.317930 0.000000 0.000000
65.740644 67.317930 0.000000 0.000000
69.622020 67.317930 10.319778 -0.453743
73.503396 67.317930 9.278234 -0.005030
77.384772 67.317930 9.984065 -0.291263
81.266148 67.317930 9.678982 0.398586
85.147524 67.317930 9.992082 0.206737
89.028900 67.317930 10.155146 -0.875626
92.910276 67.317930 10.026824 -0.331835
96.791652 67.317930 10.221838 -0.305469
100.673028 67.317930 9.996477 -0.454349
104.554404 67.317930 9.725347 0.129379
108.435780 67.317930 9.794924 -0.500583
112.317156 67.317930 9.689794 -0.127656
116.198532 67.317930 9.461354 -0.460037
120.079908 67.317930 9.769432 -0.466981
123.961284 67.317930 9.712870 0.022931
127.842660 67.317930 9.398384 -0.158894
131.724036 67.317930 9.852684 -0.309849
135.605412 67.317930 10.170979 0.263043
139.486788 67.317930 9.258860 -0.637282
-54.582013 63.436554 0.000000 0.000000
-50.700637 63.436554 9.732759 0.780136
-46.819261 63.436554 9.606841 1.050817
-42.937885 63.436554 10.264996 0.890463
-39.056509 63.436554 10.434508 0.694076
-35.175133 63.436554 0.000000 0.000000
-31.293757 63.436554 0.000000 0.000000
-27.412381 63.436554 0.000000 0.000000
-23.531005 63.436554 0.000000 0.000000
-19.649629 63.436554 10.730406 0.468659
-15.768253 63.436554 10.779159 0.297927
-11.886877 63.436554 10.745468 0.534340
-8.005501 63.436554 11.005352 -0.311074
-4.124125 63.436554 9.970157 -0.074889
-0.242749 63.436554 11.504457 -1.058588
3.638627 63.436554 11.225115 0.040194
7.520003 63.436554 10.652220 -0.328675
11.401379 63.436554 10.366317 0.284384
15.282755 63.436554 10.426455 -1.036601
19.164131 63.436554 11.048957 0.112033
23.045507 63.436554 10.224519 -0.485897
26.926883 63.436554 10.436733 -0.565425
30.808259 63.436554 10.676628 -0.145026
34.689635 63.436554 10.295238 -0.514168
38.571011 63.436554 10.713422 -0.544138
42.452387 63.436554 10.243964 -1.056813
46.333763 63.436554 10.544732 -0.427992
50.215140 63.436554 9.988476 -0.972498
54.096516 63.436554 9.773470 -0.600442
57.977892 63.436554 9.854939 -0.398585
61.859268 63.436554 0.000000 0.000000
65.740644 63.436554 0.000000 0.000000
69.622020 63.436554 10.050280 0.013778
73.503396 63.436554 10.225456 -0.492657
77.384772 63.436554 9.905126 -0.723524
81.266148 63.436554 10.076595 -0.778494
85.147524 63.436554 9.845820 -0.473071
89.028900 63.436554 9.082622 -0.307873
92.910276 63.436554 10.047630 -0.391598
96.791652 63.436554 9.845833 -0.163725
100.673028 63.436554 9.509030 -0.566348
104.554404 63.436554 9.864930 -0.047813
108.435780 63.436554 9.328116 0.540168
112.317156 63.436554 9.305950 -0.406830
116.198532 63.436554 9.885078 0.170272
120.079908 63.436554 9.299476 0.689126
123.961284 63.436554 9.971282 -0.021554
127.842660 63.436554 9.822920 -0.280830
131.724036 63.436554 9.999722 -0.239020
135.605412 63.436554 0.000000 0.000000
139.486788 63.436554 0.000000 0.000000
-54.582013 59.555178 10.078569 0.563356
-50.700637 59.555178 9.754216 0.611118
-46.819261 59.555178 10.358524 1.421550
-42.937885 59.555178 9.900573 0.882701
-39.056509 59.555178 9.991792 1.009475
-35.175133 59.555178 0.000000 0.000000
-31.293757 59.555178 0.000000 0.000000
-27.412381 59.555178 0.000000 0.000000
-23.531005 59.555178 0.000000 0.000000
-19.649629 59.555178 10.398573 1.398386
-15.768253 59.555178 10.588438 0.192216
-11.886877 59.555178 10.750978 0.649419
-8.005501 59.555178 10.622777 0.599995
-4.124125 59.555178 10.704822 0.306579
-0.242749 59.555178 10.463156 0.130692
3.638627 59.555178 11.080189 0.369009
7.520003 59.555178 11.123821 -0.119419
11.401379 59.555178 11.195465 -0.109815
15.282755 59.555178 10.850547 0.122471
19.164131 59.555178 11.368491 -0.537867
23.045507 59.555178 11.060154 -0.174899
26.926883 59.555178 10.358633 -0.829215
30.808259 59.555178 10.571825 -0.447379
34.689635 59.555178 10.582978 -0.709384
38.571011 59.555178 10.764149 -0.376846
42.452387 59.555178 9.961929 -0.611889
46.333763 59.555178 10.251457 -0.403803
50.215140 59.555178 9.961473 -0.608962
54.096516 59.555178 10.444191 -0.886376
57.977892 59.555178 10.066357 -0.407604
61.859268 59.555178 0.000000 0.000000
65.740644 59.555178 0.000000 0.000000
69.622020 59.555178 9.741158 -0.580975
73.503396 59.555178 9.604321 -0.628896
77.384772 59.555178 9.861589 -0.173343
81.266148 59.555178 9.957404 -0.198435
85.147524 59.555178 9.997523 -0.374623
89.028900 59.555178 9.642330 -0.320092
92.910276 59.555178 9.739429 0.217854
96.791652 59.555178 9.501291 0.366343
100.673028 59.555178 9.498706 -0.030615
104.554404 59.555178 9.799159 0.332075
108.435780 59.555178 9.805945 0.108754
112.317156 59.555178 9.375363 -0.285824
116.198532 59.555178 10.125709 -0.221787
120.079908 59.555178 9.978676 0.069020
123.961284 59.555178 9.457776 0.778853
127.842660 59.555178 10.299951 -0.109514
131.724036 59.555178 10.125829 -0.104070
135.605412 59.555178 0.000000 0.000000
139.486788 59.555178 9.141893 0.600509
-54.582013 55.673802 9.874008 1.568634
-50.700637 55.673802 9.932181 1.158619
-46.819261 55.673802 9.398112 0.794662
-42.937885 55.673802 9.544235 1.351355
-39.056509 55.673802 10.076848 1.009860
-35.175133 55.673802 0.000000 0.000000
-31.293757 55.673802 0.000000 0.000000
-27.412381 55.673802 0.000000 0.000000
-23.531005 55.673802 10.595191 0.826443
-19.649629 55.673802 11.061853 1.007410
-15.768253 55.673802 10.824509 0.856996
-11.886877 55.673802 11.101458 0.476773
-8.005501 55.673802 10.912576 0.565726
-4.124125 55.673802 11.040644 0.286275
-0.242749 55.673802 11.134383 0.562325
3.638627 55.673802 10.926321 -0.010995
7.520003 55.673802 10.890070 0.046581
11.401379 55.673802 10.806066 -0.129859
15.282755 55.673802 11.078995 -0.247249
19.164131 55.673802 10.706759 -0.042292
23.045507 55.673802 10.518281 -0.063379
26.926883 55.673802 10.409110 0.331047
30.808259 55.673802 10.632521 -0.548201
34.689635 55.673802 10.318369 -0.513918
38.571011 55.673802 10.601014 -0.077742
42.452387 55.673802 10.252694 -0.269178
46.333763 55.673802 10.303637 -0.646723
50.215140 55.673802 10.530435 -0.428120
54.096516 55.673802 10.146931 -0.908749
57.977892 55.673802 10.289790 -0.719607
61.859268 55.673802 0.000000 0.000000
65.740644 55.673802 0.000000 0.000000
69.622020 55.673802 9.916224 -0.567214
73.503396 55.673802 9.961245 -0.185848
77.384772 55.673802 9.992661 -0.432138
81.266148 55.673802 9.735899 -0.112912
85.147524 55.673802 9.951544 -0.470195
89.028900 55.673802 9.257086 0.470654
92.910276 55.673802 9.851240 -0.668966
96.791652 55.673802 9.765555 -0.286350
100.673028 55.673802 9.696780 -0.173300
104.554404 55.673802 9.864899 0.264051
108.435780 55.673802 9.681558 -0.004942
112.317156 55.673802 9.134787 -0.117752
116.198532 55.673802 9.806806 -0.746009
120.079908 55.673802 9.254097 0.131578
123.961284 55.673802 9.668204 0.027533
127.842660 55.673802 9.847372 0.205673
131.724036 55.673802 9.974524 0.242200
135.605412 55.673802 9.360098 -0.124800
139.486788 55.673802 9.431757 -0.385125
-54.582013 51.792426 0.000000 0.000000
-50.700637 51.792426 8.685977 1.089662
-46.819261 51.792426 10.054799 1.139890
-42.937885 51.792426 9.607955 1.331312
-39.056509 51.792426 10.031944 1.082808
-35.175133 51.792426 0.000000 0.000000
-31.293757 51.792426 0.000000 0.000000
-27.412381 51.792426 0.000000 0.000000
-23.531005 51.792426 10.951849 1.113837
-19.649629 51.792426 10.876174 1.121785
-15.768253 51.792426 10.893241 0.603982
-11.886877 51.792426 11.547839 0.468239
-8.005501 51.792426 11.143050 0.488431
-4.124125 51.792426 10.912544 0.394795
-0.242749 51.792426 10.974679 -0.297554
3.638627 51.792426 10.792339 -0.167781
7.520003 51.792426 11.358071 -0.309848
11.401379 51.792426 11.062135 -0.242443
15.282755 51.792426 10.847505 -0.053983
19.164131 51.792426 10.760398 -0.277901
23.045507 51.792426 10.888389 -0.553756
26.926883 51.792426 10.646257 -0.439709
30.808259 51.792426 10.721910 -0.367597
34.689635 51.792426 10.514827 -0.619629
38.571011 51.792426 10.256293 -0.600342
42.452387 51.792426 10.318995 0.159041
46.333763 51.792426 10.321793 -0.435030
50.215140 51.792426 10.447689 -0.568356
54.096516 51.792426 10.235811 -0.839402
57.977892 51.792426 10.359330 -0.626546
61.859268 51.792426 0.000000 0.000000
65.740644 51.792426 0.000000 0.000000
69.622020 51.792426 10.102120 -0.691757
73.503396 51.792426 9.716201 -0.236871
77.384772 51.792426 9.617496 -0.276464
81.266148 51.792426 9.686566 -0.227313
85.147524 51.792426 10.120085 -0.385145
89.028900 51.792426 9.457294 0.031007
92.910276 51.792426 9.477527 -0.308879
96.791652 51.792426 10.081376 -0.109400
100.673028 51.792426 9.593583 -0.047360
104.554404 51.792426 9.767292 0.116670
108.435780 51.792426 9.857360 -0.683367
112.317156 51.792426 9.573968 -0.462256
116.198532 51.792426 9.503080 0.656060
120.079908 51.792426 9.229337 0.624245
123.961284 51.792426 9.535722 0.407384
127.842660 51.792426 10.008856 -0.282002
131.724036 51.792426 9.870078 -0.027120
135.605412 51.792426 9.631416 -0.154269
139.486788 51.792426 9.393344 -0.138582
-54.582013 47.911049 0.000000 0.000000
-50.700637 47.911049 9.659801 1.037904
-46.819261 47.911049 8.941962 0.661813
-42.937885 47.911049 9.616511 1.493712
-39.056509 47.911049 9.311296 1.239424
-35.175133 47.911049 0.000000 0.000000
-31.293757 47.911049 0.000000 0.000000
-27.412381 47.911049 0.000000 0.000000
-23.531005 47.911049 10.966002 1.402456
-19.649629 47.911049 11.270437 1.153359
-15.768253 47.911049 11.422340 1.084843
-11.886877 47.911049 11.678921 0.902934
-8.005501 47.911049 11.579644 0.332399
-4.124125 47.911049 11.716565 0.277692
-0.242749 47.911049 11.504204 -0.204088
3.638627 47.911049 11.469091 0.192054
7.520003 47.911049 10.988520 -0.056504
11.401379 47.911049 11.252216 -0.247703
15.282755 47.911049 10.763144 -0.377844
19.164131 47.911049 10.829812 -0.316527
23.045507 47.911049 11.140870 -0.169589
26.926883 47.911049 10.282097 -0.471042
30.808259 47.911049 10.243400 -0.597367
34.689635 47.911049 10.644332 -0.538635
38.571011 47.911049 10.595089 -0.648583
42.452387 47.911049 10.177586 -0.895857
46.333763 47.911049 10.294521 -0.747560
50.215140 47.911049 10.834562 -0.591498
54.096516 47.911049 10.273435 -0.703650
57.977892 47.911049 10.351350 -1.013374
61.859268 47.911049 0.000000 0.000000
65.740644 47.911049 0.000000 0.000000
69.622020 47.911049 9.492481 -0.653180
73.503396 47.911049 9.517344 -0.496001
77.384772 47.911049 9.624047 -0.204502
81.266148 47.911049 9.932307 -0.317918
85.147524 47.911049 9.991576 -0.534863
89.028900 47.911049 9.259245 -0.335754
92.910276 47.911049 9.893044 0.075932
96.791652 47.911049 9.797355 -0.349733
100.673028 47.911049 9.804459 -0.236243
104.554404 47.911049 10.087508 0.074422
108.435780 47.911049 9.835802 -0.191900
112.317156 47.911049 9.223250 0.090104
116.198532 47.911049 9.100300 0.444457
120.079908 47.911049 9.183845 1.825993
123.961284 47.911049 10.477104 1.188924
127.842660 47.911049 9.937366 -0.325701
131.724036 47.911049 10.007151 -0.531618
135.605412 47.911049 8.823744 0.691063
139.486788 47.911049 8.884119 0.239419
-54.582013 44.029673 10.093002 0.621623
-50.700637 44.029673 9.271970 0.642082
-46.819261 44.029673 9.294253 1.283547
-42.937885 44.029673 9.592889 1.987818
-39.056509 44.029673 9.048444 1.688523
-35.175133 44.029673 0.000000 0.000000
-31.293757 44.029673 0.000000 0.000000
-27.412381 44.029673 10.386114 2.647103
-23.531005 44.029673 11.609837 1.625627
-19.649629 44.029673 11.884172 1.157849
-15.768253 44.029673 11.650264 0.856941
-11.886877 44.029673 11.719857 0.681491
-8.005501 44.029673 0.000000 0.000000
-4.124125 44.029673 11.533563 0.157377
-0.242749 44.029673 10.876384 -0.465847
3.638627 44.029673 0.000000 0.000000
7.520003 44.029673 10.720588 -0.618956
11.401379 44.029673 11.015834 -0.623679
15.282755 44.029673 10.913951 -0.704131
19.164131 44.029673 10.861324 -0.570193
23.045507 44.029673 10.389955 -0.941414
26.926883 44.029673 10.906301 -0.820143
30.808259 44.029673 10.363186 -0.728240
34.689635 44.029673 10.773424 -0.387047
38.571011 44.029673 10.475387 -0.489785
42.452387 44.029673 10.658133 -0.600468
46.333763 44.029673 10.437232 -0.555419
50.215140 44.029673 10.295083 -0.583156
54.096516 44.029673 10.350048 -0.914892
57.977892 44.029673 10.255840 -1.563845
61.859268 44.029673 0.000000 0.000000
65.740644 44.029673 0.000000 0.000000
69.622020 44.029673 9.358676 -0.907062
73.503396 44.029673 9.597982 -0.707370
77.384772 44.029673 9.650899 0.682725
81.266148 44.029673 10.251420 -0.432972
85.147524 44.029673 10.290882 -0.707034
89.028900 44.029673 9.554183 -0.557655
92.910276 44.029673 9.470568 -0.272184
96.791652 44.029673 9.960005 -0.373659
100.673028 44.029673 0.000000 0.000000
104.554404 44.029673 9.006259 -0.143622
108.435780 44.029673 9.734659 -0.646755
112.317156 44.029673 8.920990 -0.279819
116.198532 44.029673 7.111876 0.817049
120.079908 44.029673 8.180834 1.864705
123.961284 44.029673 10.386352 0.641170
127.842660 44.029673 10.241074 -0.436643
131.724036 44.029673 9.723697 -0.847106
135.605412 44.029673 8.454438 -0.679642
139.486788 44.029673 8.540444 0.071144
-54.582013 40.148297 8.953406 -0.214529
-50.700637 40.148297 0.000000 0.000000
-46.819261 40.148297 10.131838 1.169589
-42.937885 40.148297 8.570411 0.877347
-39.056509 40.148297 8.415093 1.485965
-35.175133 40.148297 0.000000 0.000000
-31.293757 40.148297 0.000000 0.000000
-27.412381 40.148297 0.000000 0.000000
-23.531005 40.148297 0.000000 0.000000
-19.649629 40.148297 0.000000 0.000000
-15.768253 40.148297 0.000000 0.000000
-11.886877 40.148297 0.000000 0.000000
-8.005501 40.148297 0.000000 0.000000
-4.124125 40.148297 0.000000 0.000000
-0.242749 40.148297 0.000000 0.000000
3.638627 40.148297 0.000000 0.000000
7.520003 40.148297 0.000000 0.000000
11.401379 40.148297 0.000000 0.000000
15.282755 40.148297 0.000000 0.000000
19.164131 40.148297 0.000000 0.000000
23.045507 40.148297 0.000000 0.000000
26.926883 40.148297 0.000000 0.000000
30.808259 40.148297 0.000000 0.000000
34.689635 40.148297 0.000000 0.000000
38.571011 40.148297 0.000000 0.000000
42.452387 40.148297 10.830642 -0.856972
46.333763 40.148297 10.759871 -1.131411
50.215140 40.148297 9.261993 -0.726077
54.096516 40.148297 10.189928 -0.324353
57.977892 40.148297 9.316280 -1.833643
61.859268 40.148297 9.175479 -0.761430
65.740644 40.148297 0.000000 0.000000
69.622020 40.148297 9.088371 -2.020217
73.503396 40.148297 7.837732 -1.177802
77.384772 40.148297 8.153260 1.427408
81.266148 40.148297 8.552014 1.438169
85.147524 40.148297 9.458448 -2.130530
89.028900 40.148297 9.045317 -1.183811
92.910276 40.148297 8.704380 -1.381819
96.791652 40.148297 9.075842 -0.325184
100.673028 40.148297 9.050113 1.697454
104.554404 40.148297 10.756292 0.480018
108.435780 40.148297 9.742720 -1.316447
112.317156 40.148297 8.054721 -1.007496
116.198532 40.148297 7.464046 -0.904776
120.079908 40.148297 8.878419 2.717366
123.961284 40.148297 8.416376 1.375241
127.842660 40.148297 7.757606 -1.194212
131.724036 40.148297 7.076100 -0.345324
135.605412 40.148297 9.157236 -1.223219
139.486788 40.148297 7.645439 -0.127584
-54.582013 36.266921 0.000000 0.000000
-50.700637 36.266921 0.000000 0.000000
-46.819261 36.266921 10.198580 -1.352883
-42.937885 36.266921 8.264132 0.127217
-39.056509 36.266921 7.178896 1.188153
-35.175133 36.266921 0.000000 0.000000
-31.293757 36.266921 0.000000 0.000000
-27.412381 36.266921 0.000000 0.000000
-23.531005 36.266921 0.000000 0.000000
-19.649629 36.266921 0.000000 0.000000
-15.768253 36.266921 0.000000 0.000000
-11.886877 36.266921 0.000000 0.000000
-8.005501 36.266921 0.000000 0.000000
-4.124125 36.266921 0.000000 0.000000
-0.242749 36.266921 0.000000 0.000000
3.638627 36.266921 0.000000 0.000000
7.520003 36.266921 0.000000 0.000000
11.401379 36.266921 0.000000 0.000000
15.282755 36.266921 0.000000 0.000000
19.164131 36.266921 0.000000 0.000000
23.045507 36.266921 0.000000 0.000000
26.926883 36.266921 0.000000 0.000000
30.808259 36.266921 0.000000 0.000000
34.689635 36.266921 0.000000 0.000000
38.571011 36.266921 0.000000 0.000000
42.452387 36.266921 0.000000 0.000000
46.333763 36.266921 0.000000 0.000000
50.215140 36.266921 0.000000 0.000000
54.096516 36.266921 0.000000 0.000000
57.977892 36.266921 0.000000 0.000000
61.859268 36.266921 0.000000 0.000000
65.740644 36.266921 0.000000 0.000000
69.622020 36.266921 6.539333 -2.558102
73.503396 36.266921 7.925737 -2.563105
77.384772 36.266921 0.000000 0.000000
81.266148 36.266921 9.467440 3.369886
85.147524 36.266921 8.402138 -2.271390
89.028900 36.266921 8.593241 -0.899577
92.910276 36.266921 9.257533 -2.484681
96.791652 36.266921 9.818809 2.966627
100.673028 36.266921 8.902143 1.861016
104.554404 36.266921 8.484309 1.828765
108.435780 36.266921 8.628596 -1.707345
112.317156 36.266921 9.178181 -1.111416
116.198532 36.266921 9.426285 -1.496259
120.079908 36.266921 9.116574 1.652459
123.961284 36.266921 8.103699 0.915384
127.842660 36.266921 8.604552 -0.754636
131.724036 36.266921 9.036331 0.651505
135.605412 36.266921 9.281927 -0.897152
139.486788 36.266921 10.928326 -0.880443
-54.582013 32.385545 0.000000 0.000000
-50.700637 32.385545 0.000000 0.000000
-46.819261 32.385545 0.000000 0.000000
-42.937885 32.385545 0.000000 0.000000
-39.056509 32.385545 0.000000 0.000000
-35.175133 32.385545 0.000000 0.000000
-31.293757 32.385545 0.000000 0.000000
-27.412381 32.385545 0.000000 0.000000
-23.531005 32.385545 0.000000 0.000000
-19.649629 32.385545 0.000000 0.000000
-15.768253 32.385545 0.000000 0.000000
-11.886877 32.385545 0.000000 0.000000
-8.005501 32.385545 0.000000 0.000000
-4.124125 32.385545 0.000000 0.000000
-0.242749 32.385545 0.000000 0.000000
3.638627 32.385545 0.000000 0.000000
7.520003 32.385545 0.000000 0.000000
11.401379 32.385545 0.000000 0.000000
15.282755 32.385545 0.000000 0.000000
19.164131 32.385545 0.000000 0.000000
23.045507 32.385545 0.000000 0.000000
26.926883 32.385545 0.000000 0.000000
30.808259 32.385545 0.000000 0.000000
34.689635 32.385545 0.000000 0.000000
38.571011 32.385545 0.000000 0.000000
42.452387 32.385545 0.000000 0.000000
46.333763 32.385545 0.000000 0.000000
50.215140 32.385545 0.000000 0.000000
54.096516 32.385545 0.000000 0.000000
57.977892 32.385545 0.000000 0.000000
61.859268 32.385545 0.000000 0.000000
65.740644 32.385545 0.000000 0.000000
69.622020 32.385545 0.000000 0.000000
73.503396 32.385545 0.000000 0.000000
77.384772 32.385545 9.574903 2.021417
81.266148 32.385545 8.652059 1.140007
85.147524 32.385545 8.652306 -0.058132
89.028900 32.385545 8.954661 -1.069284
92.910276 32.385545 9.395990 -0.992912
96.791652 32.385545 10.487904 1.704512
100.673028 32.385545 9.322925 1.236398
104.554404 32.385545 8.731214 0.279681
108.435780 32.385545 8.777141 -0.376804
112.317156 32.385545 9.158128 0.246185
116.198532 32.385545 9.951022 -1.286633
120.079908 32.385545 9.646654 0.682054
123.961284 32.385545 9.022786 0.461347
127.842660 32.385545 9.114909 -0.281537
131.724036 32.385545 9.874955 -0.263683
135.605412 32.385545 9.815921 -0.915757
139.486788 32.385545 10.117805 -0.476747
-54.582013 28.504169 0.000000 0.000000
-50.700637 28.504169 0.000000 0.000000
-46.819261 28.504169 0.000000 0.000000
-42.937885 28.504169 0.000000 0.000000
-39.056509 28.504169 0.000000 0.000000
-35.175133 28.504169 0.000000 0.000000
-31.293757 28.504169 0.000000 0.000000
-27.412381 28.504169 0.000000 0.000000
-23.531005 28.504169 0.000000 0.000000
-19.649629 28.504169 0.000000 0.000000
-15.768253 28.504169 0.000000 0.000000
-11.886877 28.504169 0.000000 0.000000
-8.005501 28.504169 0.000000 0.000000
-4.124125 28.504169 0.000000 0.000000
-0.242749 28.504169 0.000000 0.000000
3.638627 28.504169 0.000000 0.000000
7.520003 28.504169 0.000000 0.000000
11.401379 28.504169 0.000000 0.000000
15.282755 28.504169 0.000000 0.000000
19.164131 28.504169 0.000000 0.000000
23.045507 28.504169 0.000000 0.000000
26.926883 28.504169 0.000000 0.000000
30.808259 28.504169 0.000000 0.000000
34.689635 28.504169 0.000000 0.000000
38.571011 28.504169 0.000000 0.000000
42.452387 28.504169 0.000000 0.000000
46.333763 28.504169 0.000000 0.000000
50.215140 28.504169 0.000000 0.000000
54.096516 28.504169 0.000000 0.000000
57.977892 28.504169 0.000000 0.000000
61.859268 28.504169 0.000000 0.000000
65.740644 28.504169 0.000000 0.000000
69.622020 28.504169 0.000000 0.000000
73.503396 28.504169 0.000000 0.000000
77.384772 28.504169 0.000000 0.000000
81.266148 28.504169 9.550059 0.759983
85.147524 28.504169 9.606736 0.241621
89.028900 28.504169 9.528133 -0.425256
92.910276 28.504169 10.255898 -0.315718
96.791652 28.504169 10.056076 -0.359640
100.673028 28.504169 9.498900 0.543879
104.554404 28.504169 9.249933 -0.026483
108.435780 28.504169 9.468532 0.162903
112.317156 28.504169 9.814978 0.192303
116.198532 28.504169 9.972824 -0.321074
120.079908 28.504169 9.859578 0.202982
123.961284 28.504169 9.560510 0.331657
127.842660 28.504169 9.541037 -0.329157
131.724036 28.504169 9.556454 -0.324970
135.605412 28.504169 9.714196 -0.517573
139.486788 28.504169 10.165090 -0.146277
-54.582013 24.622793 0.000000 0.000000
-50.700637 24.622793 0.000000 0.000000
-46.819261 24.622793 8.973673 -0.135197
-42.937885 24.622793 0.000000 0.000000
-39.056509 24.622793 0.000000 0.000000
-35.175133 24.622793 0.000000 0.000000
-31.293757 24.622793 0.000000 0.000000
-27.412381 24.622793 0.000000 0.000000
-23.531005 24.622793 0.000000 0.000000
-19.649629 24.622793 0.000000 0.000000
-15.768253 24.622793 0.000000 0.000000
-11.886877 24.622793 0.000000 0.000000
-8.005501 24.622793 0.000000 0.000000
-4.124125 24.622793 0.000000 0.000000
-0.242749 24.622793 0.000000 0.000000
3.638627 24.622793 0.000000 0.000000
7.520003 24.622793 0.000000 0.000000
11.401379 24.622793 0.000000 0.000000
15.282755 24.622793 0.000000 0.000000
19.164131 24.622793 0.000000 0.000000
23.045507 24.622793 0.000000 0.000000
26.926883 24.622793 0.000000 0.000000
30.808259 24.622793 0.000000 0.000000
34.689635 24.622793 0.000000 0.000000
38.571011 24.622793 0.000000 0.000000
42.452387 24.622793 0.000000 0.000000
46.333763 24.622793 0.000000 0.000000
50.215140 24.622793 0.000000 0.000000
54.096516 24.622793 0.000000 0.000000
57.977892 24.622793 0.000000 0.000000
61.859268 24.622793 0.000000 0.000000
65.740644 24.622793 0.000000 0.000000
69.622020 24.622793 9.575214 0.568254
73.503396 24.622793 10.199789 0.445689
77.384772 24.622793 9.415483 0.589850
81.266148 24.622793 9.445290 0.503796
85.147524 24.622793 9.477064 0.341829
89.028900 24.622793 9.647500 0.216495
92.910276 24.622793 9.670838 0.168114
96.791652 24.622793 9.525138 0.094651
100.673028 24.622793 9.575067 0.433554
104.554404 24.622793 9.446295 0.024875
108.435780 24.622793 10.022129 0.144890
112.317156 24.622793 9.836637 -0.261422
116.198532 24.622793 10.032781 0.571763
120.079908 24.622793 9.889749 -0.044510
123.961284 24.622793 8.312566 0.172967
127.842660 24.622793 9.472517 -0.062029
131.724036 24.622793 9.651183 0.188146
135.605412 24.622793 9.689460 0.133438
139.486788 24.622793 9.807950 0.032839
-54.582013 20.741417 0.000000 0.000000
-50.700637 20.741417 9.834108 -0.803208
-46.819261 20.741417 9.280452 0.021255
-42.937885 20.741417 9.735353 -0.251602
-39.056509 20.741417 9.903707 -0.860030
-35.175133 20.741417 9.250247 -1.895703
-31.293757 20.741417 0.000000 0.000000
-27.412381 20.741417 0.000000 0.000000
-23.531005 20.741417 0.000000 0.000000
-19.649629 20.741417 0.000000 0.000000
-15.768253 20.741417 0.000000 0.000000
-11.886877 20.741417 0.000000 0.000000
-8.005501 20.741417 0.000000 0.000000
-4.124125 20.741417 0.000000 0.000000
-0.242749 20.741417 0.000000 0.000000
3.638627 20.741417 0.000000 0.000000
7.520003 20.741417 0.000000 0.000000
11.401379 20.741417 10.760281 0.372254
15.282755 20.741417 10.781756 0.295863
19.164131 20.741417 10.728950 0.474555
23.045507 20.741417 10.552225 0.701447
26.926883 20.741417 10.395370 0.524316
30.808259 20.741417 10.274567 0.541054
34.689635 20.741417 10.437325 0.567773
38.571011 20.741417 10.645371 0.035629
42.452387 20.741417 10.267420 0.723441
46.333763 20.741417 10.282257 0.709750
50.215140 20.741417 10.309106 0.898938
54.096516 20.741417 9.946432 0.698662
57.977892 20.741417 10.056696 0.526238
61.859268 20.741417 9.849513 0.550792
65.740644 20.741417 9.844106 0.806436
69.622020 20.741417 9.716256 0.551910
73.503396 20.741417 9.707221 0.559751
77.384772 20.741417 9.484674 0.478138
81.266148 20.741417 9.458748 0.523550
85.147524 20.741417 9.552438 0.314004
89.028900 20.741417 9.639757 0.265092
92.910276 20.741417 9.855691 0.060605
96.791652 20.741417 10.076728 -0.100092
100.673028 20.741417 9.497444 -0.267952
104.554404 20.741417 9.909123 0.481155
108.435780 20.741417 9.894888 0.131996
112.317156 20.741417 9.913695 -0.141988
116.198532 20.741417 10.010374 0.003078
120.079908 20.741417 9.920546 0.229372
123.961284 20.741417 9.833124 -0.137580
127.842660 20.741417 9.827664 0.189991
131.724036 20.741417 9.963105 0.019500
135.605412 20.741417 9.762643 0.348591
139.486788 20.741417 9.909056 -0.158373
-54.582013 16.860041 0.000000 0.000000
-50.700637 16.860041 10.037457 -0.497266
-46.819261 16.860041 9.789174 -0.750180
-42.937885 16.860041 9.356840 -0.826659
-39.056509 16.860041 9.128195 -0.672561
-35.175133 16.860041 9.458631 -0.645931
-31.293757 16.860041 9.772483 -0.943268
-27.412381 16.860041 10.173002 -0.840912
-23.531005 16.860041 10.325778 -1.000651
-19.649629 16.860041 10.378131 -0.822749
-15.768253 16.860041 10.581896 -0.498310
-11.886877 16.860041 10.631553 -0.217706
-8.005501 16.860041 10.847524 -0.207117
-4.124125 16.860041 10.861447 -0.180561
-0.242749 16.860041 10.865772 -0.119334
3.638627 16.860041 10.850667 0.181249
7.520003 16.860041 10.809648 0.220004
11.401379 16.860041 10.742537 0.136816
15.282755 16.860041 10.631170 0.420834
19.164131 16.860041 10.434432 0.347318
23.045507 16.860041 10.621265 0.345528
26.926883 16.860041 10.485189 0.028448
30.808259 16.860041 10.505107 0.640708
34.689635 16.860041 10.589062 0.627792
38.571011 16.860041 10.628455 0.158646
42.452387 16.860041 10.355576 0.658959
46.333763 16.860041 10.485744 0.635993
50.215140 16.860041 10.202847 0.704749
54.096516 16.860041 10.065647 0.535452
57.977892 16.860041 9.979311 0.806077
61.859268 16.860041 10.025467 0.719903
65.740644 16.860041 9.854171 0.545281
69.622020 16.860041 9.789094 0.507487
73.503396 16.860041 9.722823 0.667177
77.384772 16.860041 9.772215 0.323346
81.266148 16.860041 9.550509 0.352601
85.147524 16.860041 9.512334 0.112286
89.028900 16.860041 9.441816 0.336644
92.910276 16.860041 10.005809 0.225336
96.791652 16.860041 9.486611 0.385990
100.673028 16.860041 9.557188 -0.343428
104.554404 16.860041 9.473251 0.183889
108.435780 16.860041 9.728379 0.486849
112.317156 16.860041 9.812269 1.089042
116.198532 16.860041 9.909496 0.022026
120.079908 16.860041 9.471660 0.379088
123.961284 16.860041 9.564816 0.292789
127.842660 16.860041 9.675323 0.412930
131.724036 16.860041 9.736563 -0.203651
135.605412 16.860041 9.729221 -0.274237
139.486788 16.860041 9.812417 0.025018
-54.582013 12.978665 0.000000 0.000000
-50.700637 12.978665 9.368359 0.243741
-46.819261 12.978665 9.447167 -0.639292
-42.937885 12.978665 9.720720 -0.237633
-39.056509 12.978665 9.798783 -0.840521
-35.175133 12.978665 9.827945 -0.460412
-31.293757 12.978665 9.216258 -1.532385
-27.412381 12.978665 0.000000 0.000000
-23.531005 12.978665 10.557595 -1.286323
-19.649629 12.978665 10.371492 -0.642261
-15.768253 12.978665 10.630056 -0.602018
-11.886877 12.978665 10.637453 -0.319879
-8.005501 12.978665 10.630124 -0.243594
-4.124125 12.978665 10.700334 -0.274701
-0.242749 12.978665 10.755691 -0.032770
3.638627 12.978665 10.812886 0.032608
7.520003 12.978665 10.752982 0.232656
11.401379 12.978665 10.658299 0.504217
15.282755 12.978665 10.607316 0.352263
19.164131 12.978665 10.652343 0.250841
23.045507 12.978665 10.571297 0.474017
26.926883 12.978665 10.450784 0.553000
30.808259 12.978665 10.580391 0.507052
34.689635 12.978665 10.506736 0.496845
38.571011 12.978665 10.252315 0.504564
42.452387 12.978665 10.167962 0.566109
46.333763 12.978665 10.196683 0.518089
50.215140 12.978665 10.194826 0.709985
54.096516 12.978665 9.809493 0.461013
57.977892 12.978665 10.108110 0.593414
61.859268 12.978665 10.051881 0.642827
65.740644 12.978665 9.877642 0.542126
69.622020 12.978665 9.927154 0.440160
73.503396 12.978665 9.791373 0.288055
77.384772 12.978665 9.624822 0.368130
81.266148 12.978665 10.119190 0.292439
85.147524 12.978665 9.311468 0.318571
89.028900 12.978665 9.906344 0.347058
92.910276 12.978665 9.608053 0.398014
96.791652 12.978665 9.541259 0.138209
100.673028 12.978665 9.776570 0.146072
104.554404 12.978665 9.791040 0.097809
108.435780 12.978665 9.896054 0.353213
112.317156 12.978665 9.762128 -0.034108
116.198532 12.978665 9.956802 -0.002690
120.079908 12.978665 9.939301 -0.051045
123.961284 12.978665 9.722928 -0.101125
127.842660 12.978665 9.617178 -0.403608
131.724036 12.978665 9.673877 -0.144269
135.605412 12.978665 9.961371 0.254481
139.486788 12.978665 9.889998 0.296005
-54.582013 9.097289 0.000000 0.000000
-50.700637 9.097289 9.648295 -0.067165
-46.819261 9.097289 9.279879 -0.485542
-42.937885 9.097289 9.505782 -0.023198
-39.056509 9.097289 9.968118 -0.479765
-35.175133 9.097289 9.708918 -0.736833
-31.293757 9.097289 9.877374 -0.432949
-27.412381 9.097289 10.280061 -0.590735
-23.531005 9.097289 10.310358 -0.708688
-19.649629 9.097289 10.325112 -0.513428
-15.768253 9.097289 10.683002 -0.227555
-11.886877 9.097289 10.536771 -0.266186
-8.005501 9.097289 10.556484 -0.241754
-4.124125 9.097289 10.683707 -0.333831
-0.242749 9.097289 10.678834 -0.034745
3.638627 9.097289 10.637275 0.111005
7.520003 9.097289 10.529469 0.231314
11.401379 9.097289 10.580477 -0.067096
15.282755 9.097289 10.516878 0.065061
19.164131 9.097289 10.620004 0.144290
23.045507 9.097289 10.702564 0.300547
26.926883 9.097289 10.455790 0.247624
30.808259 9.097289 10.310700 0.258211
34.689635 9.097289 10.519852 0.508269
38.571011 9.097289 10.411852 0.665867
42.452387 9.097289 10.380913 0.522890
46.333763 9.097289 10.405387 0.231962
50.215140 9.097289 10.230287 0.646208
54.096516 9.097289 10.204644 0.550204
57.977892 9.097289 10.137763 0.510079
61.859268 9.097289 9.942768 0.553198
65.740644 9.097289 10.011475 0.487387
69.622020 9.097289 10.115874 0.588027
73.503396 9.097289 9.841058 0.367782
77.384772 9.097289 9.759476 0.470827
81.266148 9.097289 9.566019 0.441551
85.147524 9.097289 9.839497 0.304727
89.028900 9.097289 9.855883 0.316516
92.910276 9.097289 9.857360 0.203794
96.791652 9.097289 9.885406 0.102600
100.673028 9.097289 9.969428 0.288173
104.554404 9.097289 9.788927 0.265034
108.435780 9.097289 9.891263 0.066028
112.317156 9.097289 9.853239 0.145007
116.198532 9.097289 10.131388 0.210413
120.079908 9.097289 9.966510 0.152387
123.961284 9.097289 9.807855 0.242837
127.842660 9.097289 9.896042 0.199468
131.724036 9.097289 9.791796 -0.004530
135.605412 9.097289 9.800365 0.109499
139.486788 9.097289 9.739937 0.092973
-54.582013 5.215913 0.000000 0.000000
-50.700637 5.215913 10.540426 -0.020460
-46.819261 5.215913 9.556019 -0.738264
-42.937885 5.215913 9.321200 -0.197965
-39.056509 5.215913 10.283611 0.561264
-35.175133 5.215913 10.049780 -0.203563
-31.293757 5.215913 10.445907 -0.512280
-27.412381 5.215913 9.984812 -0.426197
-23.531005 5.215913 10.169899 -0.614826
-19.649629 5.215913 10.574262 -0.566537
-15.768253 5.215913 10.450592 -0.542628
-11.886877 5.215913 10.557611 -0.314214
-8.005501 5.215913 10.609488 -0.134180
-4.124125 5.215913 10.565551 -0.037969
-0.242749 5.215913 10.514889 0.042138
3.638627 5.215913 10.497248 -0.093246
7.520003 5.215913 10.541209 0.154160
11.401379 5.215913 10.533720 0.208030
15.282755 5.215913 10.577506 0.169075
19.164131 5.215913 10.518978 0.309363
23.045507 5.215913 10.418919 0.321173
26.926883 5.215913 10.433497 0.099015
30.808259 5.215913 10.244473 0.256941
34.689635 5.215913 10.325997 0.375405
38.571011 5.215913 10.317879 0.373871
42.452387 5.215913 10.599771 0.742218
46.333763 5.215913 10.225919 0.486895
50.215140 5.215913 10.162518 0.357994
54.096516 5.215913 9.991613 0.439948
57.977892 5.215913 9.984715 0.468979
61.859268 5.215913 9.992761 0.456106
65.740644 5.215913 9.903392 0.340928
69.622020 5.215913 9.694429 0.482501
73.503396 5.215913 9.933372 0.365195
77.384772 5.215913 9.936564 0.230950
81.266148 5.215913 9.926370 0.287538
85.147524 5.215913 9.882080 0.349642
89.028900 5.215913 9.804464 0.408408
92.910276 5.215913 10.023641 0.238578
96.791652 5.215913 9.718761 0.245540
100.673028 5.215913 9.776083 0.153009
104.554404 5.215913 9.847854 0.307577
108.435780 5.215913 9.916600 0.089908
112.317156 5.215913 9.968925 0.180792
116.198532 5.215913 9.824089 0.417811
120.079908 5.215913 9.766746 0.145085
123.961284 5.215913 9.881269 0.228015
127.842660 5.215913 9.813857 0.084265
131.724036 5.215913 9.901535 0.120343
135.605412 5.215913 9.947793 0.145376
139.486788 5.215913 9.769627 0.108414
-54.582013 1.334537 0.000000 0.000000
-50.700637 1.334537 0.000000 0.000000
-46.819261 1.334537 9.400346 0.109047
-42.937885 1.334537 10.058373 -0.006342
-39.056509 1.334537 9.927971 -0.587837
-35.175133 1.334537 9.904253 -0.663742
-31.293757 1.334537 10.150894 -0.336048
-27.412381 1.334537 9.963333 -0.272637
-23.531005 1.334537 10.126113 -0.179827
-19.649629 1.334537 10.208991 -0.255337
-15.768253 1.334537 9.983034 -0.258255
-11.886877 1.334537 10.546102 -0.147776
-8.005501 1.334537 10.688112 -0.356352
-4.124125 1.334537 10.555529 -0.207943
-0.242749 1.334537 10.625029 -0.117446
3.638627 1.334537 10.383149 0.135044
7.520003 1.334537 10.470744 0.110438
11.401379 1.334537 10.821215 0.169635
15.282755 1.334537 10.616555 0.269052
19.164131 1.334537 10.326753 0.181801
23.045507 1.334537 10.463646 0.469737
26.926883 1.334537 10.353395 0.347594
30.808259 1.334537 10.367954 0.360345
34.689635 1.334537 10.264027 0.254503
38.571011 1.334537 10.369781 0.383672
42.452387 1.334537 10.044333 0.304972
46.333763 1.334537 10.315176 0.415001
50.215140 1.334537 10.389828 0.681429
54.096516 1.334537 9.821985 0.436733
57.977892 1.334537 10.264699 0.445003
61.859268 1.334537 10.071925 0.467107
65.740644 1.334537 9.913244 0.586381
69.622020 1.334537 10.013930 0.345111
73.503396 1.334537 9.781885 0.489296
77.384772 1.334537 9.932261 0.459325
81.266148 1.334537 9.990034 0.423257
85.147524 1.334537 10.025130 0.266357
89.028900 1.334537 9.823771 0.294777
92.910276 1.334537 9.751538 0.303566
96.791652 1.334537 9.848186 0.152326
100.673028 1.334537 9.710781 0.220987
104.554404 1.334537 9.865923 0.211133
108.435780 1.334537 9.929374 0.265865
112.317156 1.334537 9.818974 0.224727
116.198532 1.334537 9.854374 0.234837
120.079908 1.334537 9.990660 0.282553
123.961284 1.334537 9.832042 0.115406
127.842660 1.334537 9.901300 0.138908
131.724036 1.334537 9.905475 0.384741
135.605412 1.334537 9.906492 -0.004561
139.486788 1.334537 10.071299 0.174099
-54.582013 -2.546839 0.000000 0.000000
-50.700637 -2.546839 0.000000 0.000000
-46.819261 -2.546839 10.133155 -0.246486
-42.937885 -2.546839 10.022975 -0.269402
-39.056509 -2.546839 10.544025 0.602692
-35.175133 -2.546839 10.367726 -1.155047
-31.293757 -2.546839 10.230818 -0.306157
-27.412381 -2.546839 10.257333 -0.462400
-23.531005 -2.546839 10.358481 -0.234695
-19.649629 -2.546839 10.217005 -0.390172
-15.768253 -2.546839 10.423676 -0.218622
-11.886877 -2.546839 10.156860 -0.423934
-8.005501 -2.546839 10.397487 -0.169991
-4.124125 -2.546839 10.380960 -0.117910
-0.242749 -2.546839 10.469480 -0.204061
3.638627 -2.546839 10.619699 0.087198
7.520003 -2.546839 10.507994 0.206816
11.401379 -2.546839 10.431547 0.243309
15.282755 -2.546839 10.495979 0.293898
19.164131 -2.546839 10.577044 0.356655
23.045507 -2.546839 10.377147 0.359442
26.926883 -2.546839 10.337904 0.516832
30.808259 -2.546839 10.316824 0.367672
34.689635 -2.546839 10.386397 0.437348
38.571011 -2.546839 10.379571 0.342694
42.452387 -2.546839 10.245868 0.266479
46.333763 -2.546839 10.408169 0.519802
50.215140 -2.546839 10.179209 0.541348
54.096516 -2.546839 10.054607 0.359893
57.977892 -2.546839 10.159369 0.383544
61.859268 -2.546839 10.209796 0.536991
65.740644 -2.546839 10.073791 0.396953
69.622020 -2.546839 9.843899 0.285112
73.503396 -2.546839 9.950855 0.297739
77.384772 -2.546839 9.882257 0.443792
81.266148 -2.546839 9.801550 0.253627
85.147524 -2.546839 9.986786 0.339277
89.028900 -2.546839 10.137011 0.469464
92.910276 -2.546839 9.976761 0.304477
96.791652 -2.546839 9.854861 0.240304
100.673028 -2.546839 9.885425 0.211653
104.554404 -2.546839 9.905952 0.252749
108.435780 -2.546839 9.960862 0.273694
112.317156 -2.546839 9.805862 0.242564
116.198532 -2.546839 9.948711 0.297288
120.079908 -2.546839 9.859418 0.218598
123.961284 -2.546839 10.002276 0.169913
127.842660 -2.546839 9.925827 0.201652
131.724036 -2.546839 9.771907 0.207309
135.605412 -2.546839 9.848433 0.363668
139.486788 -2.546839 9.927011 0.163458
-54.582013 -6.428215 0.000000 0.000000
-50.700637 -6.428215 10.181522 -1.638438
-46.819261 -6.428215 9.248113 -0.064617
-42.937885 -6.428215 9.782443 -0.039351
-39.056509 -6.428215 10.074862 -0.155079
-35.175133 -6.428215 9.490973 -0.285340
-31.293757 -6.428215 10.087604 0.027120
-27.412381 -6.428215 10.512708 0.055342
-23.531005 -6.428215 10.167706 -0.157284
-19.649629 -6.428215 10.214004 -0.189563
-15.768253 -6.428215 10.307931 0.253712
-11.886877 -6.428215 10.433324 -0.208807
-8.005501 -6.428215 10.151475 -0.221621
-4.124125 -6.428215 10.257435 -0.087607
-0.242749 -6.428215 10.471309 -0.223231
3.638627 -6.428215 10.349231 0.043999
7.520003 -6.428215 10.370478 0.083635
11.401379 -6.428215 10.357759 -0.058679
15.282755 -6.428215 10.542869 0.074388
19.164131 -6.428215 10.511384 0.511244
23.045507 -6.428215 10.375432 0.453973
26.926883 -6.428215 10.271640 0.233298
30.808259 -6.428215 10.293287 0.252362
34.689635 -6.428215 10.243362 0.219164
38.571011 -6.428215 10.262744 0.409239
42.452387 -6.428215 10.028860 0.342162
46.333763 -6.428215 10.203769 0.359102
50.215140 -6.428215 10.204370 0.377250
54.096516 -6.428215 10.164529 0.370064
57.977892 -6.428215 10.058997 0.327046
61.859268 -6.428215 10.039907 0.238335
65.740644 -6.428215 10.118457 0.298874
69.622020 -6.428215 9.873336 0.481437
73.503396 -6.428215 10.153393 0.424716
77.384772 -6.428215 10.100309 0.361497
81.266148 -6.428215 9.925820 0.242177
85.147524 -6.428215 10.024325 0.281847
89.028900 -6.428215 9.876575 0.390148
92.910276 -6.428215 9.918470 0.377413
96.791652 -6.428215 10.075534 0.287973
100.673028 -6.428215 9.767063 0.269644
104.554404 -6.428215 9.956642 0.280230
108.435780 -6.428215 9.956244 0.249370
112.317156 -6.428215 9.894366 0.270622
116.198532 -6.428215 9.796445 0.228860
120.079908 -6.428215 9.978167 0.217483
123.961284 -6.428215 9.815474 0.273239
127.842660 -6.428215 9.907177 0.237061
131.724036 -6.428215 9.892222 0.129083
135.605412 -6.428215 9.964308 0.141867
139.486788 -6.428215 9.919448 0.089499
-54.582013 -10.309591 0.000000 0.000000
-50.700637 -10.309591 9.759259 -0.689093
-46.819261 -10.309591 9.523353 0.434609
-42.937885 -10.309591 9.197001 -0.366326
-39.056509 -10.309591 9.827510 -0.252078
-35.175133 -10.309591 10.175149 -0.076676
-31.293757 -10.309591 9.737682 -0.231340
-27.412381 -10.309591 10.210253 -0.196553
-23.531005 -10.309591 10.268792 -0.306511
-19.649629 -10.309591 10.199799 -0.240917
-15.768253 -10.309591 10.315180 -0.078180
-11.886877 -10.309591 10.271356 -0.111736
-8.005501 -10.309591 10.371912 0.121017
-4.124125 -10.309591 10.461194 0.380697
-0.242749 -10.309591 10.394073 0.181750
3.638627 -10.309591 10.386524 0.092387
7.520003 -10.309591 10.341507 0.441144
11.401379 -10.309591 10.438559 0.041095
15.282755 -10.309591 10.276378 0.109896
19.164131 -10.309591 10.307647 0.242716
23.045507 -10.309591 10.219383 0.257208
26.926883 -10.309591 10.539577 0.274423
30.808259 -10.309591 10.145049 0.217816
34.689635 -10.309591 10.254416 0.335424
38.571011 -10.309591 10.323678 0.342386
42.452387 -10.309591 10.176661 0.364677
46.333763 -10.309591 10.246000 0.236785
50.215140 -10.309591 10.006249 0.370058
54.096516 -10.309591 10.093265 0.485257
57.977892 -10.309591 10.048158 0.304940
61.859268 -10.309591 10.068048 0.293630
65.740644 -10.309591 10.051656 0.242841
69.622020 -10.309591 10.125049 0.326318
73.503396 -10.309591 10.070207 0.302147
77.384772 -10.309591 9.990127 0.322172
81.266148 -10.309591 9.935112 0.483968
85.147524 -10.309591 10.043592 0.341056
89.028900 -10.309591 9.843988 0.291619
92.910276 -10.309591 9.940972 0.307600
96.791652 -10.309591 9.879705 0.234133
100.673028 -10.309591 9.846005 0.164161
104.554404 -10.309591 9.849328 0.289446
108.435780 -10.309591 9.856000 0.255431
112.317156 -10.309591 9.925592 0.137256
116.198532 -10.309591 9.863573 0.179338
120.079908 -10.309591 9.930728 0.194177
123.961284 -10.309591 10.087866 0.364706
127.842660 -10.309591 9.855346 0.261838
131.724036 -10.309591 9.899947 0.075705
135.605412 -10.309591 9.863819 0.251195
139.486788 -10.309591 9.847390 -0.071655
-54.582013 -14.190967 0.000000 0.000000
-50.700637 -14.190967 0.000000 0.000000
-46.819261 -14.190967 8.815906 0.254736
-42.937885 -14.190967 9.483860 -0.293437
-39.056509 -14.190967 9.814126 0.620236
-35.175133 -14.190967 10.197438 -0.343694
-31.293757 -14.190967 9.874516 0.878250
-27.412381 -14.190967 10.256670 -0.209355
-23.531005 -14.190967 10.076715 -0.300859
-19.649629 -14.190967 10.262152 -0.270137
-15.768253 -14.190967 10.120588 -0.208508
-11.886877 -14.190967 10.285440 0.036299
-8.005501 -14.190967 10.233356 -0.119450
-4.124125 -14.190967 10.265825 0.105029
-0.242749 -14.190967 10.338373 0.201185
3.638627 -14.190967 10.425548 0.361833
7.520003 -14.190967 10.301095 -0.075901
11.401379 -14.190967 10.399178 0.153573
15.282755 -14.190967 10.228396 0.149435
19.164131 -14.190967 10.361486 0.173341
23.045507 -14.190967 10.362004 0.362783
26.926883 -14.190967 10.244221 0.157360
30.808259 -14.190967 10.240155 0.233387
34.689635 -14.190967 10.274446 0.321131
38.571011 -14.190967 10.282097 0.466126
42.452387 -14.190967 10.369183 0.385096
46.333763 -14.190967 10.231481 0.298174
50.215140 -14.190967 10.205921 0.296491
54.096516 -14.190967 10.158622 0.369782
57.977892 -14.190967 9.928264 0.460466
61.859268 -14.190967 10.057386 0.452560
65.740644 -14.190967 10.024199 0.230251
69.622020 -14.190967 10.145947 0.395087
73.503396 -14.190967 10.167650 0.336250
77.384772 -14.190967 10.020078 0.276334
81.266148 -14.190967 10.013008 0.345125
85.147524 -14.190967 10.029143 0.141864
89.028900 -14.190967 9.945180 0.275937
92.910276 -14.190967 9.971486 0.334526
96.791652 -14.190967 9.934448 0.355395
100.673028 -14.190967 9.926437 0.291125
104.554404 -14.190967 10.006971 0.284947
108.435780 -14.190967 9.927634 0.209865
112.317156 -14.190967 9.795803 0.245516
116.198532 -14.190967 9.928689 0.346029
120.079908 -14.190967 9.843637 0.212923
123.961284 -14.190967 10.061316 0.163648
127.842660 -14.190967 9.916450 0.252072
131.724036 -14.190967 9.991049 0.138530
135.605412 -14.190967 9.943893 0.282828
139.486788 -14.190967 9.971066 0.334233
-54.582013 -18.072343 0.000000 0.000000
-50.700637 -18.072343 10.712074 -1.148521
-46.819261 -18.072343 0.000000 0.000000
-42.937885 -18.072343 9.278123 -0.607444
-39.056509 -18.072343 10.089763 0.026988
-35.175133 -18.072343 10.469707 -0.228126
-31.293757 -18.072343 9.983781 -0.139014
-27.412381 -18.072343 10.058500 -0.146533
-23.531005 -18.072343 10.082505 0.205238
-19.649629 -18.072343 9.962315 -0.049091
-15.768253 -18.072343 10.259493 -0.184645
-11.886877 -18.072343 10.228434 -0.106667
-8.005501 -18.072343 10.109412 0.044638
-4.124125 -18.072343 10.261905 0.031994
-0.242749 -18.072343 10.483283 -0.234204
3.638627 -18.072343 10.231435 0.085276
7.520003 -18.072343 10.360959 0.229978
11.401379 -18.072343 10.226024 0.184912
15.282755 -18.072343 10.240306 0.093562
19.164131 -18.072343 10.446394 0.232997
23.045507 -18.072343 10.320818 0.218883
26.926883 -18.072343 10.262892 0.260928
30.808259 -18.072343 10.184989 0.418778
34.689635 -18.072343 10.234982 0.163187
38.571011 -18.072343 10.151410 0.216932
42.452387 -18.072343 10.179257 0.485188
46.333763 -18.072343 10.095473 0.244856
50.215140 -18.072343 10.049660 0.423541
54.096516 -18.072343 10.072736 0.514908
57.977892 -18.072343 9.993575 0.416428
61.859268 -18.072343 10.030714 0.267788
65.740644 -18.072343 10.143528 0.217202
69.622020 -18.072343 9.969885 0.297276
73.503396 -18.072343 10.051051 0.308316
77.384772 -18.072343 10.075277 0.396089
81.266148 -18.072343 10.028971 0.256853
85.147524 -18.072343 9.770741 0.313878
89.028900 -18.072343 9.878691 0.328275
92.910276 -18.072343 9.849158 0.250666
96.791652 -18.072343 10.047013 0.243392
100.673028 -18.072343 9.915879 0.249783
104.554404 -18.072343 9.931993 0.140448
108.435780 -18.072343 9.911520 0.172300
112.317156 -18.072343 9.794304 0.256664
116.198532 -18.072343 9.875745 0.155418
120.079908 -18.072343 9.788875 0.255604
123.961284 -18.072343 10.025257 0.314689
127.842660 -18.072343 10.000120 0.239553
131.724036 -18.072343 9.996598 0.182985
135.605412 -18.072343 9.855716 0.229210
139.486788 -18.072343 9.869493 0.174332
-54.582013 -21.953719 0.000000 0.000000
-50.700637 -21.953719 0.000000 0.000000
-46.819261 -21.953719 8.813879 0.153368
-42.937885 -21.953719 9.597683 0.524537
-39.056509 -21.953719 9.884853 -0.348662
-35.175133 -21.953719 10.239671 0.275448
-31.293757 -21.953719 10.399020 0.167903
-27.412381 -21.953719 10.246078 -0.340106
-23.531005 -21.953719 10.070494 0.029901
-19.649629 -21.953719 10.279999 -0.059358
-15.768253 -21.953719 10.295518 0.119672
-11.886877 -21.953719 10.376702 -0.127496
-8.005501 -21.953719 10.301869 0.090758
-4.124125 -21.953719 10.296737 -0.169359
-0.242749 -21.953719 10.401000 0.028346
3.638627 -21.953719 10.302400 0.016967
7.520003 -21.953719 10.191195 0.104353
11.401379 -21.953719 10.330708 0.090981
15.282755 -21.953719 10.186954 0.246907
19.164131 -21.953719 10.345298 0.041510
23.045507 -21.953719 10.333869 0.278690
26.926883 -21.953719 10.236225 0.136707
30.808259 -21.953719 10.174344 0.404779
34.689635 -21.953719 10.197680 0.162565
38.571011 -21.953719 10.177750 0.432189
42.452387 -21.953719 10.170981 0.199661
46.333763 -21.953719 10.202217 0.398654
50.215140 -21.953719 10.132738 0.241220
54.096516 -21.953719 10.224386 0.344101
57.977892 -21.953719 10.166089 0.301055
61.859268 -21.953719 10.124305 0.321395
65.740644 -21.953719 10.040267 0.127795
69.622020 -21.953719 9.973666 0.205318
73.503396 -21.953719 10.115242 0.350050
77.384772 -21.953719 10.029795 0.224785
81.266148 -21.953719 9.955437 0.180162
85.147524 -21.953719 10.009720 0.234479
89.028900 -21.953719 9.974182 0.291983
92.910276 -21.953719 9.988948 0.341823
96.791652 -21.953719 9.986844 0.282823
100.673028 -21.953719 9.837934 0.317448
104.554404 -21.953719 9.979506 0.214594
108.435780 -21.953719 10.076546 0.190612
112.317156 -21.953719 9.901128 0.357835
116.198532 -21.953719 9.824990 0.156371
120.079908 -21.953719 9.873376 0.246541
123.961284 -21.953719 9.850972 0.294656
127.842660 -21.953719 9.986956 0.002588
131.724036 -21.953719 10.133392 0.271365
135.605412 -21.953719 9.961874 0.213033
139.486788 -21.953719 9.921817 0.160034
-54.582013 -25.835095 0.000000 0.000000
-50.700637 -25.835095 0.000000 0.000000
-46.819261 -25.835095 0.000000 0.000000
-42.937885 -25.835095 9.247845 -0.051055
-39.056509 -25.835095 9.421809 -0.493092
-35.175133 -25.835095 9.927771 -0.189039
-31.293757 -25.835095 10.416260 -0.153259
-27.412381 -25.835095 10.288439 0.315070
-23.531005 -25.835095 10.315660 0.097757
-19.649629 -25.835095 10.220613 -0.161965
-15.768253 -25.835095 10.315997 -0.084940
-11.886877 -25.835095 10.249181 0.231885
-8.005501 -25.835095 10.304164 0.164798
-4.124125 -25.835095 10.143565 -0.050745
-0.242749 -25.835095 10.306228 0.052309
3.638627 -25.835095 10.169279 0.045694
7.520003 -25.835095 10.217868 0.078959
11.401379 -25.835095 10.227335 0.162835
15.282755 -25.835095 10.382082 0.202564
19.164131 -25.835095 10.220034 0.263205
23.045507 -25.835095 10.216570 0.146443
26.926883 -25.835095 10.259758 0.164260
30.808259 -25.835095 10.329233 0.157263
34.689635 -25.835095 10.194761 0.355971
38.571011 -25.835095 10.299241 0.263439
42.452387 -25.835095 10.193240 0.342807
46.333763 -25.835095 10.202840 0.321788
50.215140 -25.835095 10.212952 0.227918
54.096516 -25.835095 10.191840 0.198453
57.977892 -25.835095 10.228989 0.359660
61.859268 -25.835095 9.985891 0.193655
65.740644 -25.835095 10.145386 0.370158
69.622020 -25.835095 10.058682 0.381895
73.503396 -25.835095 10.137276 0.320712
77.384772 -25.835095 10.051394 0.373090
81.266148 -25.835095 9.991017 0.257840
85.147524 -25.835095 9.982781 0.170471
89.028900 -25.835095 9.917554 0.169506
92.910276 -25.835095 10.042673 0.279040
96.791652 -25.835095 9.870190 0.242414
100.673028 -25.835095 9.866192 0.149954
104.554404 -25.835095 9.933616 0.172350
108.435780 -25.835095 10.016829 0.221480
112.317156 -25.835095 9.996981 0.279851
116.198532 -25.835095 9.685941 0.329896
120.079908 -25.835095 10.069127 0.231780
123.961284 -25.835095 9.859066 0.395442
127.842660 -25.835095 9.928646 0.090050
131.724036 -25.835095 9.859164 0.154661
135.605412 -25.835095 10.168455 0.109380
139.486788 -25.835095 9.926999 0.331384
-54.582013 -29.716471 0.000000 0.000000
-50.700637 -29.716471 0.000000 0.000000
-46.819261 -29.716471 0.000000 0.000000
-42.937885 -29.716471 0.000000 0.000000
-39.056509 -29.716471 10.413777 -0.828238
-35.175133 -29.716471 10.022259 0.299713
-31.293757 -29.716471 9.927082 0.091813
-27.412381 -29.716471 10.126523 0.227133
-23.531005 -29.716471 10.144432 0.090287
-19.649629 -29.716471 10.109862 0.157044
-15.768253 -29.716471 10.004020 0.080093
-11.886877 -29.716471 10.207923 0.031375
-8.005501 -29.716471 10.288402 0.103411
-4.124125 -29.716471 10.241512 0.196846
-0.242749 -29.716471 10.225790 0.009687
3.638627 -29.716471 10.162375 0.026115
7.520003 -29.716471 9.948616 0.213500
11.401379 -29.716471 10.321815 0.238688
15.282755 -29.716471 10.244054 0.083729
19.164131 -29.716471 10.254443 0.327552
23.045507 -29.716471 10.214084 0.261776
26.926883 -29.716471 10.261318 0.058553
30.808259 -29.716471 10.120856 0.328792
34.689635 -29.716471 10.121918 0.539655
38.571011 -29.716471 10.163517 0.325588
42.452387 -29.716471 10.273457 0.120398
46.333763 -29.716471 10.262639 0.297143
50.215140 -29.716471 10.167762 0.104773
54.096516 -29.716471 10.124949 0.292458
57.977892 -29.716471 9.973244 0.266804
61.859268 -29.716471 10.130672 0.208548
65.740644 -29.716471 10.186522 0.337683
69.622020 -29.716471 10.052346 0.341746
73.503396 -29.716471 10.126758 0.277698
77.384772 -29.716471 9.965505 0.263074
81.266148 -29.716471 9.914207 0.353816
85.147524 -29.716471 9.990490 0.254993
89.028900 -29.716471 10.056501 0.222065
92.910276 -29.716471 10.098665 0.228726
96.791652 -29.716471 9.935855 0.215109
100.673028 -29.716471 10.010982 0.359985
104.554404 -29.716471 9.949958 0.372389
108.435780 -29.716471 10.170291 0.205605
112.317156 -29.716471 10.069559 0.305333
116.198532 -29.716471 10.080762 0.343936
120.079908 -29.716471 9.976335 0.153300
123.961284 -29.716471 9.862882 0.140447
127.842660 -29.716471 9.913541 0.314226
131.724036 -29.716471 9.928403 0.194479
135.605412 -29.716471 9.836749 0.230572
139.486788 -29.716471 9.994642 0.317571
-54.582013 -33.597847 0.000000 0.000000
-50.700637 -33.597847 0.000000 0.000000
-46.819261 -33.597847 0.000000 0.000000
-42.937885 -33.597847 10.290240 -1.293254
-39.056509 -33.597847 9.431594 -0.052490
-35.175133 -33.597847 9.911881 -0.117864
-31.293757 -33.597847 10.265110 -0.261309
-27.412381 -33.597847 10.172175 0.441319
-23.531005 -33.597847 10.237175 0.127303
-19.649629 -33.597847 10.118897 0.075780
-15.768253 -33.597847 10.207109 0.013236
-11.886877 -33.597847 10.243927 0.108916
-8.005501 -33.597847 10.228050 -0.136722
-4.124125 -33.597847 10.256571 -0.009246
-0.242749 -33.597847 10.244757 0.167932
3.638627 -33.597847 10.280857 0.311350
7.520003 -33.597847 10.217615 0.216940
11.401379 -33.597847 10.172972 -0.028772
15.282755 -33.597847 10.471494 0.055343
19.164131 -33.597847 10.246882 0.208790
23.045507 -33.597847 10.333437 0.220095
26.926883 -33.597847 10.188299 0.215441
30.808259 -33.597847 10.188854 0.068604
34.689635 -33.597847 10.198012 0.290644
38.571011 -33.597847 10.137230 0.166757
42.452387 -33.597847 10.103857 0.140524
46.333763 -33.597847 10.247102 0.269298
50.215140 -33.597847 10.135789 0.183169
54.096516 -33.597847 10.032873 0.279681
57.977892 -33.597847 10.105766 0.262230
61.859268 -33.597847 10.170574 0.262105
65.740644 -33.597847 10.085444 0.374711
69.622020 -33.597847 10.135326 0.195020
73.503396 -33.597847 9.989058 0.304587
77.384772 -33.597847 10.122710 0.261989
81.266148 -33.597847 10.003476 0.342825
85.147524 -33.597847 9.958653 0.281800
89.028900 -33.597847 9.963774 0.411562
92.910276 -33.597847 10.018875 0.257193
96.791652 -33.597847 10.087132 0.263835
100.673028 -33.597847 9.776237 0.334940
104.554404 -33.597847 9.899632 0.074958
108.435780 -33.597847 9.893247 0.276263
112.317156 -33.597847 10.074057 0.234720
116.198532 -33.597847 9.745276 0.107566
120.079908 -33.597847 9.882034 0.173304
123.961284 -33.597847 9.890585 0.280576
127.842660 -33.597847 9.814243 0.328821
131.724036 -33.597847 9.868079 0.098110
135.605412 -33.597847 9.917779 0.341524
139.486788 -33.597847 9.789362 0.138672
-54.582013 -37.479223 0.000000 0.000000
-50.700637 -37.479223 0.000000 0.000000
-46.819261 -37.479223 8.557354 -0.724584
-42.937885 -37.479223 10.451388 1.159496
-39.056509 -37.479223 10.478123 -1.243816
-35.175133 -37.479223 9.977489 0.109261
-31.293757 -37.479223 10.108993 0.042491
-27.412381 -37.479223 10.227942 0.139580
-23.531005 -37.479223 9.989241 -0.001897
-19.649629 -37.479223 9.904490 0.096711
-15.768253 -37.479223 10.148645 0.160778
-11.886877 -37.479223 10.245331 0.137794
-8.005501 -37.479223 10.269002 0.108237
-4.124125 -37.479223 10.192478 -0.022734
-0.242749 -37.479223 10.203120 0.250653
3.638627 -37.479223 10.094235 0.000748
7.520003 -37.479223 10.199821 0.106673
11.401379 -37.479223 10.112271 0.207336
15.282755 -37.479223 10.259976 0.105573
19.164131 -37.479223 10.296502 0.026559
23.045507 -37.479223 10.183440 0.213556
26.926883 -37.479223 10.254236 0.241381
30.808259 -37.479223 10.147138 0.108505
34.689635 -37.479223 10.294996 0.298021
38.571011 -37.479223 10.250785 0.242735
42.452387 -37.479223 10.092366 0.221960
46.333763 -37.479223 10.053195 0.303996
50.215140 -37.479223 10.134765 0.153421
54.096516 -37.479223 10.179397 0.319637
57.977892 -37.479223 10.069555 0.364524
61.859268 -37.479223 10.025732 0.337227
65.740644 -37.479223 9.931872 0.398156
69.622020 -37.479223 9.950082 0.468841
73.503396 -37.479223 10.093675 0.147961
77.384772 -37.479223 9.972217 0.197671
81.266148 -37.479223 9.845195 0.280958
85.147524 -37.479223 9.997826 0.300159
89.028900 -37.479223 9.999192 0.288354
92.910276 -37.479223 10.014523 0.329892
96.791652 -37.479223 9.955137 0.099652
100.673028 -37.479223 10.073461 0.223963
104.554404 -37.479223 9.836011 0.208767
108.435780 -37.479223 10.014840 0.109406
112.317156 -37.479223 10.064383 0.332464
116.198532 -37.479223 9.945550 0.180536
120.079908 -37.479223 9.948958 0.020467
123.961284 -37.479223 9.866232 -0.081268
127.842660 -37.479223 9.813212 0.367572
131.724036 -37.479223 10.030202 0.381783
135.605412 -37.479223 10.132463 0.105001
139.486788 -37.479223 9.526154 0.326421
-54.582013 -41.360599 0.000000 0.000000
-50.700637 -41.360599 3.443819 -4.912080
-46.819261 -41.360599 11.960046 -5.058779
-42.937885 -41.360599 10.807025 -2.306518
-39.056509 -41.360599 9.789313 0.270737
-35.175133 -41.360599 10.209145 -0.555283
-31.293757 -41.360599 10.189838 0.441292
-27.412381 -41.360599 10.198737 0.363162
-23.531005 -41.360599 10.156136 0.138756
-19.649629 -41.360599 10.136598 0.087727
-15.768253 -41.360599 10.200064 -0.005629
-11.886877 -41.360599 10.273117 0.115643
-8.005501 -41.360599 10.398388 0.240206
-4.124125 -41.360599 10.094187 0.168394
-0.242749 -41.360599 10.153646 0.155142
3.638627 -41.360599 10.203272 0.157227
7.520003 -41.360599 10.206918 0.260671
11.401379 -41.360599 10.251945 0.045787
15.282755 -41.360599 10.170667 0.064890
19.164131 -41.360599 10.254304 0.394421
23.045507 -41.360599 10.091528 0.309514
26.926883 -41.360599 10.209370 0.348810
30.808259 -41.360599 10.134559 0.250817
34.689635 -41.360599 10.228417 0.335410
38.571011 -41.360599 10.227335 0.234925
42.452387 -41.360599 10.055372 0.133610
46.333763 -41.360599 10.362884 0.207658
50.215140 -41.360599 10.076539 0.299119
54.096516 -41.360599 10.134095 0.202533
57.977892 -41.360599 9.990959 0.241018
61.859268 -41.360599 10.048602 0.339560
65.740644 -41.360599 10.147570 0.123651
69.622020 -41.360599 9.938807 0.044235
73.503396 -41.360599 10.065481 0.310131
77.384772 -41.360599 9.939239 0.410692
81.266148 -41.360599 9.940337 0.283102
85.147524 -41.360599 10.065191 0.235878
89.028900 -41.360599 9.994883 0.225086
92.910276 -41.360599 9.897781 0.321036
96.791652 -41.360599 10.149722 0.382246
100.673028 -41.360599 10.023055 0.378300
104.554404 -41.360599 9.863998 0.246855
108.435780 -41.360599 9.805742 0.468578
112.317156 -41.360599 9.941876 0.161641
116.198532 -41.360599 9.944510 0.192190
120.079908 -41.360599 10.183527 0.219383
123.961284 -41.360599 10.010340 0.132774
127.842660 -41.360599 10.028567 0.217816
131.724036 -41.360599 9.953968 0.297739
135.605412 -41.360599 9.911422 0.177890
139.486788 -41.360599 9.845901 0.178150
-54.582013 -45.241975 0.000000 0.000000
-50.700637 -45.241975 0.000000 0.000000
-46.819261 -45.241975 0.000000 0.000000
-42.937885 -45.241975 0.000000 0.000000
-39.056509 -45.241975 0.000000 0.000000
-35.175133 -45.241975 0.000000 0.000000
-31.293757 -45.241975 0.000000 0.000000
-27.412381 -45.241975 0.000000 0.000000
-23.531005 -45.241975 0.000000 0.000000
-19.649629 -45.241975 0.000000 0.000000
-15.768253 -45.241975 0.000000 0.000000
-11.886877 -45.241975 0.000000 0.000000
-8.005501 -45.241975 0.000000 0.000000
-4.124125 -45.241975 0.000000 0.000000
-0.242749 -45.241975 0.000000 0.000000
3.638627 -45.241975 0.000000 0.000000
7.520003 -45.241975 0.000000 0.000000
11.401379 -45.241975 0.000000 0.000000
15.282755 -45.241975 0.000000 0.000000
19.164131 -45.241975 0.000000 0.000000
23.045507 -45.241975 0.000000 0.000000
26.926883 -45.241975 0.000000 0.000000
30.808259 -45.241975 0.000000 0.000000
34.689635 -45.241975 0.000000 0.000000
38.571011 -45.241975 0.000000 0.000000
42.452387 -45.241975 0.000000 0.000000
46.333763 -45.241975 0.000000 0.000000
50.215140 -45.241975 0.000000 0.000000
54.096516 -45.241975 0.000000 0.000000
57.977892 -45.241975 0.000000 0.000000
61.859268 -45.241975 0.000000 0.000000
65.740644 -45.241975 0.000000 0.000000
69.622020 -45.241975 0.000000 0.000000
73.503396 -45.241975 0.000000 0.000000
77.384772 -45.241975 0.000000 0.000000
81.266148 -45.241975 0.000000 0.000000
85.147524 -45.241975 0.000000 0.000000
89.028900 -45.241975 0.000000 0.000000
92.910276 -45.241975 0.000000 0.000000
96.791652 -45.241975 0.000000 0.000000
100.673028 -45.241975 0.000000 0.000000
104.554404 -45.241975 0.000000 0.000000
108.435780 -45.241975 0.000000 0.000000
112.317156 -45.241975 0.000000 0.000000
116.198532 -45.241975 0.000000 0.000000
120.079908 -45.241975 0.000000 0.000000
123.961284 -45.241975 0.000000 0.000000
127.842660 -45.241975 0.000000 0.000000
131.724036 -45.241975 0.000000 0.000000
135.605412 -45.241975 0.000000 0.000000
139.486788 -45.241975 0.000000 0.000000
