TITLE = "B00016"
VARIABLES = "position", "position(2)", "Vx", "Vy"
ZONE T="Frame 0", I=51, J=39
-54.582013 102.250314 0.000000 0.000000
-50.700637 102.250314 0.000000 0.000000
-46.819261 102.250314 0.000000 0.000000
-42.937885 102.250314 0.000000 0.000000
-39.056509 102.250314 0.000000 0.000000
-35.175133 102.250314 0.000000 0.000000
-31.293757 102.250314 0.000000 0.000000
-27.412381 102.250314 0.000000 0.000000
-23.531005 102.250314 0.000000 0.000000
-19.649629 102.250314 0.000000 0.000000
-15.768253 102.250314 10.108995 -0.135615
-11.886877 102.250314 10.653068 -0.144528
-8.005501 102.250314 9.792172 1.631725
-4.124125 102.250314 9.370604 -0.722204
-0.242749 102.250314 0.000000 0.000000
3.638627 102.250314 0.000000 0.000000
7.520003 102.250314 10.252364 1.013988
11.401379 102.250314 9.889039 -2.322293
15.282755 102.250314 8.100148 0.332409
19.164131 102.250314 0.000000 0.000000
23.045507 102.250314 0.000000 0.000000
26.926883 102.250314 9.906394 -0.465580
30.808259 102.250314 9.513049 0.214034
34.689635 102.250314 10.854387 0.769979
38.571011 102.250314 9.527779 -0.633641
42.452387 102.250314 11.975471 -0.400582
46.333763 102.250314 -3.160515 -3.184867
50.215140 102.250314 10.592365 0.017795
54.096516 102.250314 18.766024 -12.695115
57.977892 102.250314 20.385534 -9.662506
61.859268 102.250314 20.001633 4.555300
65.740644 102.250314 -9.035580 -1.286792
69.622020 102.250314 7.779253 1.259479
73.503396 102.250314 9.486435 -0.484532
77.384772 102.250314 9.476256 -0.364989
81.266148 102.250314 9.551719 0.986584
85.147524 102.250314 9.315981 -1.351512
89.028900 102.250314 10.398461 -0.722873
92.910276 102.250314 10.406225 -0.752398
96.791652 102.250314 11.189703 -0.908188
100.673028 102.250314 9.797083 0.089845
104.554404 102.250314 9.984651 0.495782
108.435780 102.250314 10.107133 0.337241
112.317156 102.250314 11.321719 -0.499278
116.198532 102.250314 10.613955 -0.694175
120.079908 102.250314 9.694448 -1.404235
123.961284 102.250314 10.708323 0.564036
127.842660 102.250314 10.567870 -0.530248
131.724036 102.250314 8.793696 0.475810
135.605412 102.250314 10.180717 -0.255603
139.486788 102.250314 9.915009 -0.505935
-54.582013 98.368938 0.000000 0.000000
-50.700637 98.368938 0.000000 0.000000
-46.819261 98.368938 0.000000 0.000000
-42.937885 98.368938 0.000000 0.000000
-39.056509 98.368938 0.000000 0.000000
-35.175133 98.368938 0.000000 0.000000
-31.293757 98.368938 0.000000 0.000000
-27.412381 98.368938 0.000000 0.000000
-23.531005 98.368938 0.000000 0.000000
-19.649629 98.368938 0.000000 0.000000
-15.768253 98.368938 9.744789 -0.074533
-11.886877 98.368938 0.000000 0.000000
-8.005501 98.368938 10.719576 -0.343715
-4.124125 98.368938 9.289534 0.938901
-0.242749 98.368938 9.450585 -0.019597
3.638627 98.368938 10.138186 1.388898
7.520003 98.368938 11.770411 0.828096
11.401379 98.368938 9.939196 -1.501373
15.282755 98.368938 10.332197 0.573947
19.164131 98.368938 0.000000 0.000000
23.045507 98.368938 9.314142 0.434294
26.926883 98.368938 9.253967 1.386834
30.808259 98.368938 0.000000 0.000000
34.689635 98.368938 9.253385 0.807065
38.571011 98.368938 10.158282 -1.201326
42.452387 98.368938 9.595952 -1.799015
46.333763 98.368938 9.122753 1.250586
50.215140 98.368938 23.417158 -9.157079
54.096516 98.368938 22.807974 -15.180191
57.977892 98.368938 19.246496 9.278253
61.859268 98.368938 0.000000 0.000000
65.740644 98.368938 0.000000 0.000000
69.622020 98.368938 0.000000 0.000000
73.503396 98.368938 7.319485 0.519728
77.384772 98.368938 9.515425 0.481855
81.266148 98.368938 10.168610 -0.902648
85.147524 98.368938 9.251401 0.617630
89.028900 98.368938 9.295946 -1.369178
92.910276 98.368938 9.491975 -1.334055
96.791652 98.368938 10.377165 0.275625
100.673028 98.368938 10.225348 -0.481881
104.554404 98.368938 8.833204 0.170301
108.435780 98.368938 9.480862 0.310728
112.317156 98.368938 9.429514 -0.085185
116.198532 98.368938 9.704371 -0.149873
120.079908 98.368938 9.391879 -0.816709
123.961284 98.368938 9.330004 -0.346928
127.842660 98.368938 9.728437 0.819766
131.724036 98.368938 9.811230 0.153282
135.605412 98.368938 10.156746 -1.450494
139.486788 98.368938 10.212560 -0.296702
-54.582013 94.487562 0.000000 0.000000
-50.700637 94.487562 10.019792 0.799866
-46.819261 94.487562 10.491843 0.412614
-42.937885 94.487562 0.000000 0.000000
-39.056509 94.487562 0.000000 0.000000
-35.175133 94.487562 0.000000 0.000000
-31.293757 94.487562 0.000000 0.000000
-27.412381 94.487562 0.000000 0.000000
-23.531005 94.487562 0.000000 0.000000
-19.649629 94.487562 0.000000 0.000000
-15.768253 94.487562 0.000000 0.000000
-11.886877 94.487562 9.224189 0.379832
-8.005501 94.487562 10.513910 -0.691570
-4.124125 94.487562 11.742196 0.063539
-0.242749 94.487562 9.300061 -0.369387
3.638627 94.487562 10.511517 -1.001307
7.520003 94.487562 0.000000 0.000000
11.401379 94.487562 0.000000 0.000000
15.282755 94.487562 11.014329 -1.053112
19.164131 94.487562 0.000000 0.000000
23.045507 94.487562 9.100374 -0.779882
26.926883 94.487562 0.000000 0.000000
30.808259 94.487562 9.736334 -0.370495
34.689635 94.487562 9.301301 1.272343
38.571011 94.487562 10.068411 1.023402
42.452387 94.487562 10.524167 -0.317254
46.333763 94.487562 10.218019 0.084115
50.215140 94.487562 9.308319 0.999470
54.096516 94.487562 22.284014 9.918778
57.977892 94.487562 0.000000 0.000000
61.859268 94.487562 0.000000 0.000000
65.740644 94.487562 0.000000 0.000000
69.622020 94.487562 0.000000 0.000000
73.503396 94.487562 9.899471 -1.767687
77.384772 94.487562 0.000000 0.000000
81.266148 94.487562 10.559847 -0.965398
85.147524 94.487562 8.993936 0.099611
89.028900 94.487562 9.210529 0.183112
92.910276 94.487562 9.980560 0.220168
96.791652 94.487562 10.528362 -0.027737
100.673028 94.487562 9.709766 -0.217513
104.554404 94.487562 10.057899 0.340040
108.435780 94.487562 10.434050 -0.451491
112.317156 94.487562 10.664092 -0.131987
116.198532 94.487562 9.503999 0.235912
120.079908 94.487562 9.365693 0.744984
123.961284 94.487562 9.254760 0.695070
127.842660 94.487562 10.180084 0.546034
131.724036 94.487562 9.326725 -0.179719
135.605412 94.487562 10.314618 0.085209
139.486788 94.487562 9.442436 0.084049
-54.582013 90.606186 0.000000 0.000000
-50.700637 90.606186 0.000000 0.000000
-46.819261 90.606186 10.290274 0.840864
-42.937885 90.606186 10.330125 0.836419
-39.056509 90.606186 10.801214 0.744837
-35.175133 90.606186 0.000000 0.000000
-31.293757 90.606186 0.000000 0.000000
-27.412381 90.606186 0.000000 0.000000
-23.531005 90.606186 0.000000 0.000000
-19.649629 90.606186 0.000000 0.000000
-15.768253 90.606186 10.613655 0.548427
-11.886877 90.606186 10.824126 -0.255891
-8.005501 90.606186 10.615182 -0.248724
-4.124125 90.606186 0.000000 0.000000
-0.242749 90.606186 10.268247 -0.050041
3.638627 90.606186 9.450395 0.159388
7.520003 90.606186 10.655764 0.169433
11.401379 90.606186 10.421514 0.936238
15.282755 90.606186 9.494421 -0.140478
19.164131 90.606186 9.981464 0.058229
23.045507 90.606186 9.142683 -0.227872
26.926883 90.606186 10.673010 -0.316324
30.808259 90.606186 9.845916 -1.070174
34.689635 90.606186 0.000000 0.000000
38.571011 90.606186 9.785473 1.861567
42.452387 90.606186 9.995040 0.449236
46.333763 90.606186 9.998223 -0.408399
50.215140 90.606186 9.006410 1.334425
54.096516 90.606186 9.686663 -2.522209
57.977892 90.606186 19.304197 10.576269
61.859268 90.606186 0.000000 0.000000
65.740644 90.606186 0.000000 0.000000
69.622020 90.606186 0.000000 0.000000
73.503396 90.606186 9.017811 -0.660694
77.384772 90.606186 9.950957 0.929650
81.266148 90.606186 8.749727 -0.275514
85.147524 90.606186 10.685713 0.227727
89.028900 90.606186 9.815878 0.356244
92.910276 90.606186 10.550062 -0.689756
96.791652 90.606186 10.233131 0.031687
100.673028 90.606186 10.041813 0.310434
104.554404 90.606186 9.395365 -0.452662
108.435780 90.606186 8.849599 -0.070604
112.317156 90.606186 9.876285 -1.213169
116.198532 90.606186 10.108305 -0.489360
120.079908 90.606186 10.169711 -0.195361
123.961284 90.606186 9.644909 0.390660
127.842660 90.606186 9.590467 -0.620414
131.724036 90.606186 9.127908 -0.531345
135.605412 90.606186 9.382480 -0.515592
139.486788 90.606186 9.505082 -0.196600
-54.582013 86.724810 0.000000 0.000000
-50.700637 86.724810 9.138929 1.249600
-46.819261 86.724810 9.387850 0.582207
-42.937885 86.724810 0.000000 0.000000
-39.056509 86.724810 10.023653 0.578571
-35.175133 86.724810 0.000000 0.000000
-31.293757 86.724810 0.000000 0.000000
-27.412381 86.724810 0.000000 0.000000
-23.531005 86.724810 0.000000 0.000000
-19.649629 86.724810 0.000000 0.000000
-15.768253 86.724810 9.652293 -0.331522
-11.886877 86.724810 9.363149 0.973297
-8.005501 86.724810 10.604352 -0.437687
-4.124125 86.724810 10.248829 0.697474
-0.242749 86.724810 10.246010 -0.343171
3.638627 86.724810 10.687132 -0.238754
7.520003 86.724810 8.900915 -0.295475
11.401379 86.724810 9.926817 1.959459
15.282755 86.724810 10.114964 -0.620190
19.164131 86.724810 10.212627 -1.026724
23.045507 86.724810 10.444207 -0.246925
26.926883 86.724810 10.169551 0.228217
30.808259 86.724810 10.520659 0.519955
34.689635 86.724810 10.537514 0.300948
38.571011 86.724810 10.696895 0.178025
42.452387 86.724810 10.410880 -0.506276
46.333763 86.724810 9.663296 -0.320169
50.215140 86.724810 10.248717 0.050192
54.096516 86.724810 10.219281 -1.213939
57.977892 86.724810 11.090988 -0.001820
61.859268 86.724810 0.000000 0.000000
65.740644 86.724810 0.000000 0.000000
69.622020 86.724810 0.000000 0.000000
73.503396 86.724810 10.542761 0.305387
77.384772 86.724810 8.755876 -1.998378
81.266148 86.724810 0.000000 0.000000
85.147524 86.724810 9.693710 -0.661808
89.028900 86.724810 9.921314 -0.847539
92.910276 86.724810 10.205940 0.171295
96.791652 86.724810 10.352291 -0.492181
100.673028 86.724810 9.997628 0.417742
104.554404 86.724810 9.733117 0.200236
108.435780 86.724810 10.221705 -0.629179
112.317156 86.724810 9.648647 -0.345776
116.198532 86.724810 9.087708 0.358117
120.079908 86.724810 10.391901 -0.679932
123.961284 86.724810 9.398496 0.838007
127.842660 86.724810 10.133713 0.422347
131.724036 86.724810 9.659675 0.401683
135.605412 86.724810 9.706524 -0.309591
139.486788 86.724810 9.494002 -0.542908
-54.582013 82.843434 0.000000 0.000000
-50.700637 82.843434 0.000000 0.000000
-46.819261 82.843434 10.529448 0.115043
-42.937885 82.843434 9.995577 0.353105
-39.056509 82.843434 10.083113 1.727718
-35.175133 82.843434 0.000000 0.000000
-31.293757 82.843434 0.000000 0.000000
-27.412381 82.843434 0.000000 0.000000
-23.531005 82.843434 0.000000 0.000000
-19.649629 82.843434 0.000000 0.000000
-15.768253 82.843434 10.448238 0.232500
-11.886877 82.843434 10.600906 0.156390
-8.005501 82.843434 9.792928 0.707809
-4.124125 82.843434 9.102466 -0.011665
-0.242749 82.843434 10.740718 -0.189900
3.638627 82.843434 10.561945 -0.129828
7.520003 82.843434 11.069497 0.255310
11.401379 82.843434 10.397342 0.532213
15.282755 82.843434 10.524133 -0.457961
19.164131 82.843434 10.392826 0.288270
23.045507 82.843434 10.470630 0.067236
26.926883 82.843434 9.643382 0.052181
30.808259 82.843434 10.624742 -0.596033
34.689635 82.843434 9.513238 0.489568
38.571011 82.843434 10.315645 1.152051
42.452387 82.843434 10.778014 0.473679
46.333763 82.843434 10.040850 -0.274541
50.215140 82.843434 10.427834 -0.810380
54.096516 82.843434 10.329523 0.271778
57.977892 82.843434 10.736523 -0.613510
61.859268 82.843434 0.000000 0.000000
65.740644 82.843434 0.000000 0.000000
69.622020 82.843434 10.024033 0.259795
73.503396 82.843434 9.960603 -0.198416
77.384772 82.843434 9.497392 -0.313996
81.266148 82.843434 9.333616 -0.889876
85.147524 82.843434 8.676301 -0.740067
89.028900 82.843434 10.019353 -0.464965
92.910276 82.843434 11.063732 -0.201743
96.791652 82.843434 9.295814 -0.136187
100.673028 82.843434 10.381647 -0.459227
104.554404 82.843434 9.106399 0.436416
108.435780 82.843434 9.920195 0.544254
112.317156 82.843434 9.471025 -0.707675
116.198532 82.843434 10.333971 -0.157466
120.079908 82.843434 9.134105 -0.136451
123.961284 82.843434 10.609044 -0.261941
127.842660 82.843434 9.965655 0.161984
131.724036 82.843434 9.024205 0.060419
135.605412 82.843434 9.415788 -0.567171
139.486788 82.843434 10.169951 -0.413672
-54.582013 78.962058 0.000000 0.000000
-50.700637 78.962058 0.000000 0.000000
-46.819261 78.962058 10.104314 -0.754489
-42.937885 78.962058 10.033213 0.500751
-39.056509 78.962058 11.130898 0.392889
-35.175133 78.962058 0.000000 0.000000
-31.293757 78.962058 0.000000 0.000000
-27.412381 78.962058 0.000000 0.000000
-23.531005 78.962058 0.000000 0.000000
-19.649629 78.962058 0.000000 0.000000
-15.768253 78.962058 10.253249 0.851822
-11.886877 78.962058 10.316805 -0.258152
-8.005501 78.962058 10.732725 0.207777
-4.124125 78.962058 10.148634 0.787068
-0.242749 78.962058 10.937361 0.216034
3.638627 78.962058 9.540780 0.410778
7.520003 78.962058 10.489005 -0.304156
11.401379 78.962058 10.340585 -0.292697
15.282755 78.962058 8.922979 0.165633
19.164131 78.962058 9.856450 -1.204779
23.045507 78.962058 10.853477 -0.229969
26.926883 78.962058 10.629909 -0.057271
30.808259 78.962058 10.215598 -1.004851
34.689635 78.962058 11.418238 -0.687685
38.571011 78.962058 10.287562 -0.772109
42.452387 78.962058 9.518050 -0.258556
46.333763 78.962058 9.690104 -0.401626
50.215140 78.962058 10.106219 0.342935
54.096516 78.962058 10.390182 -0.072452
57.977892 78.962058 10.772804 -1.176067
61.859268 78.962058 0.000000 0.000000
65.740644 78.962058 0.000000 0.000000
69.622020 78.962058 9.304747 -0.342778
73.503396 78.962058 10.075487 -0.529090
77.384772 78.962058 9.883434 -0.135507
81.266148 78.962058 9.761048 0.078897
85.147524 78.962058 10.176630 0.513048
89.028900 78.962058 10.357677 0.542591
92.910276 78.962058 9.757220 -0.344280
96.791652 78.962058 10.393764 0.083853
100.673028 78.962058 9.866345 0.018516
104.554404 78.962058 10.091343 -0.398896
108.435780 78.962058 9.945532 -0.117398
112.317156 78.962058 10.214923 0.245525
116.198532 78.962058 9.966010 -0.014586
120.079908 78.962058 10.196862 -0.145401
123.961284 78.962058 10.212899 -0.186621
127.842660 78.962058 9.128796 0.255492
131.724036 78.962058 10.113330 0.047453
135.605412 78.962058 10.276325 -0.199515
139.486788 78.962058 8.711121 0.361858
-54.582013 75.080682 0.000000 0.000000
-50.700637 75.080682 9.446749 0.958108
-46.819261 75.080682 9.563752 0.203497
-42.937885 75.080682 10.065314 0.744099
-39.056509 75.080682 9.495473 0.934893
-35.175133 75.080682 0.000000 0.000000
-31.293757 75.080682 0.000000 0.000000
-27.412381 75.080682 0.000000 0.000000
-23.531005 75.080682 0.000000 0.000000
-19.649629 75.080682 0.000000 0.000000
-15.768253 75.080682 10.354910 0.440624
-11.886877 75.080682 10.579015 0.462195
-8.005501 75.080682 10.395926 0.507487
-4.124125 75.080682 0.000000 0.000000
-0.242749 75.080682 10.809678 0.433167
3.638627 75.080682 10.286205 0.355827
7.520003 75.080682 10.416512 -0.107125
11.401379 75.080682 11.156077 0.277524
15.282755 75.080682 10.388810 0.034682
19.164131 75.080682 10.830913 -0.428276
23.045507 75.080682 10.723885 0.241771
26.926883 75.080682 10.405775 0.121077
30.808259 75.080682 10.221005 -0.766049
34.689635 75.080682 10.406772 -0.377171
38.571011 75.080682 10.587121 -0.353338
42.452387 75.080682 10.233501 -0.379580
46.333763 75.080682 9.944239 0.172657
50.215140 75.080682 9.902479 -0.565978
54.096516 75.080682 10.199977 0.027822
57.977892 75.080682 10.152822 -0.216724
61.859268 75.080682 0.000000 0.000000
65.740644 75.080682 0.000000 0.000000
69.622020 75.080682 9.775139 -0.149654
73.503396 75.080682 10.021145 -0.835077
77.384772 75.080682 9.655603 0.204214
81.266148 75.080682 10.411149 0.150749
85.147524 75.080682 9.764839 -0.638416
89.028900 75.080682 9.856052 0.132936
92.910276 75.080682 9.674509 0.249554
96.791652 75.080682 9.866715 -0.323226
100.673028 75.080682 9.999757 -0.567478
104.554404 75.080682 9.486028 0.265964
108.435780 75.080682 10.043500 -0.331713
112.317156 75.080682 10.289268 0.169945
116.198532 75.080682 9.897322 -0.039431
120.079908 75.080682 9.116908 0.060275
123.961284 75.080682 9.796627 -0.413795
127.842660 75.080682 10.276452 -0.100700
131.724036 75.080682 9.786984 0.809228
135.605412 75.080682 10.108021 -0.646684
139.486788 75.080682 10.007061 -0.833118
-54.582013 71.199306 0.000000 0.000000
-50.700637 71.199306 0.000000 0.000000
-46.819261 71.199306 9.670807 1.111701
-42.937885 71.199306 10.728484 -0.174250
-39.056509 71.199306 10.709508 0.727369
-35.175133 71.199306 0.000000 0.000000
-31.293757 71.199306 0.000000 0.000000
-27.412381 71.199306 0.000000 0.000000
-23.531005 71.199306 0.000000 0.000000
-19.649629 71.199306 0.000000 0.000000
-15.768253 71.199306 10.910237 0.373129
-11.886877 71.199306 10.592263 0.668287
-8.005501 71.199306 10.237197 0.556290
-4.124125 71.199306 9.138680 1.960408
-0.242749 71.199306 11.133217 0.641599
3.638627 71.199306 10.721648 -0.542095
7.520003 71.199306 10.835728 -0.198176
11.401379 71.199306 9.999473 0.090675
15.282755 71.199306 10.556226 -0.353642
19.164131 71.199306 10.264610 0.263057
23.045507 71.199306 10.515190 0.320840
26.926883 71.199306 10.592568 0.465633
30.808259 71.199306 10.243520 -0.305344
34.689635 71.199306 10.369695 -0.287738
38.571011 71.199306 10.623770 -0.528450
42.452387 71.199306 10.763831 0.223417
46.333763 71.199306 10.123568 -0.473249
50.215140 71.199306 10.113870 -0.269334
54.096516 71.199306 10.572905 -0.462610
57.977892 71.199306 10.218235 -0.008073
61.859268 71.199306 0.000000 0.000000
65.740644 71.199306 0.000000 0.000000
69.622020 71.199306 10.581023 -0.402863
73.503396 71.199306 10.113527 0.352371
77.384772 71.199306 10.620753 0.087257
81.266148 71.199306 9.512204 -0.447233
85.147524 71.199306 9.760203 -0.000964
89.028900 71.199306 10.201535 0.241373
92.910276 71.199306 9.840573 0.328835
96.791652 71.199306 9.797549 -0.273088
100.673028 71.199306 10.118278 0.421474
104.554404 71.199306 10.093857 -0.146008
108.435780 71.199306 10.117393 0.140120
112.317156 71.199306 9.865735 0.128488
116.198532 71.199306 9.921712 0.128713
120.079908 71.199306 9.630362 0.063639
123.961284 71.199306 9.788569 0.173476
127.842660 71.199306 10.173372 -0.392713
131.724036 71.199306 9.765965 -0.235025
135.605412 71.199306 9.685481 -0.623901
139.486788 71.199306 10.037824 -0.273000
-54.582013 67.317930 0.000000 0.000000
-50.700637 67.317930 0.000000 0.000000
-46.819261 67.317930 9.878184 0.656393
-42.937885 67.317930 9.235524 1.016158
-39.056509 67.317930 10.865649 0.887089
-35.175133 67.317930 0.000000 0.000000
-31.293757 67.317930 0.000000 0.000000
-27.412381 67.317930 0.000000 0.000000
-23.531005 67.317930 0.000000 0.000000
-19.649629 67.317930 10.173613 0.374790
-15.768253 67.317930 10.702512 0.426613
-11.886877 67.317930 10.237872 0.333900
-8.005501 67.317930 10.893108 0.804428
-4.124125 67.317930 10.248064 0.628576
-0.242749 67.317930 10.441689 1.006618
3.638627 67.317930 10.280983 -0.055360
7.520003 67.317930 10.612967 -0.355949
11.401379 67.317930 10.835907 0.689092
15.282755 67.317930 10.351171 -0.048449
19.164131 67.317930 10.614537 -0.390519
23.045507 67.317930 10.419348 -0.480181
26.926883 67.317930 10.602683 -0.416545
30.808259 67.317930 10.604877 -0.320718
34.689635 67.317930 10.376117 -0.566416
38.571011 67.317930 10.594185 0.304792
42.452387 67.317930 10.401207 -0.676181
46.333763 67.317930 10.133648 -0.151883
50.215140 67.317930 9.754422 -0.113418
54.096516 67.317930 10.291520 -0.702948
57.977892 67.317930 9.864883 -0.284404
61.859268 67.317930 0.000000 0.000000
65.740644 67.317930 0.000000 0.000000
69.622020 67.317930 10.042985 -0.408650
73.503396 67.317930 9.193777 -0.269652
77.384772 67.317930 9.847095 -0.783266
81.266148 67.317930 10.056949 -0.300072
85.147524 67.317930 9.883761 0.114468
89.028900 67.317930 9.772289 -0.206438
92.910276 67.317930 9.801220 -0.125332
96.791652 67.317930 9.753652 0.278912
100.673028 67.317930 10.455377 -0.616558
104.554404 67.317930 9.886806 -0.010404
108.435780 67.317930 9.820434 -0.304921
112.317156 67.317930 9.789378 -0.512902
116.198532 67.317930 10.019875 0.095103
120.079908 67.317930 9.877160 0.128532
123.961284 67.317930 9.820385 -0.019882
127.842660 67.317930 9.930552 0.128899
131.724036 67.317930 9.664012 0.338467
135.605412 67.317930 10.074410 0.002483
139.486788 67.317930 10.158310 -0.020248
-54.582013 63.436554 0.000000 0.000000
-50.700637 63.436554 9.422959 1.169474
-46.819261 63.436554 9.596914 0.939281
-42.937885 63.436554 9.945778 0.997753
-39.056509 63.436554 10.234794 0.726865
-35.175133 63.436554 0.000000 0.000000
-31.293757 63.436554 0.000000 0.000000
-27.412381 63.436554 0.000000 0.000000
-23.531005 63.436554 0.000000 0.000000
-19.649629 63.436554 10.191133 1.161224
-15.768253 63.436554 10.835667 0.854626
-11.886877 63.436554 10.991101 0.564930
-8.005501 63.436554 11.748985 0.862712
-4.124125 63.436554 10.654234 0.298809
-0.242749 63.436554 10.168097 0.770264
3.638627 63.436554 11.735533 0.096748
7.520003 63.436554 10.726295 -0.487561
11.401379 63.436554 10.373849 0.258009
15.282755 63.436554 9.773282 -0.729612
19.164131 63.436554 10.438981 -0.109457
23.045507 63.436554 9.070065 0.219378
26.926883 63.436554 10.357291 0.397615
30.808259 63.436554 10.405125 -0.476454
34.689635 63.436554 10.533198 -0.696584
38.571011 63.436554 10.806149 0.488266
42.452387 63.436554 10.253943 -0.485010
46.333763 63.436554 10.621355 -0.224983
50.215140 63.436554 10.369993 0.266885
54.096516 63.436554 9.967232 -0.569096
57.977892 63.436554 9.993917 -0.449011
61.859268 63.436554 0.000000 0.000000
65.740644 63.436554 0.000000 0.000000
69.622020 63.436554 10.252580 -0.322390
73.503396 63.436554 9.728287 -0.274231
77.384772 63.436554 9.985965 -0.579326
81.266148 63.436554 9.769886 -0.188038
85.147524 63.436554 10.014375 -0.356174
89.028900 63.436554 10.000969 -0.153481
92.910276 63.436554 10.031747 0.112699
96.791652 63.436554 9.728929 0.243879
100.673028 63.436554 9.682505 -0.175137
104.554404 63.436554 10.003368 -0.549220
108.435780 63.436554 10.018555 0.313779
112.317156 63.436554 9.987906 0.302019
116.198532 63.436554 9.700809 0.479315
120.079908 63.436554 9.772822 -0.260905
123.961284 63.436554 9.873502 0.042295
127.842660 63.436554 9.834565 -0.102796
131.724036 63.436554 9.973315 -0.096733
135.605412 63.436554 9.587056 0.228336
139.486788 63.436554 10.318727 0.332000
-54.582013 59.555178 10.121958 0.627545
-50.700637 59.555178 10.578710 0.578424
-46.819261 59.555178 10.556960 1.201973
-42.937885 59.555178 9.163193 0.835526
-39.056509 59.555178 10.067980 1.121882
-35.175133 59.555178 0.000000 0.000000
-31.293757 59.555178 0.000000 0.000000
-27.412381 59.555178 0.000000 0.000000
-23.531005 59.555178 0.000000 0.000000
-19.649629 59.555178 10.783869 0.762721
-15.768253 59.555178 10.338367 0.718763
-11.886877 59.555178 11.032343 0.629122
-8.005501 59.555178 11.161858 0.502866
-4.124125 59.555178 10.601351 -0.141784
-0.242749 59.555178 10.980866 0.356658
3.638627 59.555178 11.149714 0.434034
7.520003 59.555178 10.870825 -0.427837
11.401379 59.555178 11.069247 -0.332945
15.282755 59.555178 10.631593 0.123750
19.164131 59.555178 10.760900 0.183966
23.045507 59.555178 10.896467 -0.678581
26.926883 59.555178 10.371305 0.059805
30.808259 59.555178 10.493345 -0.270543
34.689635 59.555178 10.621268 0.113516
38.571011 59.555178 11.029903 -0.581845
42.452387 59.555178 10.424073 -0.678046
46.333763 59.555178 10.099338 -0.623872
50.215140 59.555178 10.473740 -0.527762
54.096516 59.555178 9.824064 -0.452489
57.977892 59.555178 10.153856 -0.583281
61.859268 59.555178 0.000000 0.000000
65.740644 59.555178 0.000000 0.000000
69.622020 59.555178 10.130872 -0.369805
73.503396 59.555178 9.224787 -0.201810
77.384772 59.555178 9.936537 -0.263094
81.266148 59.555178 9.801445 -0.422744
85.147524 59.555178 9.646291 -0.181764
89.028900 59.555178 10.221385 -0.631522
92.910276 59.555178 9.840783 -0.400823
96.791652 59.555178 9.888549 -0.205721
100.673028 59.555178 9.319115 0.220390
104.554404 59.555178 9.739222 0.183962
108.435780 59.555178 10.415442 0.305265
112.317156 59.555178 9.698424 0.084715
116.198532 59.555178 10.134330 0.358978
120.079908 59.555178 9.916425 -0.420450
123.961284 59.555178 9.270486 0.355560
127.842660 59.555178 10.107346 0.227121
131.724036 59.555178 10.115791 0.081664
135.605412 59.555178 9.533698 0.507147
139.486788 59.555178 9.991344 -0.129379
-54.582013 55.673802 9.823614 0.653589
-50.700637 55.673802 0.000000 0.000000
-46.819261 55.673802 9.863461 0.806026
-42.937885 55.673802 9.725489 0.903038
-39.056509 55.673802 9.458584 1.038637
-35.175133 55.673802 0.000000 0.000000
-31.293757 55.673802 0.000000 0.000000
-27.412381 55.673802 0.000000 0.000000
-23.531005 55.673802 10.665835 1.019987
-19.649629 55.673802 10.877938 1.032269
-15.768253 55.673802 10.851030 0.354919
-11.886877 55.673802 10.907603 0.605954
-8.005501 55.673802 11.525988 0.802597
-4.124125 55.673802 10.916891 0.374586
-0.242749 55.673802 11.246676 0.090372
3.638627 55.673802 10.892023 0.104332
7.520003 55.673802 10.903269 -0.102988
11.401379 55.673802 10.752452 -0.388211
15.282755 55.673802 10.690827 -0.394559
19.164131 55.673802 10.656835 -0.396534
23.045507 55.673802 10.297119 -0.065695
26.926883 55.673802 10.592649 -0.311476
30.808259 55.673802 10.239683 -0.114039
34.689635 55.673802 10.504727 -0.688541
38.571011 55.673802 10.526783 -0.282235
42.452387 55.673802 10.468665 -0.726451
46.333763 55.673802 10.293269 -0.039355
50.215140 55.673802 10.222452 -0.805959
54.096516 55.673802 10.698612 -0.481482
57.977892 55.673802 10.146373 -0.698705
61.859268 55.673802 0.000000 0.000000
65.740644 55.673802 0.000000 0.000000
69.622020 55.673802 9.868271 -0.555939
73.503396 55.673802 9.565849 -0.256792
77.384772 55.673802 10.150314 -0.700605
81.266148 55.673802 9.956402 -0.400528
85.147524 55.673802 9.832082 -0.476026
89.028900 55.673802 9.505073 -0.308901
92.910276 55.673802 9.756320 -0.087670
96.791652 55.673802 9.862684 -0.142759
100.673028 55.673802 9.780861 0.071764
104.554404 55.673802 9.861848 0.013628
108.435780 55.673802 9.087214 0.793659
112.317156 55.673802 9.502519 0.606314
116.198532 55.673802 10.084800 0.206045
120.079908 55.673802 10.408696 -0.304261
123.961284 55.673802 9.805060 0.550116
127.842660 55.673802 9.615102 0.673918
131.724036 55.673802 9.756755 -0.142365
135.605412 55.673802 9.682865 0.044346
139.486788 55.673802 9.380645 -0.273976
-54.582013 51.792426 9.472952 1.043429
-50.700637 51.792426 0.000000 0.000000
-46.819261 51.792426 9.320870 0.700209
-42.937885 51.792426 9.986341 1.041922
-39.056509 51.792426 10.053698 0.858580
-35.175133 51.792426 0.000000 0.000000
-31.293757 51.792426 0.000000 0.000000
-27.412381 51.792426 0.000000 0.000000
-23.531005 51.792426 10.854448 1.211522
-19.649629 51.792426 10.882158 1.111391
-15.768253 51.792426 10.870230 0.761562
-11.886877 51.792426 10.713626 0.660946
-8.005501 51.792426 10.882001 0.593579
-4.124125 51.792426 11.293269 0.169273
-0.242749 51.792426 11.107710 0.103372
3.638627 51.792426 11.284753 -0.213843
7.520003 51.792426 10.810807 -0.192751
11.401379 51.792426 10.799953 -0.273976
15.282755 51.792426 11.257639 -0.155406
19.164131 51.792426 11.015979 -0.041593
23.045507 51.792426 10.840262 -0.552243
26.926883 51.792426 10.590506 -0.568473
30.808259 51.792426 10.534448 -0.466233
34.689635 51.792426 10.708369 -0.523977
38.571011 51.792426 10.294710 -0.775577
42.452387 51.792426 10.897994 -0.501052
46.333763 51.792426 10.534109 -0.694905
50.215140 51.792426 10.434940 -0.511544
54.096516 51.792426 10.697721 -0.807864
57.977892 51.792426 10.026587 -0.541263
61.859268 51.792426 0.000000 0.000000
65.740644 51.792426 0.000000 0.000000
69.622020 51.792426 9.922419 -0.508188
73.503396 51.792426 9.834444 -0.589877
77.384772 51.792426 10.042723 -0.682850
81.266148 51.792426 9.757307 -0.102644
85.147524 51.792426 9.768232 -0.250471
89.028900 51.792426 9.967454 -0.372265
92.910276 51.792426 9.470957 0.330680
96.791652 51.792426 9.575812 -0.138812
100.673028 51.792426 10.245688 -0.661298
104.554404 51.792426 9.102024 0.093219
108.435780 51.792426 9.201464 0.113951
112.317156 51.792426 9.216798 0.743792
116.198532 51.792426 9.612776 0.228842
120.079908 51.792426 9.470608 0.370902
123.961284 51.792426 10.240038 -0.440960
127.842660 51.792426 9.866530 -0.040083
131.724036 51.792426 9.972831 -0.036396
135.605412 51.792426 9.693603 -0.002017
139.486788 51.792426 10.231910 0.086308
-54.582013 47.911049 0.000000 0.000000
-50.700637 47.911049 8.487607 1.373629
-46.819261 47.911049 9.202028 0.551296
-42.937885 47.911049 9.702748 1.143890
-39.056509 47.911049 9.590496 1.342648
-35.175133 47.911049 0.000000 0.000000
-31.293757 47.911049 0.000000 0.000000
-27.412381 47.911049 0.000000 0.000000
-23.531005 47.911049 11.062767 1.261459
-19.649629 47.911049 11.195363 0.851925
-15.768253 47.911049 11.149010 0.920178
-11.886877 47.911049 11.564832 0.598480
-8.005501 47.911049 11.563789 0.413203
-4.124125 47.911049 11.131838 0.329750
-0.242749 47.911049 11.466349 -0.131588
3.638627 47.911049 11.681770 0.031224
7.520003 47.911049 11.009572 0.076983
11.401379 47.911049 11.057415 -0.416362
15.282755 47.911049 10.932184 -0.406335
19.164131 47.911049 10.834001 -0.479603
23.045507 47.911049 10.970715 -0.768273
26.926883 47.911049 10.562968 -0.702885
30.808259 47.911049 10.620049 -0.378410
34.689635 47.911049 10.706697 -0.669443
38.571011 47.911049 10.868434 -0.299392
42.452387 47.911049 10.458258 -0.315142
46.333763 47.911049 10.321182 -0.453837
50.215140 47.911049 10.500856 -0.731496
54.096516 47.911049 10.240796 -0.607471
57.977892 47.911049 10.034607 -0.793195
61.859268 47.911049 0.000000 0.000000
65.740644 47.911049 0.000000 0.000000
69.622020 47.911049 9.600986 -0.673338
73.503396 47.911049 9.909038 -0.271357
77.384772 47.911049 9.778896 -0.640357
81.266148 47.911049 9.843991 -0.594925
85.147524 47.911049 9.448004 -0.389701
89.028900 47.911049 9.551037 -0.568322
92.910276 47.911049 9.231138 0.515807
96.791652 47.911049 10.101994 0.514766
100.673028 47.911049 10.152338 -0.075446
104.554404 47.911049 9.983994 -0.505719
108.435780 47.911049 9.677853 -0.485706
112.317156 47.911049 9.119903 -0.233368
116.198532 47.911049 9.617199 0.378977
120.079908 47.911049 10.125690 0.083572
123.961284 47.911049 10.341105 -0.583284
127.842660 47.911049 9.454658 -0.471791
131.724036 47.911049 9.720334 -0.413127
135.605412 47.911049 9.074413 0.204370
139.486788 47.911049 9.268537 0.892022
-54.582013 44.029673 10.212702 0.824973
-50.700637 44.029673 10.260113 0.504843
-46.819261 44.029673 9.339026 0.993851
-42.937885 44.029673 8.748790 1.497246
-39.056509 44.029673 9.316092 1.743052
-35.175133 44.029673 0.000000 0.000000
-31.293757 44.029673 0.000000 0.000000
-27.412381 44.029673 10.973861 2.538539
-23.531005 44.029673 11.736008 1.960909
-19.649629 44.029673 11.649385 0.857817
-15.768253 44.029673 11.686484 0.894325
-11.886877 44.029673 11.854804 0.678886
-8.005501 44.029673 11.422930 -0.558644
-4.124125 44.029673 11.575681 0.305279
-0.242749 44.029673 11.813285 0.323930
3.638627 44.029673 0.000000 0.000000
7.520003 44.029673 11.146398 -0.113866
11.401379 44.029673 11.024289 -0.331496
15.282755 44.029673 10.910744 -0.146395
19.164131 44.029673 10.496726 -0.293724
23.045507 44.029673 10.148994 0.676972
26.926883 44.029673 11.137619 -0.246827
30.808259 44.029673 10.419428 -0.882576
34.689635 44.029673 10.620873 -0.523152
38.571011 44.029673 10.647136 -0.669680
42.452387 44.029673 10.427621 -0.544168
46.333763 44.029673 10.598500 -0.778643
50.215140 44.029673 10.346717 -0.628619
54.096516 44.029673 10.590521 -0.784595
57.977892 44.029673 10.209044 -0.850739
61.859268 44.029673 0.000000 0.000000
65.740644 44.029673 0.000000 0.000000
69.622020 44.029673 9.366989 -0.628215
73.503396 44.029673 9.281029 0.011543
77.384772 44.029673 9.931972 0.165047
81.266148 44.029673 10.177428 -0.614041
85.147524 44.029673 9.197435 -0.522847
89.028900 44.029673 8.841875 -0.377199
92.910276 44.029673 9.338150 -0.100909
96.791652 44.029673 9.086267 1.329659
100.673028 44.029673 10.289182 0.787867
104.554404 44.029673 9.536981 -1.220554
108.435780 44.029673 9.041327 -0.872993
112.317156 44.029673 8.637228 -0.346072
116.198532 44.029673 7.897707 1.958065
120.079908 44.029673 9.885288 0.937939
123.961284 44.029673 10.391395 -1.475131
127.842660 44.029673 9.633160 -1.183903
131.724036 44.029673 9.064765 -0.235966
135.605412 44.029673 8.585485 0.254659
139.486788 44.029673 8.821655 1.078392
-54.582013 40.148297 0.000000 0.000000
-50.700637 40.148297 0.000000 0.000000
-46.819261 40.148297 9.523633 0.686953
-42.937885 40.148297 8.909882 1.143077
-39.056509 40.148297 8.866206 1.660548
-35.175133 40.148297 0.000000 0.000000
-31.293757 40.148297 0.000000 0.000000
-27.412381 40.148297 0.000000 0.000000
-23.531005 40.148297 0.000000 0.000000
-19.649629 40.148297 0.000000 0.000000
-15.768253 40.148297 0.000000 0.000000
-11.886877 40.148297 0.000000 0.000000
-8.005501 40.148297 0.000000 0.000000
-4.124125 40.148297 0.000000 0.000000
-0.242749 40.148297 0.000000 0.000000
3.638627 40.148297 0.000000 0.000000
7.520003 40.148297 0.000000 0.000000
11.401379 40.148297 0.000000 0.000000
15.282755 40.148297 0.000000 0.000000
19.164131 40.148297 0.000000 0.000000
23.045507 40.148297 0.000000 0.000000
26.926883 40.148297 0.000000 0.000000
30.808259 40.148297 0.000000 0.000000
34.689635 40.148297 0.000000 0.000000
38.571011 40.148297 9.875545 -0.124943
42.452387 40.148297 10.854825 -0.381403
46.333763 40.148297 9.368895 -1.022685
50.215140 40.148297 10.395950 -0.801368
54.096516 40.148297 10.381042 -0.648421
57.977892 40.148297 8.796968 -1.252652
61.859268 40.148297 10.554890 -0.731880
65.740644 40.148297 0.000000 0.000000
69.622020 40.148297 8.531582 -1.570192
73.503396 40.148297 8.796593 -0.240317
77.384772 40.148297 9.479507 0.940212
81.266148 40.148297 10.269983 -1.378031
85.147524 40.148297 9.220758 -1.381984
89.028900 40.148297 8.784062 -0.983484
92.910276 40.148297 6.670763 1.052370
96.791652 40.148297 8.345621 2.506980
100.673028 40.148297 9.714079 0.208116
104.554404 40.148297 9.420871 -1.555526
108.435780 40.148297 8.937360 -1.402697
112.317156 40.148297 8.285276 -1.642645
116.198532 40.148297 6.796811 2.579407
120.079908 40.148297 9.286005 2.639573
123.961284 40.148297 9.566247 -1.689161
127.842660 40.148297 9.193783 -1.185375
131.724036 40.148297 8.536073 -1.772573
135.605412 40.148297 7.688355 -0.331165
139.486788 40.148297 8.381868 2.291019
-54.582013 36.266921 0.000000 0.000000
-50.700637 36.266921 0.000000 0.000000
-46.819261 36.266921 8.893392 0.657033
-42.937885 36.266921 7.519033 1.238556
-39.056509 36.266921 8.019519 1.498424
-35.175133 36.266921 0.000000 0.000000
-31.293757 36.266921 0.000000 0.000000
-27.412381 36.266921 0.000000 0.000000
-23.531005 36.266921 0.000000 0.000000
-19.649629 36.266921 0.000000 0.000000
-15.768253 36.266921 0.000000 0.000000
-11.886877 36.266921 0.000000 0.000000
-8.005501 36.266921 0.000000 0.000000
-4.124125 36.266921 0.000000 0.000000
-0.242749 36.266921 0.000000 0.000000
3.638627 36.266921 0.000000 0.000000
7.520003 36.266921 0.000000 0.000000
11.401379 36.266921 0.000000 0.000000
15.282755 36.266921 0.000000 0.000000
19.164131 36.266921 0.000000 0.000000
23.045507 36.266921 0.000000 0.000000
26.926883 36.266921 0.000000 0.000000
30.808259 36.266921 0.000000 0.000000
34.689635 36.266921 0.000000 0.000000
38.571011 36.266921 0.000000 0.000000
42.452387 36.266921 0.000000 0.000000
46.333763 36.266921 0.000000 0.000000
50.215140 36.266921 0.000000 0.000000
54.096516 36.266921 0.000000 0.000000
57.977892 36.266921 0.000000 0.000000
61.859268 36.266921 0.000000 0.000000
65.740644 36.266921 0.000000 0.000000
69.622020 36.266921 0.000000 0.000000
73.503396 36.266921 0.000000 0.000000
77.384772 36.266921 6.810655 2.899181
81.266148 36.266921 0.000000 0.000000
85.147524 36.266921 8.775052 -1.247257
89.028900 36.266921 9.354459 -2.068569
92.910276 36.266921 7.423412 -1.434174
96.791652 36.266921 7.695323 3.138737
100.673028 36.266921 7.216032 -0.313410
104.554404 36.266921 8.222785 -1.218562
108.435780 36.266921 9.146829 -1.139664
112.317156 36.266921 10.281137 -1.844171
116.198532 36.266921 11.523192 1.203799
120.079908 36.266921 8.997757 2.192117
123.961284 36.266921 8.305462 -0.471480
127.842660 36.266921 9.197019 -1.140515
131.724036 36.266921 0.000000 0.000000
135.605412 36.266921 10.710254 -0.805825
139.486788 36.266921 9.291820 2.235383
-54.582013 32.385545 0.000000 0.000000
-50.700637 32.385545 0.000000 0.000000
-46.819261 32.385545 0.000000 0.000000
-42.937885 32.385545 0.000000 0.000000
-39.056509 32.385545 0.000000 0.000000
-35.175133 32.385545 0.000000 0.000000
-31.293757 32.385545 0.000000 0.000000
-27.412381 32.385545 0.000000 0.000000
-23.531005 32.385545 0.000000 0.000000
-19.649629 32.385545 0.000000 0.000000
-15.768253 32.385545 0.000000 0.000000
-11.886877 32.385545 0.000000 0.000000
-8.005501 32.385545 0.000000 0.000000
-4.124125 32.385545 0.000000 0.000000
-0.242749 32.385545 0.000000 0.000000
3.638627 32.385545 0.000000 0.000000
7.520003 32.385545 0.000000 0.000000
11.401379 32.385545 0.000000 0.000000
15.282755 32.385545 0.000000 0.000000
19.164131 32.385545 0.000000 0.000000
23.045507 32.385545 0.000000 0.000000
26.926883 32.385545 0.000000 0.000000
30.808259 32.385545 0.000000 0.000000
34.689635 32.385545 0.000000 0.000000
38.571011 32.385545 0.000000 0.000000
42.452387 32.385545 0.000000 0.000000
46.333763 32.385545 0.000000 0.000000
50.215140 32.385545 0.000000 0.000000
54.096516 32.385545 0.000000 0.000000
57.977892 32.385545 0.000000 0.000000
61.859268 32.385545 0.000000 0.000000
65.740644 32.385545 0.000000 0.000000
69.622020 32.385545 0.000000 0.000000
73.503396 32.385545 0.000000 0.000000
77.384772 32.385545 8.641466 1.197530
81.266148 32.385545 7.910258 0.387543
85.147524 32.385545 9.025028 -0.198079
89.028900 32.385545 9.821400 -0.359987
92.910276 32.385545 10.272877 1.308302
96.791652 32.385545 8.840986 1.323190
100.673028 32.385545 8.803335 0.178690
104.554404 32.385545 8.949316 -0.663444
108.435780 32.385545 9.246311 -0.353975
112.317156 32.385545 10.157715 -0.172269
116.198532 32.385545 10.416877 0.135764
120.079908 32.385545 9.030670 0.731365
123.961284 32.385545 8.918944 -0.291812
127.842660 32.385545 9.057649 -0.369936
131.724036 32.385545 9.010275 -0.683732
135.605412 32.385545 10.402241 0.284321
139.486788 32.385545 9.801491 0.905453
-54.582013 28.504169 0.000000 0.000000
-50.700637 28.504169 0.000000 0.000000
-46.819261 28.504169 0.000000 0.000000
-42.937885 28.504169 0.000000 0.000000
-39.056509 28.504169 0.000000 0.000000
-35.175133 28.504169 0.000000 0.000000
-31.293757 28.504169 0.000000 0.000000
-27.412381 28.504169 0.000000 0.000000
-23.531005 28.504169 0.000000 0.000000
-19.649629 28.504169 0.000000 0.000000
-15.768253 28.504169 0.000000 0.000000
-11.886877 28.504169 0.000000 0.000000
-8.005501 28.504169 0.000000 0.000000
-4.124125 28.504169 0.000000 0.000000
-0.242749 28.504169 0.000000 0.000000
3.638627 28.504169 0.000000 0.000000
7.520003 28.504169 0.000000 0.000000
11.401379 28.504169 0.000000 0.000000
15.282755 28.504169 0.000000 0.000000
19.164131 28.504169 0.000000 0.000000
23.045507 28.504169 0.000000 0.000000
26.926883 28.504169 0.000000 0.000000
30.808259 28.504169 0.000000 0.000000
34.689635 28.504169 0.000000 0.000000
38.571011 28.504169 0.000000 0.000000
42.452387 28.504169 0.000000 0.000000
46.333763 28.504169 0.000000 0.000000
50.215140 28.504169 0.000000 0.000000
54.096516 28.504169 0.000000 0.000000
57.977892 28.504169 0.000000 0.000000
61.859268 28.504169 0.000000 0.000000
65.740644 28.504169 0.000000 0.000000
69.622020 28.504169 0.000000 0.000000
73.503396 28.504169 0.000000 0.000000
77.384772 28.504169 0.000000 0.000000
81.266148 28.504169 9.225959 0.691441
85.147524 28.504169 9.800741 0.686647
89.028900 28.504169 9.691885 -0.273140
92.910276 28.504169 9.998754 0.181520
96.791652 28.504169 9.829657 0.472411
100.673028 28.504169 9.109261 0.394914
104.554404 28.504169 9.797450 -0.199249
108.435780 28.504169 9.634224 -0.106675
112.317156 28.504169 9.951260 0.116151
116.198532 28.504169 9.543254 -0.361409
120.079908 28.504169 9.539031 0.362529
123.961284 28.504169 9.208864 0.125253
127.842660 28.504169 9.726756 -0.368926
131.724036 28.504169 9.854349 -0.589862
135.605412 28.504169 10.118043 -0.369404
139.486788 28.504169 10.061166 0.479874
-54.582013 24.622793 0.000000 0.000000
-50.700637 24.622793 0.000000 0.000000
-46.819261 24.622793 9.128870 -0.502448
-42.937885 24.622793 0.000000 0.000000
-39.056509 24.622793 0.000000 0.000000
-35.175133 24.622793 0.000000 0.000000
-31.293757 24.622793 0.000000 0.000000
-27.412381 24.622793 0.000000 0.000000
-23.531005 24.622793 0.000000 0.000000
-19.649629 24.622793 0.000000 0.000000
-15.768253 24.622793 0.000000 0.000000
-11.886877 24.622793 0.000000 0.000000
-8.005501 24.622793 0.000000 0.000000
-4.124125 24.622793 0.000000 0.000000
-0.242749 24.622793 0.000000 0.000000
3.638627 24.622793 0.000000 0.000000
7.520003 24.622793 0.000000 0.000000
11.401379 24.622793 0.000000 0.000000
15.282755 24.622793 0.000000 0.000000
19.164131 24.622793 0.000000 0.000000
23.045507 24.622793 0.000000 0.000000
26.926883 24.622793 0.000000 0.000000
30.808259 24.622793 0.000000 0.000000
34.689635 24.622793 0.000000 0.000000
38.571011 24.622793 0.000000 0.000000
42.452387 24.622793 0.000000 0.000000
46.333763 24.622793 0.000000 0.000000
50.215140 24.622793 0.000000 0.000000
54.096516 24.622793 0.000000 0.000000
57.977892 24.622793 0.000000 0.000000
61.859268 24.622793 0.000000 0.000000
65.740644 24.622793 0.000000 0.000000
69.622020 24.622793 9.721500 0.781611
73.503396 24.622793 9.845675 0.860599
77.384772 24.622793 9.286001 0.576027
81.266148 24.622793 9.613020 0.269274
85.147524 24.622793 9.570951 -0.033496
89.028900 24.622793 9.561586 0.136381
92.910276 24.622793 9.998581 0.176920
96.791652 24.622793 9.980129 0.076726
100.673028 24.622793 9.733469 -0.154025
104.554404 24.622793 9.618840 0.088356
108.435780 24.622793 10.147508 -0.045252
112.317156 24.622793 9.980681 0.162888
116.198532 24.622793 9.599262 0.061156
120.079908 24.622793 9.626885 -0.052997
123.961284 24.622793 0.000000 0.000000
127.842660 24.622793 9.942348 -0.096302
131.724036 24.622793 9.728357 -0.192767
135.605412 24.622793 9.812562 0.171967
139.486788 24.622793 9.936777 0.239923
-54.582013 20.741417 0.000000 0.000000
-50.700637 20.741417 9.637376 -0.301903
-46.819261 20.741417 9.939403 -0.607862
-42.937885 20.741417 8.929701 -0.629512
-39.056509 20.741417 10.085809 -0.935943
-35.175133 20.741417 9.218078 -0.973934
-31.293757 20.741417 0.000000 0.000000
-27.412381 20.741417 0.000000 0.000000
-23.531005 20.741417 0.000000 0.000000
-19.649629 20.741417 0.000000 0.000000
-15.768253 20.741417 0.000000 0.000000
-11.886877 20.741417 0.000000 0.000000
-8.005501 20.741417 0.000000 0.000000
-4.124125 20.741417 0.000000 0.000000
-0.242749 20.741417 0.000000 0.000000
3.638627 20.741417 0.000000 0.000000
7.520003 20.741417 0.000000 0.000000
11.401379 20.741417 10.760827 0.288179
15.282755 20.741417 10.791515 0.530015
19.164131 20.741417 10.752652 0.445758
23.045507 20.741417 10.648175 0.411928
26.926883 20.741417 10.333634 0.605083
30.808259 20.741417 10.353444 0.443096
34.689635 20.741417 10.298204 0.481563
38.571011 20.741417 10.507186 0.385764
42.452387 20.741417 10.442794 0.724004
46.333763 20.741417 10.397789 0.759514
50.215140 20.741417 10.231009 0.636873
54.096516 20.741417 10.009038 0.704248
57.977892 20.741417 10.065697 0.744606
61.859268 20.741417 10.112981 0.516535
65.740644 20.741417 9.913405 0.575901
69.622020 20.741417 9.650304 0.676661
73.503396 20.741417 9.557321 0.547798
77.384772 20.741417 9.763097 0.642008
81.266148 20.741417 9.583827 0.220919
85.147524 20.741417 9.770626 0.385074
89.028900 20.741417 9.641099 0.402654
92.910276 20.741417 9.872977 0.225205
96.791652 20.741417 10.435160 0.153248
100.673028 20.741417 9.364863 -0.045375
104.554404 20.741417 9.533658 0.427651
108.435780 20.741417 9.833763 0.152397
112.317156 20.741417 9.262151 -0.036075
116.198532 20.741417 9.862992 0.044322
120.079908 20.741417 9.513136 -0.067389
123.961284 20.741417 9.622933 -0.474481
127.842660 20.741417 10.065592 -0.149742
131.724036 20.741417 9.515505 0.022384
135.605412 20.741417 10.120091 0.215345
139.486788 20.741417 10.160272 -0.077264
-54.582013 16.860041 0.000000 0.000000
-50.700637 16.860041 9.724891 0.182415
-46.819261 16.860041 9.286875 -0.069505
-42.937885 16.860041 9.199347 -0.260140
-39.056509 16.860041 9.388430 -0.731010
-35.175133 16.860041 9.920694 -0.754380
-31.293757 16.860041 9.878431 -0.907335
-27.412381 16.860041 10.039847 -0.785721
-23.531005 16.860041 10.507238 -1.112593
-19.649629 16.860041 10.494042 -0.925286
-15.768253 16.860041 10.923486 -0.391441
-11.886877 16.860041 10.640334 -0.570944
-8.005501 16.860041 10.829876 -0.336636
-4.124125 16.860041 10.923961 -0.141457
-0.242749 16.860041 10.843436 -0.064110
3.638627 16.860041 10.829981 0.268072
7.520003 16.860041 10.670974 0.206669
11.401379 16.860041 10.696808 0.238591
15.282755 16.860041 10.800178 0.071288
19.164131 16.860041 10.537683 0.394814
23.045507 16.860041 10.537490 0.753289
26.926883 16.860041 10.726742 0.475541
30.808259 16.860041 10.429573 0.285547
34.689635 16.860041 10.318594 0.497449
38.571011 16.860041 10.411750 0.468012
42.452387 16.860041 10.200588 0.624993
46.333763 16.860041 10.032703 0.447117
50.215140 16.860041 10.056714 0.657258
54.096516 16.860041 10.312477 0.589193
57.977892 16.860041 10.261729 0.698167
61.859268 16.860041 10.026476 0.424810
65.740644 16.860041 9.914306 0.552586
69.622020 16.860041 9.944323 0.633132
73.503396 16.860041 9.920200 0.689562
77.384772 16.860041 9.732198 0.591632
81.266148 16.860041 9.958669 0.357249
85.147524 16.860041 9.750163 0.376349
89.028900 16.860041 9.829858 0.280309
92.910276 16.860041 9.943070 0.355486
96.791652 16.860041 9.714511 0.268063
100.673028 16.860041 9.623303 -0.155656
104.554404 16.860041 9.597821 0.216904
108.435780 16.860041 9.673627 0.216176
112.317156 16.860041 10.363651 -0.139477
116.198532 16.860041 9.916277 -0.231036
120.079908 16.860041 9.743722 0.070520
123.961284 16.860041 9.886735 0.202898
127.842660 16.860041 9.581449 0.156618
131.724036 16.860041 9.817935 0.257284
135.605412 16.860041 10.116091 -0.222899
139.486788 16.860041 9.759059 0.097140
-54.582013 12.978665 0.000000 0.000000
-50.700637 12.978665 9.839124 -0.169905
-46.819261 12.978665 9.976482 -0.629404
-42.937885 12.978665 10.017968 -0.665773
-39.056509 12.978665 9.962343 -0.209615
-35.175133 12.978665 9.711904 -0.439982
-31.293757 12.978665 10.373094 -0.886359
-27.412381 12.978665 10.328564 -0.793750
-23.531005 12.978665 10.632990 -1.020701
-19.649629 12.978665 10.422898 -0.671771
-15.768253 12.978665 10.470797 -0.459772
-11.886877 12.978665 10.687070 -0.500395
-8.005501 12.978665 10.709621 -0.045258
-4.124125 12.978665 10.672594 -0.056927
-0.242749 12.978665 10.766370 -0.133344
3.638627 12.978665 10.654922 0.216947
7.520003 12.978665 10.578598 0.006623
11.401379 12.978665 10.723854 0.325525
15.282755 12.978665 10.547515 0.264492
19.164131 12.978665 10.600592 0.188448
23.045507 12.978665 10.768693 0.363107
26.926883 12.978665 10.361930 0.240101
30.808259 12.978665 10.494332 0.386481
34.689635 12.978665 10.530821 0.658310
38.571011 12.978665 10.134244 0.324200
42.452387 12.978665 10.483178 0.693247
46.333763 12.978665 10.193947 0.460103
50.215140 12.978665 10.167345 0.689804
54.096516 12.978665 9.915663 0.486124
57.977892 12.978665 10.109940 0.595373
61.859268 12.978665 9.909543 0.648967
65.740644 12.978665 9.901464 0.653907
69.622020 12.978665 9.858541 0.276472
73.503396 12.978665 9.997428 0.644856
77.384772 12.978665 9.811368 0.295956
81.266148 12.978665 9.045985 0.227238
85.147524 12.978665 9.588050 0.426927
89.028900 12.978665 9.702545 0.504783
92.910276 12.978665 10.094739 0.293821
96.791652 12.978665 9.810313 0.243372
100.673028 12.978665 9.737685 0.349544
104.554404 12.978665 9.850615 0.197699
108.435780 12.978665 9.962984 0.084641
112.317156 12.978665 9.840666 0.069773
116.198532 12.978665 9.894423 0.027584
120.079908 12.978665 9.853147 0.231198
123.961284 12.978665 9.647225 0.267784
127.842660 12.978665 9.995860 0.181533
131.724036 12.978665 10.119157 0.228691
135.605412 12.978665 9.930657 0.250775
139.486788 12.978665 9.843646 0.084994
-54.582013 9.097289 10.092040 -0.735340
-50.700637 9.097289 9.973328 -0.249885
-46.819261 9.097289 9.897821 -0.527344
-42.937885 9.097289 9.813768 -0.011197
-39.056509 9.097289 9.504910 -0.211879
-35.175133 9.097289 10.097373 -0.715203
-31.293757 9.097289 10.403848 -0.456163
-27.412381 9.097289 9.943434 -0.669999
-23.531005 9.097289 10.081139 -0.632937
-19.649629 9.097289 10.289633 -0.441864
-15.768253 9.097289 10.483770 -0.372898
-11.886877 9.097289 10.613603 -0.534129
-8.005501 9.097289 10.666687 -0.356674
-4.124125 9.097289 10.511674 -0.196242
-0.242749 9.097289 10.462311 -0.179737
3.638627 9.097289 10.610741 -0.240227
7.520003 9.097289 10.468748 -0.022231
11.401379 9.097289 10.575711 0.342810
15.282755 9.097289 10.410627 0.329384
19.164131 9.097289 10.552805 0.100385
23.045507 9.097289 10.510604 0.107879
26.926883 9.097289 10.341640 0.383521
30.808259 9.097289 10.336642 0.244441
34.689635 9.097289 10.273956 0.322405
38.571011 9.097289 10.429440 0.332092
42.452387 9.097289 10.218387 0.737652
46.333763 9.097289 10.204237 0.588047
50.215140 9.097289 10.210648 0.521708
54.096516 9.097289 9.929818 0.541623
57.977892 9.097289 10.209099 0.462405
61.859268 9.097289 10.097506 0.545966
65.740644 9.097289 9.952919 0.613424
69.622020 9.097289 9.793215 0.415782
73.503396 9.097289 9.857709 0.490964
77.384772 9.097289 9.836730 0.489846
81.266148 9.097289 9.883737 0.356487
85.147524 9.097289 9.921662 0.256162
89.028900 9.097289 9.853344 -0.084473
92.910276 9.097289 9.792845 0.253891
96.791652 9.097289 9.793477 0.156613
100.673028 9.097289 9.767005 0.427562
104.554404 9.097289 9.731100 0.202462
108.435780 9.097289 9.891655 0.362891
112.317156 9.097289 10.021506 0.127698
116.198532 9.097289 9.425964 0.592306
120.079908 9.097289 10.000994 0.315292
123.961284 9.097289 9.845126 0.219060
127.842660 9.097289 9.889585 0.053000
131.724036 9.097289 9.870991 0.125596
135.605412 9.097289 9.762735 0.125599
139.486788 9.097289 10.019775 0.085113
-54.582013 5.215913 9.420100 -0.968717
-50.700637 5.215913 9.775346 0.112091
-46.819261 5.215913 0.000000 0.000000
-42.937885 5.215913 9.873906 -0.193115
-39.056509 5.215913 10.447326 -0.560408
-35.175133 5.215913 9.740776 -0.708929
-31.293757 5.215913 10.265119 0.061873
-27.412381 5.215913 10.023643 -0.511598
-23.531005 5.215913 10.291715 -0.218732
-19.649629 5.215913 10.334908 -0.569747
-15.768253 5.215913 10.452372 -0.284387
-11.886877 5.215913 10.414970 -0.213982
-8.005501 5.215913 10.575329 -0.277793
-4.124125 5.215913 10.502538 0.004770
-0.242749 5.215913 10.546351 -0.331511
3.638627 5.215913 10.508327 -0.250914
7.520003 5.215913 10.524679 0.234980
11.401379 5.215913 10.573355 0.145100
15.282755 5.215913 10.432624 0.093301
19.164131 5.215913 10.296474 0.218878
23.045507 5.215913 10.518568 0.297080
26.926883 5.215913 10.492241 0.539740
30.808259 5.215913 10.371125 0.497192
34.689635 5.215913 10.180652 0.545633
38.571011 5.215913 10.523840 0.664953
42.452387 5.215913 10.053682 0.840279
46.333763 5.215913 9.700136 -0.154460
50.215140 5.215913 10.057201 0.324282
54.096516 5.215913 10.058858 0.539194
57.977892 5.215913 10.229698 0.559128
61.859268 5.215913 9.932564 0.701003
65.740644 5.215913 10.007033 0.590929
69.622020 5.215913 9.757982 0.231490
73.503396 5.215913 10.054232 0.343961
77.384772 5.215913 9.885199 0.365817
81.266148 5.215913 10.020682 0.254120
85.147524 5.215913 9.837566 0.294375
89.028900 5.215913 9.973781 0.387526
92.910276 5.215913 9.866756 0.362123
96.791652 5.215913 9.936059 0.401107
100.673028 5.215913 9.669934 0.153711
104.554404 5.215913 9.688590 0.257757
108.435780 5.215913 9.874042 0.263609
112.317156 5.215913 9.703865 0.322527
116.198532 5.215913 9.684290 0.262157
120.079908 5.215913 9.805708 0.193731
123.961284 5.215913 9.941950 0.096148
127.842660 5.215913 9.986924 0.214490
131.724036 5.215913 9.850389 0.319734
135.605412 5.215913 9.606545 0.257043
139.486788 5.215913 9.590422 0.110080
-54.582013 1.334537 0.000000 0.000000
-50.700637 1.334537 0.000000 0.000000
-46.819261 1.334537 9.369370 -0.293480
-42.937885 1.334537 10.109070 -0.390963
-39.056509 1.334537 10.160136 -0.526908
-35.175133 1.334537 10.002668 -0.445129
-31.293757 1.334537 10.137356 -0.316086
-27.412381 1.334537 10.076530 -0.567703
-23.531005 1.334537 10.316774 -0.465242
-19.649629 1.334537 10.198833 -0.176944
-15.768253 1.334537 10.332524 -0.450444
-11.886877 1.334537 10.441702 -0.105586
-8.005501 1.334537 10.519667 -0.332831
-4.124125 1.334537 10.525172 -0.393051
-0.242749 1.334537 10.417077 0.039476
3.638627 1.334537 10.615213 0.107586
7.520003 1.334537 10.549514 0.075574
11.401379 1.334537 10.438380 0.125127
15.282755 1.334537 10.363892 0.132291
19.164131 1.334537 10.428191 0.335823
23.045507 1.334537 10.404943 0.413194
26.926883 1.334537 10.326118 0.268429
30.808259 1.334537 10.477329 0.201563
34.689635 1.334537 10.350748 0.296392
38.571011 1.334537 10.378078 0.424622
42.452387 1.334537 10.116655 0.032372
46.333763 1.334537 10.392941 0.675064
50.215140 1.334537 10.324535 0.378379
54.096516 1.334537 9.978457 0.620608
57.977892 1.334537 10.150154 0.493351
61.859268 1.334537 10.226435 0.350022
65.740644 1.334537 10.084637 0.403596
69.622020 1.334537 10.026994 0.443493
73.503396 1.334537 9.917902 0.276834
77.384772 1.334537 9.947944 0.269776
81.266148 1.334537 9.839618 0.222915
85.147524 1.334537 9.930562 0.363130
89.028900 1.334537 9.940072 0.325639
92.910276 1.334537 9.827090 0.388279
96.791652 1.334537 9.752477 0.182953
100.673028 1.334537 9.953826 0.214316
104.554404 1.334537 9.982723 0.235085
108.435780 1.334537 9.754676 -0.019267
112.317156 1.334537 9.821492 0.217267
116.198532 1.334537 9.718807 0.131657
120.079908 1.334537 9.901125 0.255211
123.961284 1.334537 9.927116 0.262258
127.842660 1.334537 9.901452 0.268853
131.724036 1.334537 9.979765 0.072714
135.605412 1.334537 9.946139 -0.090394
139.486788 1.334537 9.862095 0.313364
-54.582013 -2.546839 0.000000 0.000000
-50.700637 -2.546839 0.000000 0.000000
-46.819261 -2.546839 10.379229 -0.496956
-42.937885 -2.546839 10.091019 -0.747641
-39.056509 -2.546839 9.977106 -0.553594
-35.175133 -2.546839 9.847110 0.256432
-31.293757 -2.546839 9.951544 -0.313512
-27.412381 -2.546839 10.235868 -0.184718
-23.531005 -2.546839 10.190714 -0.455452
-19.649629 -2.546839 10.396747 -0.518966
-15.768253 -2.546839 10.294263 -0.332213
-11.886877 -2.546839 10.397490 -0.018704
-8.005501 -2.546839 10.447769 -0.029819
-4.124125 -2.546839 10.247669 -0.200162
-0.242749 -2.546839 10.387159 0.111923
3.638627 -2.546839 10.335245 0.208182
7.520003 -2.546839 10.373668 -0.096643
11.401379 -2.546839 10.500193 0.265606
15.282755 -2.546839 10.398456 0.275259
19.164131 -2.546839 10.340625 0.264432
23.045507 -2.546839 10.326429 0.270480
26.926883 -2.546839 10.341599 0.293357
30.808259 -2.546839 10.297847 0.163224
34.689635 -2.546839 10.102453 0.183763
38.571011 -2.546839 10.200184 0.520780
42.452387 -2.546839 10.221021 0.343994
46.333763 -2.546839 10.214244 0.434896
50.215140 -2.546839 10.222634 0.412842
54.096516 -2.546839 10.050354 0.252925
57.977892 -2.546839 10.066079 0.412472
61.859268 -2.546839 10.086379 0.357232
65.740644 -2.546839 10.112328 0.367262
69.622020 -2.546839 9.942774 0.509399
73.503396 -2.546839 10.031137 0.403260
77.384772 -2.546839 9.996469 0.347204
81.266148 -2.546839 9.980702 0.339855
85.147524 -2.546839 9.914528 0.400161
89.028900 -2.546839 9.938751 0.325462
92.910276 -2.546839 10.010204 0.286944
96.791652 -2.546839 9.923446 0.273956
100.673028 -2.546839 9.913161 0.052692
104.554404 -2.546839 9.873953 0.210061
108.435780 -2.546839 9.754161 0.270208
112.317156 -2.546839 9.868709 0.311974
116.198532 -2.546839 9.968861 0.187654
120.079908 -2.546839 9.789961 0.091190
123.961284 -2.546839 9.908599 0.151488
127.842660 -2.546839 9.935883 0.326555
131.724036 -2.546839 9.904928 0.152395
135.605412 -2.546839 9.923886 0.215178
139.486788 -2.546839 9.962988 0.134048
-54.582013 -6.428215 0.000000 0.000000
-50.700637 -6.428215 0.000000 0.000000
-46.819261 -6.428215 10.126393 -0.026033
-42.937885 -6.428215 10.139722 -0.194642
-39.056509 -6.428215 10.079969 0.059709
-35.175133 -6.428215 9.979465 -0.360685
-31.293757 -6.428215 10.246016 -0.613402
-27.412381 -6.428215 10.018458 -0.201905
-23.531005 -6.428215 10.358611 -0.170396
-19.649629 -6.428215 10.351235 -0.189162
-15.768253 -6.428215 10.390885 0.026024
-11.886877 -6.428215 10.301477 -0.345765
-8.005501 -6.428215 10.389825 -0.151507
-4.124125 -6.428215 10.397354 0.032060
-0.242749 -6.428215 10.275496 0.161378
3.638627 -6.428215 10.334353 0.177731
7.520003 -6.428215 10.387669 0.175621
11.401379 -6.428215 10.438288 0.205721
15.282755 -6.428215 10.328934 0.122864
19.164131 -6.428215 10.404387 0.272550
23.045507 -6.428215 10.371548 0.357465
26.926883 -6.428215 10.175211 0.272220
30.808259 -6.428215 10.286563 0.206691
34.689635 -6.428215 10.247944 0.414586
38.571011 -6.428215 10.314445 0.533516
42.452387 -6.428215 10.209148 0.344860
46.333763 -6.428215 10.091331 0.485353
50.215140 -6.428215 10.211595 0.318882
54.096516 -6.428215 10.166185 0.358505
57.977892 -6.428215 9.895962 0.410453
61.859268 -6.428215 10.109282 0.392895
65.740644 -6.428215 10.013369 0.473955
69.622020 -6.428215 10.074624 0.352325
73.503396 -6.428215 9.947558 0.395560
77.384772 -6.428215 10.068698 0.351839
81.266148 -6.428215 10.021457 0.327820
85.147524 -6.428215 9.985277 0.461001
89.028900 -6.428215 9.937943 0.324091
92.910276 -6.428215 9.884878 0.309022
96.791652 -6.428215 9.865495 0.337450
100.673028 -6.428215 9.851712 0.182151
104.554404 -6.428215 9.820363 0.198725
108.435780 -6.428215 9.803669 0.282829
112.317156 -6.428215 9.945214 0.271629
116.198532 -6.428215 9.820773 0.245072
120.079908 -6.428215 9.887337 0.355033
123.961284 -6.428215 9.849411 0.088387
127.842660 -6.428215 9.857718 0.189932
131.724036 -6.428215 9.882846 0.211023
135.605412 -6.428215 9.804449 0.173428
139.486788 -6.428215 9.840972 0.022845
-54.582013 -10.309591 0.000000 0.000000
-50.700637 -10.309591 10.289528 0.098482
-46.819261 -10.309591 10.464945 -0.586466
-42.937885 -10.309591 9.944285 0.126708
-39.056509 -10.309591 9.870390 0.044726
-35.175133 -10.309591 10.128139 -0.288169
-31.293757 -10.309591 10.383976 0.060601
-27.412381 -10.309591 10.240253 -0.386083
-23.531005 -10.309591 10.373843 -0.015065
-19.649629 -10.309591 10.204179 -0.191869
-15.768253 -10.309591 10.194157 -0.395985
-11.886877 -10.309591 10.181966 0.063081
-8.005501 -10.309591 10.453538 0.069748
-4.124125 -10.309591 10.325442 0.055989
-0.242749 -10.309591 10.258434 -0.040125
3.638627 -10.309591 10.239236 0.346313
7.520003 -10.309591 10.477876 0.190743
11.401379 -10.309591 10.320229 0.204768
15.282755 -10.309591 10.226413 0.315155
19.164131 -10.309591 10.391074 0.512502
23.045507 -10.309591 10.310762 0.280517
26.926883 -10.309591 10.284126 0.143403
30.808259 -10.309591 10.148924 0.392702
34.689635 -10.309591 10.180942 0.402286
38.571011 -10.309591 10.249998 0.271254
42.452387 -10.309591 10.283629 0.300956
46.333763 -10.309591 10.168749 0.493564
50.215140 -10.309591 10.357294 0.552797
54.096516 -10.309591 10.071496 0.404328
57.977892 -10.309591 10.137492 0.436234
61.859268 -10.309591 10.028333 0.462124
65.740644 -10.309591 9.957790 0.419676
69.622020 -10.309591 10.025417 0.445390
73.503396 -10.309591 9.909343 0.388638
77.384772 -10.309591 10.031287 0.340978
81.266148 -10.309591 10.039875 0.393913
85.147524 -10.309591 9.945600 0.342373
89.028900 -10.309591 9.916585 0.220669
92.910276 -10.309591 9.843264 0.272275
96.791652 -10.309591 10.034672 0.097546
100.673028 -10.309591 9.962818 0.217671
104.554404 -10.309591 9.893318 0.293155
108.435780 -10.309591 9.794082 0.156149
112.317156 -10.309591 9.900653 0.176131
116.198532 -10.309591 9.923726 0.027191
120.079908 -10.309591 9.862348 0.151629
123.961284 -10.309591 9.989460 0.257072
127.842660 -10.309591 9.840922 0.152969
131.724036 -10.309591 9.745921 0.225139
135.605412 -10.309591 9.986002 0.001999
139.486788 -10.309591 9.849297 0.100791
-54.582013 -14.190967 0.000000 0.000000
-50.700637 -14.190967 0.000000 0.000000
-46.819261 -14.190967 9.346830 0.451975
-42.937885 -14.190967 10.333715 -0.397667
-39.056509 -14.190967 9.934013 0.067359
-35.175133 -14.190967 9.982001 0.384439
-31.293757 -14.190967 9.986967 0.845320
-27.412381 -14.190967 9.939995 -0.350347
-23.531005 -14.190967 10.204277 -0.277906
-19.649629 -14.190967 10.169289 -0.468139
-15.768253 -14.190967 10.281652 -0.129103
-11.886877 -14.190967 10.281137 0.186116
-8.005501 -14.190967 10.475945 -0.194945
-4.124125 -14.190967 10.248684 0.011999
-0.242749 -14.190967 10.274496 -0.090634
3.638627 -14.190967 10.378612 0.165995
7.520003 -14.190967 10.350422 -0.068152
11.401379 -14.190967 10.332833 0.116314
15.282755 -14.190967 10.362119 0.193427
19.164131 -14.190967 10.091379 0.137333
23.045507 -14.190967 10.333884 0.302435
26.926883 -14.190967 10.265406 0.343453
30.808259 -14.190967 10.090627 0.407698
34.689635 -14.190967 10.291949 0.423901
38.571011 -14.190967 10.289274 0.163753
42.452387 -14.190967 10.084053 0.306784
46.333763 -14.190967 10.171176 0.361677
50.215140 -14.190967 10.199401 0.454781
54.096516 -14.190967 10.155833 0.444015
57.977892 -14.190967 10.026772 0.318568
61.859268 -14.190967 10.149790 0.295296
65.740644 -14.190967 9.976196 0.359569
69.622020 -14.190967 10.098332 0.085108
73.503396 -14.190967 9.940932 0.334659
77.384772 -14.190967 10.051519 0.376784
81.266148 -14.190967 9.968386 0.300475
85.147524 -14.190967 9.914478 0.380086
89.028900 -14.190967 9.831962 0.298976
92.910276 -14.190967 9.894216 0.297449
96.791652 -14.190967 9.846453 0.356393
100.673028 -14.190967 10.179332 0.226309
104.554404 -14.190967 9.937364 0.258152
108.435780 -14.190967 9.883219 0.141287
112.317156 -14.190967 9.888441 0.285951
116.198532 -14.190967 9.949625 0.324166
120.079908 -14.190967 9.840518 0.216778
123.961284 -14.190967 9.992146 0.316441
127.842660 -14.190967 9.727972 -0.095493
131.724036 -14.190967 10.029468 0.268867
135.605412 -14.190967 9.873321 0.286545
139.486788 -14.190967 9.789076 0.318392
-54.582013 -18.072343 0.000000 0.000000
-50.700637 -18.072343 0.000000 0.000000
-46.819261 -18.072343 10.119780 -0.304294
-42.937885 -18.072343 10.119314 -0.674697
-39.056509 -18.072343 9.651038 0.455615
-35.175133 -18.072343 10.192232 -0.523551
-31.293757 -18.072343 9.956565 -0.242804
-27.412381 -18.072343 10.389291 -0.322382
-23.531005 -18.072343 10.170778 -0.063124
-19.649629 -18.072343 10.049509 0.103786
-15.768253 -18.072343 10.222110 -0.233820
-11.886877 -18.072343 10.292707 0.144381
-8.005501 -18.072343 10.311928 -0.090292
-4.124125 -18.072343 10.238539 0.072491
-0.242749 -18.072343 10.375138 0.188894
3.638627 -18.072343 10.347831 0.256306
7.520003 -18.072343 10.379390 0.074523
11.401379 -18.072343 10.244103 -0.004234
15.282755 -18.072343 10.225021 0.145063
19.164131 -18.072343 10.344703 0.223493
23.045507 -18.072343 10.129539 0.017308
26.926883 -18.072343 10.236573 0.254022
30.808259 -18.072343 10.295379 0.253628
34.689635 -18.072343 10.216135 0.213341
38.571011 -18.072343 10.173015 0.280420
42.452387 -18.072343 10.118984 0.135757
46.333763 -18.072343 10.017626 0.215789
50.215140 -18.072343 10.124909 0.273975
54.096516 -18.072343 10.126689 0.451915
57.977892 -18.072343 10.078372 0.424718
61.859268 -18.072343 9.979191 0.251148
65.740644 -18.072343 10.131079 0.244834
69.622020 -18.072343 9.998378 0.388498
73.503396 -18.072343 9.952105 0.226081
77.384772 -18.072343 10.051461 0.425164
81.266148 -18.072343 9.984469 0.410393
85.147524 -18.072343 10.027416 0.029804
89.028900 -18.072343 10.000037 0.387625
92.910276 -18.072343 9.810708 0.367907
96.791652 -18.072343 9.995145 0.205226
100.673028 -18.072343 10.052066 0.204388
104.554404 -18.072343 9.931410 0.205974
108.435780 -18.072343 10.044647 0.310589
112.317156 -18.072343 10.036334 0.180054
116.198532 -18.072343 9.850469 0.125409
120.079908 -18.072343 9.908236 0.217882
123.961284 -18.072343 9.983513 0.104791
127.842660 -18.072343 10.135718 0.294037
131.724036 -18.072343 9.926904 0.149062
135.605412 -18.072343 9.933326 0.030023
139.486788 -18.072343 9.807013 -0.031065
-54.582013 -21.953719 0.000000 0.000000
-50.700637 -21.953719 0.000000 0.000000
-46.819261 -21.953719 9.973408 -0.296127
-42.937885 -21.953719 10.202390 0.207411
-39.056509 -21.953719 10.163939 -0.526881
-35.175133 -21.953719 10.055737 -0.438624
-31.293757 -21.953719 10.081635 -0.019438
-27.412381 -21.953719 9.818065 0.014233
-23.531005 -21.953719 10.025723 -0.126145
-19.649629 -21.953719 10.211554 -0.234021
-15.768253 -21.953719 10.452356 0.018506
-11.886877 -21.953719 10.265298 0.043310
-8.005501 -21.953719 10.171143 -0.027811
-4.124125 -21.953719 10.241111 0.153102
-0.242749 -21.953719 10.247555 0.058585
3.638627 -21.953719 10.222116 -0.049198
7.520003 -21.953719 10.391407 0.187097
11.401379 -21.953719 10.306456 0.113481
15.282755 -21.953719 10.255430 0.195221
19.164131 -21.953719 10.396781 0.588084
23.045507 -21.953719 10.260054 0.027279
26.926883 -21.953719 10.252373 0.345339
30.808259 -21.953719 10.191026 0.332862
34.689635 -21.953719 10.192513 0.244777
38.571011 -21.953719 10.241385 0.389920
42.452387 -21.953719 10.049327 0.342435
46.333763 -21.953719 10.170880 0.331790
50.215140 -21.953719 10.193809 0.337359
54.096516 -21.953719 10.226808 0.287234
57.977892 -21.953719 9.950470 0.367598
61.859268 -21.953719 10.195726 0.294959
65.740644 -21.953719 9.919858 0.228092
69.622020 -21.953719 10.127942 0.427150
73.503396 -21.953719 10.064935 0.206271
77.384772 -21.953719 9.937237 0.286521
81.266148 -21.953719 10.095146 0.123418
85.147524 -21.953719 10.017259 0.291489
89.028900 -21.953719 9.985869 0.234956
92.910276 -21.953719 10.000219 0.213295
96.791652 -21.953719 10.001265 0.139392
100.673028 -21.953719 9.958598 0.345251
104.554404 -21.953719 10.046359 0.149790
108.435780 -21.953719 9.916252 0.442066
112.317156 -21.953719 10.051455 0.316615
116.198532 -21.953719 9.800770 0.175243
120.079908 -21.953719 9.918427 0.226118
123.961284 -21.953719 9.945205 0.317032
127.842660 -21.953719 9.979145 0.036678
131.724036 -21.953719 9.908568 0.170035
135.605412 -21.953719 10.116328 0.306171
139.486788 -21.953719 10.094498 0.091117
-54.582013 -25.835095 0.000000 0.000000
-50.700637 -25.835095 0.000000 0.000000
-46.819261 -25.835095 9.672648 -0.623730
-42.937885 -25.835095 10.282652 -0.159538
-39.056509 -25.835095 9.604417 -0.202479
-35.175133 -25.835095 9.814401 -0.030510
-31.293757 -25.835095 10.009195 -0.154048
-27.412381 -25.835095 10.217421 0.241034
-23.531005 -25.835095 10.025199 0.186101
-19.649629 -25.835095 10.203734 0.152193
-15.768253 -25.835095 10.295922 -0.195518
-11.886877 -25.835095 10.169430 0.111994
-8.005501 -25.835095 10.398878 0.027035
-4.124125 -25.835095 10.097608 0.138442
-0.242749 -25.835095 10.241820 0.106636
3.638627 -25.835095 10.162024 0.077361
7.520003 -25.835095 10.260446 0.259767
11.401379 -25.835095 10.351350 0.333018
15.282755 -25.835095 10.300771 0.261027
19.164131 -25.835095 10.222757 0.209521
23.045507 -25.835095 10.339033 0.222475
26.926883 -25.835095 10.247370 0.318811
30.808259 -25.835095 10.239328 0.318315
34.689635 -25.835095 10.296150 0.345805
38.571011 -25.835095 10.180239 0.267207
42.452387 -25.835095 10.150454 0.127278
46.333763 -25.835095 10.191803 0.285471
50.215140 -25.835095 10.196298 0.386037
54.096516 -25.835095 10.102818 0.333459
57.977892 -25.835095 10.225108 0.306259
61.859268 -25.835095 10.160312 0.395033
65.740644 -25.835095 10.070577 0.270202
69.622020 -25.835095 10.186920 0.334872
73.503396 -25.835095 10.121356 0.357036
77.384772 -25.835095 9.984056 0.279581
81.266148 -25.835095 9.909364 0.346333
85.147524 -25.835095 10.043758 0.369366
89.028900 -25.835095 10.041137 0.220404
92.910276 -25.835095 9.938446 0.297227
96.791652 -25.835095 10.100877 0.142372
100.673028 -25.835095 10.039240 0.394940
104.554404 -25.835095 9.821859 0.260250
108.435780 -25.835095 9.843664 0.110456
112.317156 -25.835095 9.776746 0.327378
116.198532 -25.835095 9.765608 0.346661
120.079908 -25.835095 9.882435 0.157036
123.961284 -25.835095 10.015294 0.203609
127.842660 -25.835095 9.779084 0.236219
131.724036 -25.835095 9.928890 0.212302
135.605412 -25.835095 9.737000 0.179878
139.486788 -25.835095 9.947762 0.232525
-54.582013 -29.716471 0.000000 0.000000
-50.700637 -29.716471 0.000000 0.000000
-46.819261 -29.716471 0.000000 0.000000
-42.937885 -29.716471 0.000000 0.000000
-39.056509 -29.716471 9.507753 -0.383242
-35.175133 -29.716471 10.060450 0.335481
-31.293757 -29.716471 10.022203 0.258217
-27.412381 -29.716471 10.001789 0.021796
-23.531005 -29.716471 10.137476 0.313179
-19.649629 -29.716471 10.202291 -0.216630
-15.768253 -29.716471 10.170118 0.591944
-11.886877 -29.716471 10.273907 0.207180
-8.005501 -29.716471 10.232477 -0.062668
-4.124125 -29.716471 10.218692 0.142746
-0.242749 -29.716471 10.221684 0.060137
3.638627 -29.716471 10.266988 0.083382
7.520003 -29.716471 10.472931 0.244592
11.401379 -29.716471 10.272167 0.166421
15.282755 -29.716471 10.137828 0.115816
19.164131 -29.716471 10.380232 0.071693
23.045507 -29.716471 10.182987 0.250877
26.926883 -29.716471 10.165599 0.362458
30.808259 -29.716471 10.190131 0.062718
34.689635 -29.716471 10.194789 0.196917
38.571011 -29.716471 10.114477 0.202678
42.452387 -29.716471 10.149037 0.340399
46.333763 -29.716471 10.157431 0.296661
50.215140 -29.716471 10.112682 0.345167
54.096516 -29.716471 10.053445 0.267121
57.977892 -29.716471 10.168724 0.355986
61.859268 -29.716471 9.979225 0.262506
65.740644 -29.716471 10.255198 0.368321
69.622020 -29.716471 10.110538 0.382571
73.503396 -29.716471 10.105094 0.394947
77.384772 -29.716471 10.105677 0.159491
81.266148 -29.716471 10.032398 0.247274
85.147524 -29.716471 10.060163 0.348683
89.028900 -29.716471 9.967751 0.123847
92.910276 -29.716471 9.932771 0.086820
96.791652 -29.716471 10.041708 0.231993
100.673028 -29.716471 9.971557 0.099020
104.554404 -29.716471 10.161573 0.143013
108.435780 -29.716471 9.998794 0.273614
112.317156 -29.716471 9.930757 0.243087
116.198532 -29.716471 9.961667 0.279798
120.079908 -29.716471 10.002878 0.202388
123.961284 -29.716471 9.735224 0.324282
127.842660 -29.716471 9.910749 0.114237
131.724036 -29.716471 9.934056 0.390130
135.605412 -29.716471 9.782043 0.448857
139.486788 -29.716471 10.104727 0.387483
-54.582013 -33.597847 0.000000 0.000000
-50.700637 -33.597847 0.000000 0.000000
-46.819261 -33.597847 0.000000 0.000000
-42.937885 -33.597847 10.051908 -0.176792
-39.056509 -33.597847 10.298661 -0.478250
-35.175133 -33.597847 10.183524 0.299242
-31.293757 -33.597847 10.007209 0.132814
-27.412381 -33.597847 10.142980 -0.211356
-23.531005 -33.597847 9.784899 -0.203697
-19.649629 -33.597847 10.259823 -0.085944
-15.768253 -33.597847 10.243838 0.200947
-11.886877 -33.597847 10.212572 0.151314
-8.005501 -33.597847 10.167333 0.074337
-4.124125 -33.597847 10.253832 0.155401
-0.242749 -33.597847 10.161219 0.110606
3.638627 -33.597847 10.197670 0.171909
7.520003 -33.597847 10.290718 0.194291
11.401379 -33.597847 10.317980 0.306788
15.282755 -33.597847 10.047078 0.127878
19.164131 -33.597847 10.246510 -0.096545
23.045507 -33.597847 10.168967 0.250760
26.926883 -33.597847 10.087018 0.171088
30.808259 -33.597847 10.106864 0.366738
34.689635 -33.597847 10.256865 0.321137
38.571011 -33.597847 10.170479 0.363900
42.452387 -33.597847 10.194296 0.205420
46.333763 -33.597847 10.159122 0.244032
50.215140 -33.597847 10.133383 0.550792
54.096516 -33.597847 10.169362 0.237056
57.977892 -33.597847 10.209317 0.301497
61.859268 -33.597847 10.159442 0.207789
65.740644 -33.597847 9.972578 0.260637
69.622020 -33.597847 10.161935 0.339375
73.503396 -33.597847 10.040807 0.283104
77.384772 -33.597847 10.006012 0.207848
81.266148 -33.597847 9.902122 0.382861
85.147524 -33.597847 10.088120 0.298949
89.028900 -33.597847 10.124194 0.379301
92.910276 -33.597847 10.017749 0.212435
96.791652 -33.597847 9.990743 0.285739
100.673028 -33.597847 10.060888 0.111234
104.554404 -33.597847 9.863671 0.389994
108.435780 -33.597847 10.200409 0.347318
112.317156 -33.597847 10.058164 0.239746
116.198532 -33.597847 10.088955 0.003046
120.079908 -33.597847 9.968681 0.163127
123.961284 -33.597847 9.886779 0.126620
127.842660 -33.597847 9.751418 0.318774
131.724036 -33.597847 9.851567 0.015109
135.605412 -33.597847 10.022848 0.305868
139.486788 -33.597847 9.885807 0.145416
-54.582013 -37.479223 0.000000 0.000000
-50.700637 -37.479223 0.000000 0.000000
-46.819261 -37.479223 0.000000 0.000000
-42.937885 -37.479223 0.000000 0.000000
-39.056509 -37.479223 0.000000 0.000000
-35.175133 -37.479223 10.021299 -0.333274
-31.293757 -37.479223 9.974703 -0.030755
-27.412381 -37.479223 9.927277 -0.015840
-23.531005 -37.479223 10.338154 0.279951
-19.649629 -37.479223 10.231203 -0.183354
-15.768253 -37.479223 10.210116 -0.002664
-11.886877 -37.479223 10.255458 0.180012
-8.005501 -37.479223 10.202655 0.248534
-4.124125 -37.479223 10.227320 -0.047362
-0.242749 -37.479223 10.030782 0.014567
3.638627 -37.479223 10.353244 0.062762
7.520003 -37.479223 10.220348 0.056216
11.401379 -37.479223 10.167268 0.267244
15.282755 -37.479223 10.296221 0.265372
19.164131 -37.479223 10.218634 0.292871
23.045507 -37.479223 10.194817 0.329603
26.926883 -37.479223 10.068877 0.051187
30.808259 -37.479223 10.244081 0.193854
34.689635 -37.479223 10.174600 0.207077
38.571011 -37.479223 10.035877 0.150123
42.452387 -37.479223 9.981637 0.353080
46.333763 -37.479223 10.120989 0.226872
50.215140 -37.479223 10.081604 0.325066
54.096516 -37.479223 10.130659 0.452878
57.977892 -37.479223 9.974015 0.301926
61.859268 -37.479223 10.125826 0.356315
65.740644 -37.479223 10.091271 0.318480
69.622020 -37.479223 10.070419 0.297899
73.503396 -37.479223 9.999720 0.385972
77.384772 -37.479223 10.040329 0.325935
81.266148 -37.479223 9.895905 0.379423
85.147524 -37.479223 9.983448 0.335836
89.028900 -37.479223 9.877422 0.132433
92.910276 -37.479223 9.929720 0.213969
96.791652 -37.479223 9.905580 0.294451
100.673028 -37.479223 10.010040 0.289501
104.554404 -37.479223 9.998239 0.262748
108.435780 -37.479223 9.808512 0.252834
112.317156 -37.479223 10.058007 0.301775
116.198532 -37.479223 10.011907 0.155086
120.079908 -37.479223 10.009557 0.252396
123.961284 -37.479223 9.643647 0.256947
127.842660 -37.479223 10.071098 0.044744
131.724036 -37.479223 9.828359 0.159067
135.605412 -37.479223 9.671678 -0.106070
139.486788 -37.479223 10.077761 0.318753
-54.582013 -41.360599 0.000000 0.000000
-50.700637 -41.360599 0.000000 0.000000
-46.819261 -41.360599 0.000000 0.000000
-42.937885 -41.360599 0.000000 0.000000
-39.056509 -41.360599 10.082126 -0.622061
-35.175133 -41.360599 9.317782 0.962261
-31.293757 -41.360599 10.119067 0.191951
-27.412381 -41.360599 10.274561 -0.394765
-23.531005 -41.360599 10.396744 0.362185
-19.649629 -41.360599 10.180112 0.321019
-15.768253 -41.360599 10.338999 -0.013259
-11.886877 -41.360599 10.183687 0.000540
-8.005501 -41.360599 10.063720 0.063511
-4.124125 -41.360599 10.215718 0.307682
-0.242749 -41.360599 10.236968 0.245030
3.638627 -41.360599 10.208787 0.026702
7.520003 -41.360599 10.200246 0.254245
11.401379 -41.360599 10.241972 0.239174
15.282755 -41.360599 10.251361 -0.009582
19.164131 -41.360599 10.280805 0.147811
23.045507 -41.360599 9.964385 0.257119
26.926883 -41.360599 10.137880 0.319973
30.808259 -41.360599 10.165154 0.196273
34.689635 -41.360599 10.156996 0.055372
38.571011 -41.360599 10.109230 0.285278
42.452387 -41.360599 10.143097 0.283036
46.333763 -41.360599 10.146801 0.196438
50.215140 -41.360599 10.047066 0.347275
54.096516 -41.360599 10.110106 0.333639
57.977892 -41.360599 10.080237 0.363738
61.859268 -41.360599 10.125221 0.201017
65.740644 -41.360599 10.063100 0.084871
69.622020 -41.360599 10.152265 0.381732
73.503396 -41.360599 10.010991 0.199536
77.384772 -41.360599 10.237440 0.268850
81.266148 -41.360599 10.090787 0.363716
85.147524 -41.360599 9.932376 0.330340
89.028900 -41.360599 10.045875 0.355607
92.910276 -41.360599 10.070357 0.276865
96.791652 -41.360599 9.722022 0.213460
100.673028 -41.360599 9.864781 0.065394
104.554404 -41.360599 9.775376 0.261116
108.435780 -41.360599 9.717682 0.430523
112.317156 -41.360599 10.072838 0.255089
116.198532 -41.360599 9.933884 0.302381
120.079908 -41.360599 10.094112 -0.268720
123.961284 -41.360599 9.868156 0.353674
127.842660 -41.360599 10.098875 0.120636
131.724036 -41.360599 9.955215 0.525907
135.605412 -41.360599 9.927246 0.189403
139.486788 -41.360599 9.870852 0.290676
-54.582013 -45.241975 0.000000 0.000000
-50.700637 -45.241975 0.000000 0.000000
-46.819261 -45.241975 0.000000 0.000000
-42.937885 -45.241975 0.000000 0.000000
-39.056509 -45.241975 0.000000 0.000000
-35.175133 -45.241975 0.000000 0.000000
-31.293757 -45.241975 0.000000 0.000000
-27.412381 -45.241975 0.000000 0.000000
-23.531005 -45.241975 0.000000 0.000000
-19.649629 -45.241975 0.000000 0.000000
-15.768253 -45.241975 0.000000 0.000000
-11.886877 -45.241975 0.000000 0.000000
-8.005501 -45.241975 0.000000 0.000000
-4.124125 -45.241975 0.000000 0.000000
-0.242749 -45.241975 0.000000 0.000000
3.638627 -45.241975 0.000000 0.000000
7.520003 -45.241975 0.000000 0.000000
11.401379 -45.241975 0.000000 0.000000
15.282755 -45.241975 0.000000 0.000000
19.164131 -45.241975 0.000000 0.000000
23.045507 -45.241975 0.000000 0.000000
26.926883 -45.241975 0.000000 0.000000
30.808259 -45.241975 0.000000 0.000000
34.689635 -45.241975 0.000000 0.000000
38.571011 -45.241975 0.000000 0.000000
42.452387 -45.241975 0.000000 0.000000
46.333763 -45.241975 0.000000 0.000000
50.215140 -45.241975 0.000000 0.000000
54.096516 -45.241975 0.000000 0.000000
57.977892 -45.241975 0.000000 0.000000
61.859268 -45.241975 0.000000 0.000000
65.740644 -45.241975 0.000000 0.000000
69.622020 -45.241975 0.000000 0.000000
73.503396 -45.241975 0.000000 0.000000
77.384772 -45.241975 0.000000 0.000000
81.266148 -45.241975 0.000000 0.000000
85.147524 -45.241975 0.000000 0.000000
89.028900 -45.241975 0.000000 0.000000
92.910276 -45.241975 0.000000 0.000000
96.791652 -45.241975 0.000000 0.000000
100.673028 -45.241975 0.000000 0.000000
104.554404 -45.241975 0.000000 0.000000
108.435780 -45.241975 0.000000 0.000000
112.317156 -45.241975 0.000000 0.000000
116.198532 -45.241975 0.000000 0.000000
120.079908 -45.241975 0.000000 0.000000
123.961284 -45.241975 0.000000 0.000000
127.842660 -45.241975 0.000000 0.000000
131.724036 -45.241975 0.000000 0.000000
135.605412 -45.241975 0.000000 0.000000
139.486788 -45.241975 0.000000 0.000000
