TITLE = "B00020"
VARIABLES = "position", "position(2)", "Vx", "Vy"
ZONE T="Frame 0", I=51, J=39
-54.582013 102.250314 0.000000 0.000000
-50.700637 102.250314 0.000000 0.000000
-46.819261 102.250314 0.000000 0.000000
-42.937885 102.250314 10.270782 0.834283
-39.056509 102.250314 9.339153 2.155362
-35.175133 102.250314 0.000000 0.000000
-31.293757 102.250314 0.000000 0.000000
-27.412381 102.250314 0.000000 0.000000
-23.531005 102.250314 0.000000 0.000000
-19.649629 102.250314 0.000000 0.000000
-15.768253 102.250314 10.318005 0.184175
-11.886877 102.250314 10.264277 0.842943
-8.005501 102.250314 0.000000 0.000000
-4.124125 102.250314 10.668762 -0.293129
-0.242749 102.250314 8.810411 -1.655163
3.638627 102.250314 11.396564 1.845762
7.520003 102.250314 9.961695 0.458828
11.401379 102.250314 12.456114 0.734889
15.282755 102.250314 10.637487 -0.233788
19.164131 102.250314 12.257454 0.664345
23.045507 102.250314 0.000000 0.000000
26.926883 102.250314 10.523467 -0.838868
30.808259 102.250314 12.152175 -0.770630
34.689635 102.250314 9.824259 -2.681984
38.571011 102.250314 8.774657 -1.297704
42.452387 102.250314 9.925200 0.667325
46.333763 102.250314 10.627632 -0.068419
50.215140 102.250314 11.137048 -1.086760
54.096516 102.250314 10.332762 0.466860
57.977892 102.250314 0.000000 0.000000
61.859268 102.250314 0.000000 0.000000
65.740644 102.250314 0.000000 0.000000
69.622020 102.250314 0.000000 0.000000
73.503396 102.250314 9.778202 -0.728057
77.384772 102.250314 10.034792 -2.728216
81.266148 102.250314 10.048207 -0.492899
85.147524 102.250314 10.462601 -0.139392
89.028900 102.250314 10.413629 -0.489062
92.910276 102.250314 10.379244 -1.093403
96.791652 102.250314 8.833645 -0.170766
100.673028 102.250314 9.275551 -0.538512
104.554404 102.250314 9.329813 -0.313680
108.435780 102.250314 0.000000 0.000000
112.317156 102.250314 8.723690 -0.402274
116.198532 102.250314 11.770205 1.285103
120.079908 102.250314 10.831542 -0.315676
123.961284 102.250314 10.326984 -0.756573
127.842660 102.250314 9.921536 -0.604139
131.724036 102.250314 10.200101 -0.216964
135.605412 102.250314 9.891924 0.170494
139.486788 102.250314 9.999627 -0.678086
-54.582013 98.368938 0.000000 0.000000
-50.700637 98.368938 0.000000 0.000000
-46.819261 98.368938 0.000000 0.000000
-42.937885 98.368938 9.451197 1.336138
-39.056509 98.368938 8.910903 1.124520
-35.175133 98.368938 0.000000 0.000000
-31.293757 98.368938 0.000000 0.000000
-27.412381 98.368938 0.000000 0.000000
-23.531005 98.368938 0.000000 0.000000
-19.649629 98.368938 0.000000 0.000000
-15.768253 98.368938 10.229152 0.170180
-11.886877 98.368938 9.471891 0.250752
-8.005501 98.368938 10.685786 -0.210764
-4.124125 98.368938 8.762196 0.622744
-0.242749 98.368938 10.557450 -0.119272
3.638627 98.368938 10.021602 0.330450
7.520003 98.368938 11.253913 -1.091660
11.401379 98.368938 0.000000 0.000000
15.282755 98.368938 11.621173 -0.324230
19.164131 98.368938 0.000000 0.000000
23.045507 98.368938 0.000000 0.000000
26.926883 98.368938 10.217128 0.527521
30.808259 98.368938 10.236870 0.830663
34.689635 98.368938 9.872561 -1.034831
38.571011 98.368938 8.071982 0.590217
42.452387 98.368938 0.000000 0.000000
46.333763 98.368938 0.000000 0.000000
50.215140 98.368938 11.298446 0.680771
54.096516 98.368938 9.162354 -0.799038
57.977892 98.368938 0.000000 0.000000
61.859268 98.368938 0.000000 0.000000
65.740644 98.368938 0.000000 0.000000
69.622020 98.368938 0.000000 0.000000
73.503396 98.368938 9.954887 0.308077
77.384772 98.368938 11.705032 0.349798
81.266148 98.368938 8.587709 -0.732081
85.147524 98.368938 9.092039 0.634959
89.028900 98.368938 9.321815 1.491743
92.910276 98.368938 9.673713 0.227222
96.791652 98.368938 10.078122 0.546951
100.673028 98.368938 11.118710 0.775802
104.554404 98.368938 9.743546 1.252947
108.435780 98.368938 9.266843 1.115364
112.317156 98.368938 9.139404 -0.625428
116.198532 98.368938 10.158847 -0.166759
120.079908 98.368938 9.516279 -0.386458
123.961284 98.368938 10.138862 -0.021239
127.842660 98.368938 8.753982 -0.103633
131.724036 98.368938 9.806158 0.427857
135.605412 98.368938 9.952250 0.603567
139.486788 98.368938 10.248714 0.135092
-54.582013 94.487562 0.000000 0.000000
-50.700637 94.487562 10.113460 1.677407
-46.819261 94.487562 10.879200 0.959013
-42.937885 94.487562 7.270214 1.170087
-39.056509 94.487562 10.148982 0.416521
-35.175133 94.487562 0.000000 0.000000
-31.293757 94.487562 0.000000 0.000000
-27.412381 94.487562 0.000000 0.000000
-23.531005 94.487562 0.000000 0.000000
-19.649629 94.487562 0.000000 0.000000
-15.768253 94.487562 0.000000 0.000000
-11.886877 94.487562 10.046273 1.106049
-8.005501 94.487562 10.541910 0.255478
-4.124125 94.487562 9.772668 2.014863
-0.242749 94.487562 0.000000 0.000000
3.638627 94.487562 12.858962 0.911419
7.520003 94.487562 10.555328 -0.687563
11.401379 94.487562 0.000000 0.000000
15.282755 94.487562 10.528507 -0.220413
19.164131 94.487562 9.056807 -0.214999
23.045507 94.487562 10.474547 0.025004
26.926883 94.487562 0.000000 0.000000
30.808259 94.487562 9.583090 -1.161085
34.689635 94.487562 10.040834 -0.966466
38.571011 94.487562 0.000000 0.000000
42.452387 94.487562 10.684056 1.075104
46.333763 94.487562 10.145518 -0.425981
50.215140 94.487562 9.133510 -0.678544
54.096516 94.487562 11.881014 -0.083367
57.977892 94.487562 0.000000 0.000000
61.859268 94.487562 0.000000 0.000000
65.740644 94.487562 0.000000 0.000000
69.622020 94.487562 0.000000 0.000000
73.503396 94.487562 9.716518 0.945195
77.384772 94.487562 10.070416 0.590419
81.266148 94.487562 0.000000 0.000000
85.147524 94.487562 9.164127 -0.847759
89.028900 94.487562 9.489668 -0.204263
92.910276 94.487562 9.707403 0.107800
96.791652 94.487562 10.119227 -0.514436
100.673028 94.487562 9.177863 -1.070137
104.554404 94.487562 10.292273 -0.351782
108.435780 94.487562 10.213599 -0.915313
112.317156 94.487562 10.278349 0.275969
116.198532 94.487562 9.327722 -0.840400
120.079908 94.487562 10.362812 0.245934
123.961284 94.487562 10.215789 -0.025832
127.842660 94.487562 9.619275 -0.334950
131.724036 94.487562 10.114024 0.030552
135.605412 94.487562 10.125835 0.068558
139.486788 94.487562 9.224648 0.165724
-54.582013 90.606186 0.000000 0.000000
-50.700637 90.606186 10.648200 0.694294
-46.819261 90.606186 0.000000 0.000000
-42.937885 90.606186 9.574853 0.891642
-39.056509 90.606186 0.000000 0.000000
-35.175133 90.606186 0.000000 0.000000
-31.293757 90.606186 0.000000 0.000000
-27.412381 90.606186 0.000000 0.000000
-23.531005 90.606186 0.000000 0.000000
-19.649629 90.606186 0.000000 0.000000
-15.768253 90.606186 0.000000 0.000000
-11.886877 90.606186 9.699035 0.418876
-8.005501 90.606186 10.098557 -0.359155
-4.124125 90.606186 10.812809 -0.868707
-0.242749 90.606186 8.257515 -1.336393
3.638627 90.606186 10.681067 -0.501015
7.520003 90.606186 10.521594 -0.206763
11.401379 90.606186 10.791000 1.089038
15.282755 90.606186 12.105280 1.510764
19.164131 90.606186 11.145188 -0.093184
23.045507 90.606186 0.000000 0.000000
26.926883 90.606186 10.837656 -0.352875
30.808259 90.606186 9.569160 1.026997
34.689635 90.606186 11.141894 0.100164
38.571011 90.606186 10.856549 0.459880
42.452387 90.606186 10.376342 -0.788408
46.333763 90.606186 9.530080 -1.019258
50.215140 90.606186 9.867922 -0.310361
54.096516 90.606186 8.696002 0.467795
57.977892 90.606186 0.000000 0.000000
61.859268 90.606186 0.000000 0.000000
65.740644 90.606186 0.000000 0.000000
69.622020 90.606186 0.000000 0.000000
73.503396 90.606186 0.000000 0.000000
77.384772 90.606186 9.923446 1.439574
81.266148 90.606186 0.000000 0.000000
85.147524 90.606186 9.342127 -0.954846
89.028900 90.606186 9.347414 -1.235929
92.910276 90.606186 9.829290 1.315377
96.791652 90.606186 10.476167 -0.084306
100.673028 90.606186 10.005093 0.229817
104.554404 90.606186 10.047630 -0.113410
108.435780 90.606186 9.968383 -0.523715
112.317156 90.606186 8.847967 -0.439489
116.198532 90.606186 10.266809 -0.649823
120.079908 90.606186 9.908457 0.030074
123.961284 90.606186 8.862999 -0.605120
127.842660 90.606186 9.514052 -0.705008
131.724036 90.606186 9.667547 0.262915
135.605412 90.606186 10.289568 -0.427621
139.486788 90.606186 9.168418 -0.042673
-54.582013 86.724810 0.000000 0.000000
-50.700637 86.724810 0.000000 0.000000
-46.819261 86.724810 8.556293 0.538105
-42.937885 86.724810 10.536496 0.604861
-39.056509 86.724810 10.554671 0.922403
-35.175133 86.724810 0.000000 0.000000
-31.293757 86.724810 0.000000 0.000000
-27.412381 86.724810 0.000000 0.000000
-23.531005 86.724810 0.000000 0.000000
-19.649629 86.724810 0.000000 0.000000
-15.768253 86.724810 10.162943 0.553489
-11.886877 86.724810 9.240762 0.787086
-8.005501 86.724810 10.547345 -0.268052
-4.124125 86.724810 10.694889 0.092871
-0.242749 86.724810 10.666755 0.350795
3.638627 86.724810 10.355385 -0.187663
7.520003 86.724810 9.922443 0.336415
11.401379 86.724810 10.250353 0.268839
15.282755 86.724810 10.838306 0.307397
19.164131 86.724810 10.659373 -0.753587
23.045507 86.724810 10.055360 0.217418
26.926883 86.724810 10.581831 0.042246
30.808259 86.724810 10.386759 0.208044
34.689635 86.724810 10.726930 -0.138409
38.571011 86.724810 10.608785 0.101577
42.452387 86.724810 10.471552 0.056014
46.333763 86.724810 10.099313 -0.791870
50.215140 86.724810 10.188889 0.691484
54.096516 86.724810 10.516252 -0.479473
57.977892 86.724810 10.724561 0.592601
61.859268 86.724810 0.000000 0.000000
65.740644 86.724810 0.000000 0.000000
69.622020 86.724810 0.000000 0.000000
73.503396 86.724810 10.877608 -0.422013
77.384772 86.724810 10.204309 0.150043
81.266148 86.724810 10.162061 -1.810965
85.147524 86.724810 10.269431 0.746884
89.028900 86.724810 9.816470 1.107040
92.910276 86.724810 9.901952 -0.506342
96.791652 86.724810 10.126193 1.003082
100.673028 86.724810 9.170605 0.081216
104.554404 86.724810 10.236996 0.679835
108.435780 86.724810 9.937092 0.755576
112.317156 86.724810 9.989750 0.390449
116.198532 86.724810 9.962581 0.813278
120.079908 86.724810 9.442312 0.527517
123.961284 86.724810 10.032867 0.511268
127.842660 86.724810 9.984111 -0.175018
131.724036 86.724810 10.438701 0.306845
135.605412 86.724810 9.923714 0.367341
139.486788 86.724810 9.376036 -0.319578
-54.582013 82.843434 0.000000 0.000000
-50.700637 82.843434 9.015472 -0.180695
-46.819261 82.843434 9.250050 1.148535
-42.937885 82.843434 10.291989 0.572022
-39.056509 82.843434 10.283694 1.183131
-35.175133 82.843434 0.000000 0.000000
-31.293757 82.843434 0.000000 0.000000
-27.412381 82.843434 0.000000 0.000000
-23.531005 82.843434 0.000000 0.000000
-19.649629 82.843434 0.000000 0.000000
-15.768253 82.843434 10.488083 0.804914
-11.886877 82.843434 10.077316 0.045875
-8.005501 82.843434 11.145867 0.537644
-4.124125 82.843434 10.570384 -0.473292
-0.242749 82.843434 10.066671 0.628130
3.638627 82.843434 10.060104 0.769885
7.520003 82.843434 10.495667 0.609954
11.401379 82.843434 10.605268 0.182316
15.282755 82.843434 9.770786 -0.056705
19.164131 82.843434 11.347781 -0.387935
23.045507 82.843434 10.753399 -0.329527
26.926883 82.843434 9.946457 -0.135285
30.808259 82.843434 10.430387 -0.477766
34.689635 82.843434 9.819209 -0.407600
38.571011 82.843434 10.215626 -0.019922
42.452387 82.843434 10.137723 -0.567662
46.333763 82.843434 10.384183 0.340143
50.215140 82.843434 10.546031 -0.419465
54.096516 82.843434 10.128241 -0.679574
57.977892 82.843434 11.147407 -0.427767
61.859268 82.843434 0.000000 0.000000
65.740644 82.843434 0.000000 0.000000
69.622020 82.843434 9.062631 0.876720
73.503396 82.843434 9.724826 -0.380578
77.384772 82.843434 9.947259 0.302423
81.266148 82.843434 10.095921 0.175183
85.147524 82.843434 9.701191 0.361073
89.028900 82.843434 9.652500 -0.555604
92.910276 82.843434 9.353386 -0.696154
96.791652 82.843434 7.555028 -1.024938
100.673028 82.843434 9.256343 0.367476
104.554404 82.843434 9.706456 0.265581
108.435780 82.843434 10.266399 0.509468
112.317156 82.843434 9.594200 0.251380
116.198532 82.843434 8.977784 0.447456
120.079908 82.843434 9.482844 -0.320062
123.961284 82.843434 10.743494 -0.265364
127.842660 82.843434 10.026858 -0.130605
131.724036 82.843434 10.186608 0.489869
135.605412 82.843434 9.919108 -0.736171
139.486788 82.843434 10.372761 -0.528089
-54.582013 78.962058 8.899502 0.566704
-50.700637 78.962058 10.420939 0.314609
-46.819261 78.962058 10.746135 -0.696262
-42.937885 78.962058 10.467064 0.635445
-39.056509 78.962058 10.579493 -0.677780
-35.175133 78.962058 0.000000 0.000000
-31.293757 78.962058 0.000000 0.000000
-27.412381 78.962058 0.000000 0.000000
-23.531005 78.962058 0.000000 0.000000
-19.649629 78.962058 0.000000 0.000000
-15.768253 78.962058 10.574927 0.564116
-11.886877 78.962058 10.500671 0.374605
-8.005501 78.962058 10.603902 0.275588
-4.124125 78.962058 10.187290 0.045559
-0.242749 78.962058 10.376187 0.482031
3.638627 78.962058 11.131208 -0.550314
7.520003 78.962058 10.114218 0.287407
11.401379 78.962058 11.153979 -0.221428
15.282755 78.962058 10.503315 -0.065470
19.164131 78.962058 10.811893 -0.187515
23.045507 78.962058 10.329893 0.474581
26.926883 78.962058 10.172293 0.280836
30.808259 78.962058 10.412049 -0.380854
34.689635 78.962058 10.960242 -0.483164
38.571011 78.962058 10.371339 -0.282672
42.452387 78.962058 9.991561 -0.030148
46.333763 78.962058 9.879541 0.496601
50.215140 78.962058 10.432424 -0.020161
54.096516 78.962058 9.958006 -1.012493
57.977892 78.962058 9.755274 -0.496559
61.859268 78.962058 0.000000 0.000000
65.740644 78.962058 0.000000 0.000000
69.622020 78.962058 10.239846 -0.164942
73.503396 78.962058 9.966316 -0.430272
77.384772 78.962058 9.887926 -0.676984
81.266148 78.962058 9.485497 -0.613017
85.147524 78.962058 9.930457 -0.095357
89.028900 78.962058 9.909392 0.523332
92.910276 78.962058 9.830761 -0.537846
96.791652 78.962058 10.573940 -0.280099
100.673028 78.962058 9.597837 0.312212
104.554404 78.962058 9.328591 0.053594
108.435780 78.962058 9.627462 -0.486408
112.317156 78.962058 10.093125 1.081151
116.198532 78.962058 10.867080 -0.062419
120.079908 78.962058 9.888673 -0.078944
123.961284 78.962058 10.132955 0.092758
127.842660 78.962058 9.504357 0.148569
131.724036 78.962058 9.328579 -0.450493
135.605412 78.962058 9.342280 0.366559
139.486788 78.962058 9.897896 0.120657
-54.582013 75.080682 10.445107 0.498756
-50.700637 75.080682 0.000000 0.000000
-46.819261 75.080682 10.115838 0.326767
-42.937885 75.080682 10.281615 0.808632
-39.056509 75.080682 10.618498 -0.433235
-35.175133 75.080682 0.000000 0.000000
-31.293757 75.080682 0.000000 0.000000
-27.412381 75.080682 0.000000 0.000000
-23.531005 75.080682 0.000000 0.000000
-19.649629 75.080682 0.000000 0.000000
-15.768253 75.080682 10.452403 0.396601
-11.886877 75.080682 9.882189 1.154461
-8.005501 75.080682 10.319683 0.431776
-4.124125 75.080682 11.165411 0.560092
-0.242749 75.080682 0.000000 0.000000
3.638627 75.080682 10.229642 -0.011808
7.520003 75.080682 10.504802 0.261962
11.401379 75.080682 10.429536 -0.003481
15.282755 75.080682 10.341112 0.515613
19.164131 75.080682 10.576781 0.502479
23.045507 75.080682 10.784406 -0.489940
26.926883 75.080682 10.504478 0.454506
30.808259 75.080682 10.165642 0.014112
34.689635 75.080682 9.901042 -0.419516
38.571011 75.080682 10.795763 0.068325
42.452387 75.080682 10.254924 -0.459792
46.333763 75.080682 10.416001 0.548054
50.215140 75.080682 10.706108 -0.832865
54.096516 75.080682 10.218275 -0.596480
57.977892 75.080682 9.350865 -0.035521
61.859268 75.080682 0.000000 0.000000
65.740644 75.080682 0.000000 0.000000
69.622020 75.080682 9.996807 0.230759
73.503396 75.080682 10.504480 -0.388861
77.384772 75.080682 9.425017 -0.551523
81.266148 75.080682 9.627918 -0.250774
85.147524 75.080682 9.708588 -0.195279
89.028900 75.080682 10.377480 0.251770
92.910276 75.080682 10.306839 -0.770597
96.791652 75.080682 9.711049 -0.380696
100.673028 75.080682 9.682153 -0.148296
104.554404 75.080682 9.838078 -0.334025
108.435780 75.080682 10.001191 -0.281645
112.317156 75.080682 10.439425 0.415916
116.198532 75.080682 9.355683 -0.458988
120.079908 75.080682 9.827220 0.031027
123.961284 75.080682 9.439423 0.438462
127.842660 75.080682 9.867012 0.391134
131.724036 75.080682 10.188610 -0.728433
135.605412 75.080682 9.749586 0.326136
139.486788 75.080682 9.472554 -0.228504
-54.582013 71.199306 0.000000 0.000000
-50.700637 71.199306 0.000000 0.000000
-46.819261 71.199306 9.510829 1.440521
-42.937885 71.199306 9.535913 1.494499
-39.056509 71.199306 10.068408 0.681679
-35.175133 71.199306 0.000000 0.000000
-31.293757 71.199306 0.000000 0.000000
-27.412381 71.199306 0.000000 0.000000
-23.531005 71.199306 0.000000 0.000000
-19.649629 71.199306 0.000000 0.000000
-15.768253 71.199306 10.710186 0.344698
-11.886877 71.199306 10.790029 0.437259
-8.005501 71.199306 10.796010 0.379739
-4.124125 71.199306 10.754247 0.305267
-0.242749 71.199306 9.687603 0.764121
3.638627 71.199306 10.303374 0.599330
7.520003 71.199306 10.269101 0.155591
11.401379 71.199306 10.153035 -0.214996
15.282755 71.199306 10.508655 0.234439
19.164131 71.199306 10.338758 -0.178144
23.045507 71.199306 10.724499 0.045770
26.926883 71.199306 10.463113 -0.113999
30.808259 71.199306 10.295610 -0.284836
34.689635 71.199306 10.075377 -0.705945
38.571011 71.199306 10.286079 -0.540940
42.452387 71.199306 10.422444 -0.216929
46.333763 71.199306 10.702397 -0.533720
50.215140 71.199306 9.516437 -0.598704
54.096516 71.199306 9.811775 -0.474873
57.977892 71.199306 10.621681 -0.675910
61.859268 71.199306 0.000000 0.000000
65.740644 71.199306 0.000000 0.000000
69.622020 71.199306 10.186136 -0.698619
73.503396 71.199306 10.256704 -0.492306
77.384772 71.199306 10.317934 0.101492
81.266148 71.199306 9.764766 -0.848234
85.147524 71.199306 9.894095 -0.577499
89.028900 71.199306 9.659394 -0.220029
92.910276 71.199306 9.895922 0.249860
96.791652 71.199306 9.275273 0.290641
100.673028 71.199306 9.321173 0.310703
104.554404 71.199306 9.337910 -0.159354
108.435780 71.199306 9.680709 -0.118094
112.317156 71.199306 10.433506 0.545516
116.198532 71.199306 9.995595 0.123663
120.079908 71.199306 9.930768 0.227370
123.961284 71.199306 9.500100 0.322572
127.842660 71.199306 9.820792 -0.101289
131.724036 71.199306 9.450838 -0.373280
135.605412 71.199306 8.945285 0.050678
139.486788 71.199306 9.338122 0.375857
-54.582013 67.317930 0.000000 0.000000
-50.700637 67.317930 0.000000 0.000000
-46.819261 67.317930 9.250038 1.807055
-42.937885 67.317930 10.143609 1.328715
-39.056509 67.317930 10.233782 0.740220
-35.175133 67.317930 0.000000 0.000000
-31.293757 67.317930 0.000000 0.000000
-27.412381 67.317930 0.000000 0.000000
-23.531005 67.317930 0.000000 0.000000
-19.649629 67.317930 10.357439 0.552077
-15.768253 67.317930 10.554289 0.707835
-11.886877 67.317930 10.460725 0.424480
-8.005501 67.317930 11.431871 0.106983
-4.124125 67.317930 10.527190 -0.436568
-0.242749 67.317930 9.838769 2.162956
3.638627 67.317930 10.546506 0.592236
7.520003 67.317930 11.130999 -0.204103
11.401379 67.317930 10.188324 0.989314
15.282755 67.317930 10.348759 0.151926
19.164131 67.317930 9.601486 -0.706037
23.045507 67.317930 10.921185 -0.117056
26.926883 67.317930 10.235469 -0.126082
30.808259 67.317930 10.138183 -0.211724
34.689635 67.317930 10.131455 -0.243793
38.571011 67.317930 10.524475 -0.515780
42.452387 67.317930 10.242512 -0.291784
46.333763 67.317930 10.276597 -0.034556
50.215140 67.317930 10.259841 -0.238659
54.096516 67.317930 10.183209 -0.221972
57.977892 67.317930 9.687551 -0.538905
61.859268 67.317930 0.000000 0.000000
65.740644 67.317930 0.000000 0.000000
69.622020 67.317930 9.858369 -0.521431
73.503396 67.317930 9.715708 -0.437974
77.384772 67.317930 10.218577 -0.497093
81.266148 67.317930 10.301240 -0.074833
85.147524 67.317930 9.846638 0.065532
89.028900 67.317930 9.846647 0.119366
92.910276 67.317930 9.933597 -0.186781
96.791652 67.317930 9.606156 -0.430068
100.673028 67.317930 10.007079 0.549657
104.554404 67.317930 9.528479 0.095368
108.435780 67.317930 10.350782 0.151622
112.317156 67.317930 10.076252 0.146226
116.198532 67.317930 9.952000 -0.115238
120.079908 67.317930 10.067088 0.254404
123.961284 67.317930 9.991157 0.036232
127.842660 67.317930 9.444453 0.178178
131.724036 67.317930 9.762730 0.280108
135.605412 67.317930 9.895678 0.902652
139.486788 67.317930 9.976100 -0.382316
-54.582013 63.436554 0.000000 0.000000
-50.700637 63.436554 10.823139 0.526513
-46.819261 63.436554 9.342997 0.630101
-42.937885 63.436554 9.293022 1.765972
-39.056509 63.436554 10.437257 1.359839
-35.175133 63.436554 0.000000 0.000000
-31.293757 63.436554 0.000000 0.000000
-27.412381 63.436554 0.000000 0.000000
-23.531005 63.436554 0.000000 0.000000
-19.649629 63.436554 10.622382 0.751964
-15.768253 63.436554 10.412336 0.372372
-11.886877 63.436554 10.780898 0.523752
-8.005501 63.436554 10.572913 0.242534
-4.124125 63.436554 10.222365 1.276094
-0.242749 63.436554 0.000000 0.000000
3.638627 63.436554 10.268579 -0.067224
7.520003 63.436554 10.396068 -0.078762
11.401379 63.436554 10.608010 0.503154
15.282755 63.436554 10.867556 0.221267
19.164131 63.436554 10.251383 -0.767827
23.045507 63.436554 10.227705 -0.509066
26.926883 63.436554 9.996832 -0.715030
30.808259 63.436554 10.232820 -0.962392
34.689635 63.436554 10.190989 -0.647776
38.571011 63.436554 10.468443 -0.433016
42.452387 63.436554 10.237477 -0.469185
46.333763 63.436554 10.483320 -0.534502
50.215140 63.436554 10.114202 -0.541879
54.096516 63.436554 10.180559 -0.439685
57.977892 63.436554 10.201236 -0.300510
61.859268 63.436554 0.000000 0.000000
65.740644 63.436554 0.000000 0.000000
69.622020 63.436554 10.162641 -0.007872
73.503396 63.436554 9.991175 -0.439054
77.384772 63.436554 9.978183 -0.526263
81.266148 63.436554 9.872744 -0.302973
85.147524 63.436554 9.847912 -0.520559
89.028900 63.436554 10.260208 -0.368021
92.910276 63.436554 9.882315 -0.566689
96.791652 63.436554 9.755586 -0.312951
100.673028 63.436554 9.928933 0.155631
104.554404 63.436554 10.357004 -0.251361
108.435780 63.436554 9.596356 -0.352207
112.317156 63.436554 10.641559 -0.013554
116.198532 63.436554 9.142001 -0.229314
120.079908 63.436554 9.917307 0.130486
123.961284 63.436554 10.149867 -0.272073
127.842660 63.436554 9.524855 -0.658407
131.724036 63.436554 9.834068 0.539948
135.605412 63.436554 10.464658 0.393787
139.486788 63.436554 8.880883 0.082449
-54.582013 59.555178 0.000000 0.000000
-50.700637 59.555178 0.000000 0.000000
-46.819261 59.555178 9.585076 0.669399
-42.937885 59.555178 9.362010 1.066140
-39.056509 59.555178 9.916234 0.939164
-35.175133 59.555178 0.000000 0.000000
-31.293757 59.555178 0.000000 0.000000
-27.412381 59.555178 0.000000 0.000000
-23.531005 59.555178 0.000000 0.000000
-19.649629 59.555178 10.521727 0.708789
-15.768253 59.555178 10.314868 1.518009
-11.886877 59.555178 10.622983 0.848076
-8.005501 59.555178 11.030381 0.184081
-4.124125 59.555178 10.832439 -0.141360
-0.242749 59.555178 11.065669 0.467176
3.638627 59.555178 10.459827 -0.259209
7.520003 59.555178 10.861667 -0.296067
11.401379 59.555178 10.658139 -0.008908
15.282755 59.555178 10.473533 -0.313117
19.164131 59.555178 10.548122 -0.162115
23.045507 59.555178 10.432716 -0.472240
26.926883 59.555178 10.397502 -0.450175
30.808259 59.555178 9.963635 -0.404097
34.689635 59.555178 10.941602 -0.143678
38.571011 59.555178 10.332179 -0.040947
42.452387 59.555178 10.272664 -0.175982
46.333763 59.555178 10.463532 -0.404777
50.215140 59.555178 10.318801 0.121734
54.096516 59.555178 10.465892 -0.234524
57.977892 59.555178 9.996400 -0.899433
61.859268 59.555178 0.000000 0.000000
65.740644 59.555178 0.000000 0.000000
69.622020 59.555178 10.096173 -0.458475
73.503396 59.555178 10.024998 -0.783570
77.384772 59.555178 9.825668 -0.210687
81.266148 59.555178 9.881677 -0.048571
85.147524 59.555178 9.885298 -0.324905
89.028900 59.555178 10.039283 0.020146
92.910276 59.555178 9.567056 -0.378479
96.791652 59.555178 9.697393 -0.255492
100.673028 59.555178 9.692513 -0.238480
104.554404 59.555178 9.845605 -0.012997
108.435780 59.555178 10.213621 -0.062922
112.317156 59.555178 9.662066 -0.044556
116.198532 59.555178 10.115569 0.277180
120.079908 59.555178 9.442627 -0.336004
123.961284 59.555178 9.991567 -0.172174
127.842660 59.555178 9.274416 0.152778
131.724036 59.555178 9.707342 0.198541
135.605412 59.555178 0.000000 0.000000
139.486788 59.555178 9.339557 0.605359
-54.582013 55.673802 0.000000 0.000000
-50.700637 55.673802 10.008341 0.348913
-46.819261 55.673802 9.902439 0.738432
-42.937885 55.673802 9.737837 1.044940
-39.056509 55.673802 10.036057 1.159803
-35.175133 55.673802 0.000000 0.000000
-31.293757 55.673802 0.000000 0.000000
-27.412381 55.673802 0.000000 0.000000
-23.531005 55.673802 10.492633 0.981616
-19.649629 55.673802 10.893346 0.638828
-15.768253 55.673802 11.068578 0.902640
-11.886877 55.673802 11.125011 0.895416
-8.005501 55.673802 11.436980 0.585633
-4.124125 55.673802 10.711293 -0.102185
-0.242749 55.673802 10.760691 0.335853
3.638627 55.673802 11.027555 0.040521
7.520003 55.673802 10.919467 -0.320742
11.401379 55.673802 10.645708 -0.176937
15.282755 55.673802 10.615441 0.165220
19.164131 55.673802 10.842731 -0.403963
23.045507 55.673802 10.839830 -0.395764
26.926883 55.673802 10.573392 -0.539786
30.808259 55.673802 10.463738 -0.138759
34.689635 55.673802 10.493240 -0.801769
38.571011 55.673802 10.246312 -0.639429
42.452387 55.673802 10.286140 -0.328954
46.333763 55.673802 10.224621 -0.392058
50.215140 55.673802 10.464890 -0.423378
54.096516 55.673802 10.423263 -0.410646
57.977892 55.673802 10.042633 -0.578429
61.859268 55.673802 0.000000 0.000000
65.740644 55.673802 0.000000 0.000000
69.622020 55.673802 9.962867 -0.488047
73.503396 55.673802 10.054888 -0.337441
77.384772 55.673802 9.516174 -0.557856
81.266148 55.673802 9.635566 -0.341137
85.147524 55.673802 9.647858 -0.458189
89.028900 55.673802 10.252200 -0.202619
92.910276 55.673802 9.952207 -0.308162
96.791652 55.673802 9.645874 -0.288911
100.673028 55.673802 9.750221 -0.066758
104.554404 55.673802 9.919723 0.160116
108.435780 55.673802 9.241854 -0.206221
112.317156 55.673802 10.132436 0.203555
116.198532 55.673802 9.572891 0.655488
120.079908 55.673802 9.476432 0.171179
123.961284 55.673802 10.058371 0.197186
127.842660 55.673802 10.176710 -0.201600
131.724036 55.673802 9.632721 0.191194
135.605412 55.673802 9.834429 -0.378248
139.486788 55.673802 9.618347 -0.430492
-54.582013 51.792426 9.734246 0.972475
-50.700637 51.792426 9.427062 0.787533
-46.819261 51.792426 9.609445 0.658717
-42.937885 51.792426 9.190624 1.043062
-39.056509 51.792426 9.798909 1.308395
-35.175133 51.792426 0.000000 0.000000
-31.293757 51.792426 0.000000 0.000000
-27.412381 51.792426 0.000000 0.000000
-23.531005 51.792426 10.992603 1.043435
-19.649629 51.792426 10.891539 0.956894
-15.768253 51.792426 10.874632 0.842287
-11.886877 51.792426 11.088854 0.225069
-8.005501 51.792426 11.247475 0.377321
-4.124125 51.792426 11.281567 0.304011
-0.242749 51.792426 11.159532 0.270750
3.638627 51.792426 11.006306 -0.042255
7.520003 51.792426 10.685158 -0.194218
11.401379 51.792426 11.154202 -0.389899
15.282755 51.792426 10.858974 -0.260825
19.164131 51.792426 10.961649 -0.201285
23.045507 51.792426 10.983510 0.094438
26.926883 51.792426 10.943483 -0.269963
30.808259 51.792426 10.808419 -0.388524
34.689635 51.792426 10.943725 -0.086021
38.571011 51.792426 10.598310 -0.817478
42.452387 51.792426 10.908803 -0.767201
46.333763 51.792426 10.428339 -0.514274
50.215140 51.792426 10.428843 -0.505327
54.096516 51.792426 10.592791 -0.585992
57.977892 51.792426 10.008860 -0.462065
61.859268 51.792426 0.000000 0.000000
65.740644 51.792426 0.000000 0.000000
69.622020 51.792426 9.825810 -0.774661
73.503396 51.792426 9.829249 -0.374360
77.384772 51.792426 9.903136 -0.430839
81.266148 51.792426 9.791660 -0.094948
85.147524 51.792426 9.716001 -0.181628
89.028900 51.792426 9.474566 0.223229
92.910276 51.792426 9.727241 -0.118560
96.791652 51.792426 9.521169 -0.146727
100.673028 51.792426 9.845913 -0.051257
104.554404 51.792426 9.966229 -0.423541
108.435780 51.792426 9.776848 -0.116220
112.317156 51.792426 10.000861 -0.207769
116.198532 51.792426 9.901510 0.226200
120.079908 51.792426 9.889286 -0.450617
123.961284 51.792426 10.434710 -0.436227
127.842660 51.792426 10.252484 -0.479274
131.724036 51.792426 10.188765 -0.170912
135.605412 51.792426 9.860028 -0.289620
139.486788 51.792426 10.016031 0.197573
-54.582013 47.911049 0.000000 0.000000
-50.700637 47.911049 9.170109 0.336693
-46.819261 47.911049 9.937453 0.997374
-42.937885 47.911049 9.085849 0.972862
-39.056509 47.911049 9.566694 1.797684
-35.175133 47.911049 0.000000 0.000000
-31.293757 47.911049 0.000000 0.000000
-27.412381 47.911049 0.000000 0.000000
-23.531005 47.911049 10.771315 1.492877
-19.649629 47.911049 10.907566 1.095496
-15.768253 47.911049 11.247416 0.695295
-11.886877 47.911049 11.480526 0.514529
-8.005501 47.911049 11.122476 0.414789
-4.124125 47.911049 11.436214 0.170309
-0.242749 47.911049 11.535599 0.245605
3.638627 47.911049 11.301610 -0.418007
7.520003 47.911049 11.318820 -0.325019
11.401379 47.911049 10.855056 -0.555464
15.282755 47.911049 10.845300 -0.196606
19.164131 47.911049 11.162255 -0.266312
23.045507 47.911049 10.867499 0.632060
26.926883 47.911049 10.810567 -0.310757
30.808259 47.911049 11.029471 -0.856745
34.689635 47.911049 10.310913 -0.463080
38.571011 47.911049 10.501060 -0.450868
42.452387 47.911049 10.608967 -0.798820
46.333763 47.911049 10.541568 -0.689309
50.215140 47.911049 10.025427 -0.505329
54.096516 47.911049 10.007403 -0.820096
57.977892 47.911049 9.891477 -0.957768
61.859268 47.911049 0.000000 0.000000
65.740644 47.911049 0.000000 0.000000
69.622020 47.911049 9.589577 -0.595821
73.503396 47.911049 9.367094 -0.481799
77.384772 47.911049 9.470682 -0.201023
81.266148 47.911049 9.718085 0.195050
85.147524 47.911049 10.005105 -0.132769
89.028900 47.911049 9.955658 -0.271720
92.910276 47.911049 9.848007 -0.367065
96.791652 47.911049 9.112826 -0.000574
100.673028 47.911049 9.489221 0.566789
104.554404 47.911049 10.237644 0.224773
108.435780 47.911049 9.964987 -0.167959
112.317156 47.911049 9.502596 0.076928
116.198532 47.911049 9.505628 0.489883
120.079908 47.911049 0.000000 0.000000
123.961284 47.911049 8.760141 0.121954
127.842660 47.911049 10.350517 -0.309761
131.724036 47.911049 10.385173 -0.241927
135.605412 47.911049 9.468467 -0.247596
139.486788 47.911049 9.972433 0.252661
-54.582013 44.029673 9.534232 0.317962
-50.700637 44.029673 8.431858 0.519355
-46.819261 44.029673 8.362448 1.326779
-42.937885 44.029673 9.226431 1.283997
-39.056509 44.029673 9.749579 1.942642
-35.175133 44.029673 0.000000 0.000000
-31.293757 44.029673 0.000000 0.000000
-27.412381 44.029673 11.279907 2.263771
-23.531005 44.029673 11.485591 1.898538
-19.649629 44.029673 11.518424 1.153902
-15.768253 44.029673 11.926037 0.835965
-11.886877 44.029673 11.796812 0.628119
-8.005501 44.029673 11.829038 0.024329
-4.124125 44.029673 11.766839 0.210709
-0.242749 44.029673 0.000000 0.000000
3.638627 44.029673 0.000000 0.000000
7.520003 44.029673 10.874502 -0.063306
11.401379 44.029673 11.104887 -0.399208
15.282755 44.029673 11.309757 -0.033635
19.164131 44.029673 10.825770 -0.574477
23.045507 44.029673 11.565924 -0.537145
26.926883 44.029673 11.094177 -0.723604
30.808259 44.029673 10.520274 -0.593796
34.689635 44.029673 10.663620 -0.566388
38.571011 44.029673 10.475886 -0.478371
42.452387 44.029673 10.501156 -0.673092
46.333763 44.029673 10.643922 -0.696168
50.215140 44.029673 10.508630 -0.523821
54.096516 44.029673 10.599219 -0.565354
57.977892 44.029673 10.226980 -1.108797
61.859268 44.029673 0.000000 0.000000
65.740644 44.029673 0.000000 0.000000
69.622020 44.029673 9.814838 -1.480823
73.503396 44.029673 9.210594 -0.547786
77.384772 44.029673 9.105195 0.169495
81.266148 44.029673 9.340180 0.869500
85.147524 44.029673 10.597643 -0.149301
89.028900 44.029673 9.789516 -0.696612
92.910276 44.029673 9.592868 -0.588738
96.791652 44.029673 9.192263 -0.344719
100.673028 44.029673 9.819092 0.285562
104.554404 44.029673 10.178018 0.219662
108.435780 44.029673 10.045786 -0.801023
112.317156 44.029673 8.701107 -0.220068
116.198532 44.029673 6.881595 0.566795
120.079908 44.029673 7.800587 1.152689
123.961284 44.029673 8.289681 2.143282
127.842660 44.029673 8.727549 0.810798
131.724036 44.029673 9.974030 -1.051884
135.605412 44.029673 9.488344 -1.130357
139.486788 44.029673 9.030173 -0.436713
-54.582013 40.148297 6.856539 -1.673143
-50.700637 40.148297 0.000000 0.000000
-46.819261 40.148297 8.599178 0.377727
-42.937885 40.148297 8.673593 1.083825
-39.056509 40.148297 8.339402 1.535654
-35.175133 40.148297 0.000000 0.000000
-31.293757 40.148297 0.000000 0.000000
-27.412381 40.148297 0.000000 0.000000
-23.531005 40.148297 0.000000 0.000000
-19.649629 40.148297 0.000000 0.000000
-15.768253 40.148297 0.000000 0.000000
-11.886877 40.148297 0.000000 0.000000
-8.005501 40.148297 0.000000 0.000000
-4.124125 40.148297 0.000000 0.000000
-0.242749 40.148297 0.000000 0.000000
3.638627 40.148297 0.000000 0.000000
7.520003 40.148297 0.000000 0.000000
11.401379 40.148297 0.000000 0.000000
15.282755 40.148297 0.000000 0.000000
19.164131 40.148297 0.000000 0.000000
23.045507 40.148297 0.000000 0.000000
26.926883 40.148297 0.000000 0.000000
30.808259 40.148297 0.000000 0.000000
34.689635 40.148297 0.000000 0.000000
38.571011 40.148297 0.000000 0.000000
42.452387 40.148297 10.501341 -0.934447
46.333763 40.148297 9.133735 -1.212964
50.215140 40.148297 10.040526 -0.800487
54.096516 40.148297 10.181291 -1.027737
57.977892 40.148297 10.086826 -1.256855
61.859268 40.148297 8.533254 -1.654780
65.740644 40.148297 0.000000 0.000000
69.622020 40.148297 9.246210 -2.662449
73.503396 40.148297 8.498274 -1.844060
77.384772 40.148297 7.422783 0.164300
81.266148 40.148297 0.000000 0.000000
85.147524 40.148297 11.112985 -1.724715
89.028900 40.148297 9.381512 -1.886113
92.910276 40.148297 9.006114 -1.056826
96.791652 40.148297 8.412682 -0.958463
100.673028 40.148297 9.099883 1.403536
104.554404 40.148297 9.243400 1.815214
108.435780 40.148297 10.308356 -1.880881
112.317156 40.148297 8.283450 -1.393435
116.198532 40.148297 7.646019 -0.188914
120.079908 40.148297 8.255290 0.292413
123.961284 40.148297 8.949899 3.231947
127.842660 40.148297 10.379087 2.209463
131.724036 40.148297 9.761465 -2.043130
135.605412 40.148297 8.704022 -1.473753
139.486788 40.148297 8.753547 -1.471602
-54.582013 36.266921 0.000000 0.000000
-50.700637 36.266921 0.000000 0.000000
-46.819261 36.266921 9.219728 0.970315
-42.937885 36.266921 0.000000 0.000000
-39.056509 36.266921 6.775632 1.155124
-35.175133 36.266921 0.000000 0.000000
-31.293757 36.266921 0.000000 0.000000
-27.412381 36.266921 0.000000 0.000000
-23.531005 36.266921 0.000000 0.000000
-19.649629 36.266921 0.000000 0.000000
-15.768253 36.266921 0.000000 0.000000
-11.886877 36.266921 0.000000 0.000000
-8.005501 36.266921 0.000000 0.000000
-4.124125 36.266921 0.000000 0.000000
-0.242749 36.266921 0.000000 0.000000
3.638627 36.266921 0.000000 0.000000
7.520003 36.266921 0.000000 0.000000
11.401379 36.266921 0.000000 0.000000
15.282755 36.266921 0.000000 0.000000
19.164131 36.266921 0.000000 0.000000
23.045507 36.266921 0.000000 0.000000
26.926883 36.266921 0.000000 0.000000
30.808259 36.266921 0.000000 0.000000
34.689635 36.266921 0.000000 0.000000
38.571011 36.266921 0.000000 0.000000
42.452387 36.266921 0.000000 0.000000
46.333763 36.266921 0.000000 0.000000
50.215140 36.266921 0.000000 0.000000
54.096516 36.266921 0.000000 0.000000
57.977892 36.266921 0.000000 0.000000
61.859268 36.266921 0.000000 0.000000
65.740644 36.266921 0.000000 0.000000
69.622020 36.266921 0.000000 0.000000
73.503396 36.266921 7.457097 -2.416291
77.384772 36.266921 0.000000 0.000000
81.266148 36.266921 7.002707 3.225999
85.147524 36.266921 6.730710 -1.202604
89.028900 36.266921 8.619164 -2.191048
92.910276 36.266921 9.038829 -1.304874
96.791652 36.266921 10.268176 -2.024295
100.673028 36.266921 8.336491 3.327449
104.554404 36.266921 8.274390 2.231443
108.435780 36.266921 7.702057 -0.499095
112.317156 36.266921 8.755573 -1.174303
116.198532 36.266921 8.711919 0.706338
120.079908 36.266921 10.714826 1.263719
123.961284 36.266921 10.064762 2.022664
127.842660 36.266921 8.646457 1.129902
131.724036 36.266921 7.811565 -0.563533
135.605412 36.266921 8.350701 -0.845449
139.486788 36.266921 10.148344 -1.124109
-54.582013 32.385545 0.000000 0.000000
-50.700637 32.385545 0.000000 0.000000
-46.819261 32.385545 0.000000 0.000000
-42.937885 32.385545 0.000000 0.000000
-39.056509 32.385545 0.000000 0.000000
-35.175133 32.385545 0.000000 0.000000
-31.293757 32.385545 0.000000 0.000000
-27.412381 32.385545 0.000000 0.000000
-23.531005 32.385545 0.000000 0.000000
-19.649629 32.385545 0.000000 0.000000
-15.768253 32.385545 0.000000 0.000000
-11.886877 32.385545 0.000000 0.000000
-8.005501 32.385545 0.000000 0.000000
-4.124125 32.385545 0.000000 0.000000
-0.242749 32.385545 0.000000 0.000000
3.638627 32.385545 0.000000 0.000000
7.520003 32.385545 0.000000 0.000000
11.401379 32.385545 0.000000 0.000000
15.282755 32.385545 0.000000 0.000000
19.164131 32.385545 0.000000 0.000000
23.045507 32.385545 0.000000 0.000000
26.926883 32.385545 0.000000 0.000000
30.808259 32.385545 0.000000 0.000000
34.689635 32.385545 0.000000 0.000000
38.571011 32.385545 0.000000 0.000000
42.452387 32.385545 0.000000 0.000000
46.333763 32.385545 0.000000 0.000000
50.215140 32.385545 0.000000 0.000000
54.096516 32.385545 0.000000 0.000000
57.977892 32.385545 0.000000 0.000000
61.859268 32.385545 0.000000 0.000000
65.740644 32.385545 0.000000 0.000000
69.622020 32.385545 0.000000 0.000000
73.503396 32.385545 0.000000 0.000000
77.384772 32.385545 9.911826 -0.043756
81.266148 32.385545 9.915678 1.590165
85.147524 32.385545 8.234941 0.872185
89.028900 32.385545 8.973444 0.558502
92.910276 32.385545 9.281421 -1.250194
96.791652 32.385545 0.000000 0.000000
100.673028 32.385545 9.924707 0.972111
104.554404 32.385545 8.993896 1.224130
108.435780 32.385545 9.018008 0.487176
112.317156 32.385545 9.761301 -0.572613
116.198532 32.385545 10.183354 -0.216172
120.079908 32.385545 9.907707 0.306174
123.961284 32.385545 9.796815 1.397649
127.842660 32.385545 9.082976 0.879392
131.724036 32.385545 8.988691 0.315594
135.605412 32.385545 9.652308 -0.464431
139.486788 32.385545 9.971270 -0.253303
-54.582013 28.504169 0.000000 0.000000
-50.700637 28.504169 0.000000 0.000000
-46.819261 28.504169 0.000000 0.000000
-42.937885 28.504169 0.000000 0.000000
-39.056509 28.504169 0.000000 0.000000
-35.175133 28.504169 0.000000 0.000000
-31.293757 28.504169 0.000000 0.000000
-27.412381 28.504169 0.000000 0.000000
-23.531005 28.504169 0.000000 0.000000
-19.649629 28.504169 0.000000 0.000000
-15.768253 28.504169 0.000000 0.000000
-11.886877 28.504169 0.000000 0.000000
-8.005501 28.504169 0.000000 0.000000
-4.124125 28.504169 0.000000 0.000000
-0.242749 28.504169 0.000000 0.000000
3.638627 28.504169 0.000000 0.000000
7.520003 28.504169 0.000000 0.000000
11.401379 28.504169 0.000000 0.000000
15.282755 28.504169 0.000000 0.000000
19.164131 28.504169 0.000000 0.000000
23.045507 28.504169 0.000000 0.000000
26.926883 28.504169 0.000000 0.000000
30.808259 28.504169 0.000000 0.000000
34.689635 28.504169 0.000000 0.000000
38.571011 28.504169 0.000000 0.000000
42.452387 28.504169 0.000000 0.000000
46.333763 28.504169 0.000000 0.000000
50.215140 28.504169 0.000000 0.000000
54.096516 28.504169 0.000000 0.000000
57.977892 28.504169 0.000000 0.000000
61.859268 28.504169 0.000000 0.000000
65.740644 28.504169 0.000000 0.000000
69.622020 28.504169 0.000000 0.000000
73.503396 28.504169 0.000000 0.000000
77.384772 28.504169 0.000000 0.000000
81.266148 28.504169 9.738192 0.466655
85.147524 28.504169 9.519308 0.221702
89.028900 28.504169 9.395772 -0.452631
92.910276 28.504169 9.806149 -0.831591
96.791652 28.504169 10.358741 -0.207259
100.673028 28.504169 10.133090 0.628696
104.554404 28.504169 9.295693 0.568607
108.435780 28.504169 9.412107 0.288843
112.317156 28.504169 9.640304 -0.101335
116.198532 28.504169 10.294888 0.107071
120.079908 28.504169 9.475562 -0.229093
123.961284 28.504169 9.999620 0.419662
127.842660 28.504169 9.625479 0.709295
131.724036 28.504169 10.026047 0.068041
135.605412 28.504169 10.018928 -0.173099
139.486788 28.504169 10.081576 -0.466239
-54.582013 24.622793 0.000000 0.000000
-50.700637 24.622793 0.000000 0.000000
-46.819261 24.622793 0.000000 0.000000
-42.937885 24.622793 0.000000 0.000000
-39.056509 24.622793 0.000000 0.000000
-35.175133 24.622793 0.000000 0.000000
-31.293757 24.622793 0.000000 0.000000
-27.412381 24.622793 0.000000 0.000000
-23.531005 24.622793 0.000000 0.000000
-19.649629 24.622793 0.000000 0.000000
-15.768253 24.622793 0.000000 0.000000
-11.886877 24.622793 0.000000 0.000000
-8.005501 24.622793 0.000000 0.000000
-4.124125 24.622793 0.000000 0.000000
-0.242749 24.622793 0.000000 0.000000
3.638627 24.622793 0.000000 0.000000
7.520003 24.622793 0.000000 0.000000
11.401379 24.622793 0.000000 0.000000
15.282755 24.622793 0.000000 0.000000
19.164131 24.622793 0.000000 0.000000
23.045507 24.622793 0.000000 0.000000
26.926883 24.622793 0.000000 0.000000
30.808259 24.622793 0.000000 0.000000
34.689635 24.622793 0.000000 0.000000
38.571011 24.622793 0.000000 0.000000
42.452387 24.622793 0.000000 0.000000
46.333763 24.622793 0.000000 0.000000
50.215140 24.622793 0.000000 0.000000
54.096516 24.622793 0.000000 0.000000
57.977892 24.622793 0.000000 0.000000
61.859268 24.622793 0.000000 0.000000
65.740644 24.622793 0.000000 0.000000
69.622020 24.622793 9.786839 0.567339
73.503396 24.622793 9.501084 0.263439
77.384772 24.622793 9.798564 0.280801
81.266148 24.622793 9.283845 0.638918
85.147524 24.622793 9.352531 0.345022
89.028900 24.622793 9.619902 0.352994
92.910276 24.622793 9.656334 0.216880
96.791652 24.622793 9.881877 0.459380
100.673028 24.622793 9.810390 0.505913
104.554404 24.622793 9.499845 0.374267
108.435780 24.622793 9.735847 0.182045
112.317156 24.622793 9.710713 0.119096
116.198532 24.622793 10.094415 -0.120778
120.079908 24.622793 9.753040 -0.139278
123.961284 24.622793 0.000000 0.000000
127.842660 24.622793 9.804008 0.178851
131.724036 24.622793 9.840166 0.195757
135.605412 24.622793 9.777517 0.013864
139.486788 24.622793 9.983371 -0.303044
-54.582013 20.741417 0.000000 0.000000
-50.700637 20.741417 0.000000 0.000000
-46.819261 20.741417 0.000000 0.000000
-42.937885 20.741417 9.799351 -0.468131
-39.056509 20.741417 9.260244 -0.814015
-35.175133 20.741417 10.055215 -1.140803
-31.293757 20.741417 0.000000 0.000000
-27.412381 20.741417 0.000000 0.000000
-23.531005 20.741417 0.000000 0.000000
-19.649629 20.741417 0.000000 0.000000
-15.768253 20.741417 0.000000 0.000000
-11.886877 20.741417 0.000000 0.000000
-8.005501 20.741417 0.000000 0.000000
-4.124125 20.741417 0.000000 0.000000
-0.242749 20.741417 0.000000 0.000000
3.638627 20.741417 0.000000 0.000000
7.520003 20.741417 0.000000 0.000000
11.401379 20.741417 10.772412 0.280792
15.282755 20.741417 10.844405 0.196435
19.164131 20.741417 10.512794 0.648851
23.045507 20.741417 10.841949 0.578514
26.926883 20.741417 10.888438 0.401392
30.808259 20.741417 10.332817 0.741639
34.689635 20.741417 10.513485 0.517320
38.571011 20.741417 10.355372 0.664927
42.452387 20.741417 10.438001 0.575768
46.333763 20.741417 10.352195 0.731273
50.215140 20.741417 10.058797 0.649099
54.096516 20.741417 10.139519 0.732451
57.977892 20.741417 10.215305 0.740972
61.859268 20.741417 10.028283 0.590602
65.740644 20.741417 9.875153 0.743017
69.622020 20.741417 9.673142 0.647438
73.503396 20.741417 10.096253 0.778912
77.384772 20.741417 9.468211 0.571141
81.266148 20.741417 9.756211 0.527145
85.147524 20.741417 9.782863 0.383746
89.028900 20.741417 9.617431 0.447651
92.910276 20.741417 9.811902 0.174635
96.791652 20.741417 9.336102 0.405831
100.673028 20.741417 9.328005 -0.211036
104.554404 20.741417 9.556016 -0.057484
108.435780 20.741417 9.846965 0.239447
112.317156 20.741417 9.751205 0.193077
116.198532 20.741417 9.907812 -0.042218
120.079908 20.741417 9.969790 0.093963
123.961284 20.741417 9.856287 -0.170653
127.842660 20.741417 9.914997 -0.217637
131.724036 20.741417 9.614047 -0.141033
135.605412 20.741417 9.784776 0.182751
139.486788 20.741417 9.878959 -0.032956
-54.582013 16.860041 0.000000 0.000000
-50.700637 16.860041 0.000000 0.000000
-46.819261 16.860041 9.948431 -2.243872
-42.937885 16.860041 0.000000 0.000000
-39.056509 16.860041 9.422836 -0.602102
-35.175133 16.860041 9.631142 -0.948161
-31.293757 16.860041 9.933718 -1.020687
-27.412381 16.860041 10.431927 -0.860042
-23.531005 16.860041 10.592813 -1.246636
-19.649629 16.860041 10.633650 -0.656254
-15.768253 16.860041 10.694078 -0.652548
-11.886877 16.860041 10.868758 -0.476150
-8.005501 16.860041 10.781802 -0.398531
-4.124125 16.860041 10.874443 -0.264978
-0.242749 16.860041 10.895000 -0.121882
3.638627 16.860041 10.776185 -0.001582
7.520003 16.860041 10.783928 0.252370
11.401379 16.860041 10.655181 0.508262
15.282755 16.860041 10.667553 0.177068
19.164131 16.860041 10.560257 0.351956
23.045507 16.860041 10.732004 0.471042
26.926883 16.860041 10.663170 0.516366
30.808259 16.860041 10.415020 0.585274
34.689635 16.860041 10.486257 0.554228
38.571011 16.860041 10.589228 0.585283
42.452387 16.860041 10.367949 0.617857
46.333763 16.860041 10.295274 0.733939
50.215140 16.860041 10.111547 0.741574
54.096516 16.860041 10.029267 0.917949
57.977892 16.860041 10.017780 0.578350
61.859268 16.860041 9.986227 0.975032
65.740644 16.860041 10.017931 0.403486
69.622020 16.860041 9.859531 0.522194
73.503396 16.860041 9.684565 0.515462
77.384772 16.860041 9.686283 0.342535
81.266148 16.860041 9.865355 0.549205
85.147524 16.860041 9.838356 0.320900
89.028900 16.860041 10.017283 0.199015
92.910276 16.860041 9.953111 0.226686
96.791652 16.860041 9.803989 0.464959
100.673028 16.860041 9.951127 0.242545
104.554404 16.860041 9.958771 0.339027
108.435780 16.860041 9.844691 0.213485
112.317156 16.860041 9.769774 -0.082159
116.198532 16.860041 9.431263 0.178252
120.079908 16.860041 9.861228 0.226607
123.961284 16.860041 9.515190 -0.110651
127.842660 16.860041 9.626123 0.120850
131.724036 16.860041 9.919371 -0.144529
135.605412 16.860041 9.634600 -0.059992
139.486788 16.860041 9.756795 0.098144
-54.582013 12.978665 0.000000 0.000000
-50.700637 12.978665 0.000000 0.000000
-46.819261 12.978665 9.455694 -0.437966
-42.937885 12.978665 10.215024 -0.636647
-39.056509 12.978665 9.248051 -0.579291
-35.175133 12.978665 9.871047 -0.746970
-31.293757 12.978665 9.721019 -0.086276
-27.412381 12.978665 10.360005 -0.116394
-23.531005 12.978665 10.374001 -0.849660
-19.649629 12.978665 10.487641 -0.401478
-15.768253 12.978665 10.495449 -0.293075
-11.886877 12.978665 10.641640 -0.368894
-8.005501 12.978665 10.571766 -0.409099
-4.124125 12.978665 10.878746 -0.182908
-0.242749 12.978665 10.802426 -0.184247
3.638627 12.978665 10.659234 -0.002272
7.520003 12.978665 10.696145 0.262932
11.401379 12.978665 10.507861 0.323533
15.282755 12.978665 10.517615 0.445933
19.164131 12.978665 10.694828 0.394610
23.045507 12.978665 10.559782 0.550517
26.926883 12.978665 10.522560 0.477330
30.808259 12.978665 10.489588 -0.049182
34.689635 12.978665 10.440533 0.622639
38.571011 12.978665 10.369765 0.651692
42.452387 12.978665 10.414095 0.705008
46.333763 12.978665 10.222773 0.630425
50.215140 12.978665 10.117046 0.745834
54.096516 12.978665 10.115936 0.619106
57.977892 12.978665 10.031402 0.671444
61.859268 12.978665 9.984290 0.631909
65.740644 12.978665 10.047720 0.587218
69.622020 12.978665 10.220358 0.568843
73.503396 12.978665 9.771203 0.569435
77.384772 12.978665 10.058383 0.531923
81.266148 12.978665 9.428999 0.562844
85.147524 12.978665 9.890708 0.435920
89.028900 12.978665 9.775247 0.351575
92.910276 12.978665 9.850642 0.347462
96.791652 12.978665 9.865467 0.336480
100.673028 12.978665 9.816695 0.450339
104.554404 12.978665 9.806072 0.138656
108.435780 12.978665 9.970104 0.354189
112.317156 12.978665 9.962121 0.054581
116.198532 12.978665 9.904450 0.188996
120.079908 12.978665 9.978389 0.105832
123.961284 12.978665 9.694399 0.240401
127.842660 12.978665 9.776793 0.005130
131.724036 12.978665 9.908334 0.132192
135.605412 12.978665 9.650507 0.073953
139.486788 12.978665 9.739502 0.154064
-54.582013 9.097289 0.000000 0.000000
-50.700637 9.097289 0.000000 0.000000
-46.819261 9.097289 9.063568 0.548293
-42.937885 9.097289 9.696043 -0.440095
-39.056509 9.097289 9.856268 -0.713329
-35.175133 9.097289 10.292772 -0.817607
-31.293757 9.097289 10.332148 -0.366019
-27.412381 9.097289 10.427069 -0.533043
-23.531005 9.097289 10.770537 -0.625172
-19.649629 9.097289 10.440428 -0.664615
-15.768253 9.097289 10.758667 -0.300156
-11.886877 9.097289 10.465864 -0.188171
-8.005501 9.097289 10.616496 -0.121084
-4.124125 9.097289 10.735261 -0.397363
-0.242749 9.097289 10.596190 -0.193461
3.638627 9.097289 10.493268 -0.010283
7.520003 9.097289 10.744916 0.136557
11.401379 9.097289 10.525681 -0.066866
15.282755 9.097289 10.556771 0.456499
19.164131 9.097289 10.638049 0.389991
23.045507 9.097289 10.629587 0.357531
26.926883 9.097289 10.636661 0.185435
30.808259 9.097289 10.555544 0.194628
34.689635 9.097289 10.149670 0.581806
38.571011 9.097289 10.445480 0.522825
42.452387 9.097289 10.242777 0.623733
46.333763 9.097289 10.304893 0.577846
50.215140 9.097289 10.174924 0.650322
54.096516 9.097289 10.179107 0.564292
57.977892 9.097289 10.024489 0.469013
61.859268 9.097289 9.966140 0.638869
65.740644 9.097289 10.066397 0.478741
69.622020 9.097289 9.931774 0.552357
73.503396 9.097289 10.165698 0.565695
77.384772 9.097289 10.037843 0.443459
81.266148 9.097289 9.884268 0.304235
85.147524 9.097289 9.638008 0.070529
89.028900 9.097289 9.747152 0.399139
92.910276 9.097289 9.942531 0.219162
96.791652 9.097289 9.810310 0.323438
100.673028 9.097289 9.989491 0.240533
104.554404 9.097289 9.810637 0.241119
108.435780 9.097289 9.928560 0.471498
112.317156 9.097289 9.894793 0.196586
116.198532 9.097289 10.112056 -0.478909
120.079908 9.097289 10.027349 0.165775
123.961284 9.097289 9.818882 0.192682
127.842660 9.097289 10.033508 0.055456
131.724036 9.097289 9.964088 0.063846
135.605412 9.097289 9.983701 0.227361
139.486788 9.097289 9.770460 -0.011717
-54.582013 5.215913 0.000000 0.000000
-50.700637 5.215913 9.274067 0.468065
-46.819261 5.215913 10.138757 -0.118316
-42.937885 5.215913 9.582596 -0.704739
-39.056509 5.215913 9.903049 0.097422
-35.175133 5.215913 10.256152 -0.788337
-31.293757 5.215913 10.233461 0.039743
-27.412381 5.215913 10.207007 -0.503953
-23.531005 5.215913 10.206270 -0.401612
-19.649629 5.215913 10.337247 -0.474518
-15.768253 5.215913 10.404819 -0.199203
-11.886877 5.215913 10.658182 -0.264684
-8.005501 5.215913 10.605549 -0.190261
-4.124125 5.215913 10.534624 -0.344678
-0.242749 5.215913 10.715788 0.182864
3.638627 5.215913 10.641890 -0.074863
7.520003 5.215913 10.630923 -0.178550
11.401379 5.215913 10.466799 0.286566
15.282755 5.215913 10.619674 0.206228
19.164131 5.215913 10.552363 0.481565
23.045507 5.215913 10.508540 0.503515
26.926883 5.215913 10.512753 0.304617
30.808259 5.215913 10.453898 0.264488
34.689635 5.215913 10.315158 0.288184
38.571011 5.215913 10.396287 0.481395
42.452387 5.215913 10.462489 -0.054902
46.333763 5.215913 10.340665 0.490356
50.215140 5.215913 10.144864 0.509863
54.096516 5.215913 10.058183 0.576172
57.977892 5.215913 10.089822 0.590008
61.859268 5.215913 10.137791 0.482347
65.740644 5.215913 10.111161 0.542619
69.622020 5.215913 10.150923 0.508463
73.503396 5.215913 9.884638 0.157807
77.384772 5.215913 10.126733 0.411773
81.266148 5.215913 9.941617 0.515977
85.147524 5.215913 9.751335 0.378502
89.028900 5.215913 10.038863 0.281253
92.910276 5.215913 9.889169 0.485714
96.791652 5.215913 9.837424 0.141839
100.673028 5.215913 9.640701 0.311863
104.554404 5.215913 9.767955 0.243526
108.435780 5.215913 9.707786 0.225281
112.317156 5.215913 10.044712 0.321771
116.198532 5.215913 9.814159 0.332173
120.079908 5.215913 9.931287 0.246301
123.961284 5.215913 9.888894 0.126379
127.842660 5.215913 9.956411 0.145547
131.724036 5.215913 9.909830 0.344704
135.605412 5.215913 9.879421 0.218019
139.486788 5.215913 9.921480 0.027765
-54.582013 1.334537 0.000000 0.000000
-50.700637 1.334537 7.001634 -1.775778
-46.819261 1.334537 9.231413 -0.335108
-42.937885 1.334537 10.101328 -0.545782
-39.056509 1.334537 9.917976 -0.812147
-35.175133 1.334537 9.998078 -0.389985
-31.293757 1.334537 10.033628 -0.174941
-27.412381 1.334537 10.429530 -0.578908
-23.531005 1.334537 10.342133 -0.140581
-19.649629 1.334537 10.284990 -0.242727
-15.768253 1.334537 10.378859 0.107568
-11.886877 1.334537 10.623677 -0.413385
-8.005501 1.334537 10.395738 -0.221428
-4.124125 1.334537 10.622773 0.065357
-0.242749 1.334537 10.557678 0.080773
3.638627 1.334537 10.517161 0.026330
7.520003 1.334537 10.436279 0.302488
11.401379 1.334537 10.467623 0.137950
15.282755 1.334537 10.820040 0.056313
19.164131 1.334537 10.511862 -0.021523
23.045507 1.334537 10.569060 0.307121
26.926883 1.334537 10.482796 0.435778
30.808259 1.334537 10.181485 0.390741
34.689635 1.334537 10.356030 0.377480
38.571011 1.334537 10.297881 0.556673
42.452387 1.334537 10.290033 0.407156
46.333763 1.334537 10.185208 0.590793
50.215140 1.334537 10.240643 0.553557
54.096516 1.334537 10.131751 0.622203
57.977892 1.334537 10.155244 0.349019
61.859268 1.334537 10.195826 0.442448
65.740644 1.334537 10.077415 0.517027
69.622020 1.334537 9.934979 0.520866
73.503396 1.334537 10.115779 0.449117
77.384772 1.334537 9.923926 0.314029
81.266148 1.334537 9.726151 0.328258
85.147524 1.334537 9.851012 0.229577
89.028900 1.334537 9.862771 0.189385
92.910276 1.334537 9.861984 0.223189
96.791652 1.334537 9.848649 0.345981
100.673028 1.334537 9.899012 0.210342
104.554404 1.334537 9.849876 0.332452
108.435780 1.334537 9.927126 0.244353
112.317156 1.334537 9.947904 0.177023
116.198532 1.334537 10.007228 0.332856
120.079908 1.334537 9.853834 0.201896
123.961284 1.334537 9.988220 0.236840
127.842660 1.334537 9.872602 0.269502
131.724036 1.334537 9.917838 0.035239
135.605412 1.334537 9.891125 0.306269
139.486788 1.334537 9.853806 0.233182
-54.582013 -2.546839 0.000000 0.000000
-50.700637 -2.546839 0.000000 0.000000
-46.819261 -2.546839 9.094473 -0.267145
-42.937885 -2.546839 10.306690 -0.208895
-39.056509 -2.546839 0.000000 0.000000
-35.175133 -2.546839 10.328401 -0.212760
-31.293757 -2.546839 10.226770 -0.131261
-27.412381 -2.546839 10.080584 -0.615677
-23.531005 -2.546839 10.267093 -0.411126
-19.649629 -2.546839 10.152175 -0.148103
-15.768253 -2.546839 10.435462 -0.335610
-11.886877 -2.546839 10.611675 0.094677
-8.005501 -2.546839 10.227890 -0.110358
-4.124125 -2.546839 10.451647 0.109967
-0.242749 -2.546839 10.578453 0.051079
3.638627 -2.546839 10.343568 0.043918
7.520003 -2.546839 10.239192 0.251684
11.401379 -2.546839 10.418656 0.459807
15.282755 -2.546839 10.410190 0.313322
19.164131 -2.546839 10.299253 0.094944
23.045507 -2.546839 10.481084 0.230847
26.926883 -2.546839 10.426014 0.236996
30.808259 -2.546839 10.340880 0.576584
34.689635 -2.546839 10.164581 0.434754
38.571011 -2.546839 10.286048 0.561858
42.452387 -2.546839 10.182228 0.440197
46.333763 -2.546839 10.523106 0.626939
50.215140 -2.546839 10.111603 0.469849
54.096516 -2.546839 10.154569 0.453786
57.977892 -2.546839 10.022080 0.544911
61.859268 -2.546839 10.071783 0.481239
65.740644 -2.546839 10.063902 0.410769
69.622020 -2.546839 10.046032 0.278853
73.503396 -2.546839 9.972698 0.513798
77.384772 -2.546839 9.902864 0.485286
81.266148 -2.546839 10.104153 0.324569
85.147524 -2.546839 10.013881 0.309008
89.028900 -2.546839 9.920497 0.404853
92.910276 -2.546839 9.850583 0.348922
96.791652 -2.546839 9.831551 0.284012
100.673028 -2.546839 9.926962 0.287357
104.554404 -2.546839 9.816880 0.060252
108.435780 -2.546839 9.884542 0.242993
112.317156 -2.546839 9.832930 0.235212
116.198532 -2.546839 10.026324 0.179176
120.079908 -2.546839 9.802685 0.220246
123.961284 -2.546839 9.796722 0.178118
127.842660 -2.546839 9.911360 0.326774
131.724036 -2.546839 9.872802 0.143644
135.605412 -2.546839 9.903149 0.307091
139.486788 -2.546839 9.901239 0.181360
-54.582013 -6.428215 0.000000 0.000000
-50.700637 -6.428215 0.000000 0.000000
-46.819261 -6.428215 0.000000 0.000000
-42.937885 -6.428215 9.962562 -0.355991
-39.056509 -6.428215 9.807904 -0.177967
-35.175133 -6.428215 10.163909 -1.934156
-31.293757 -6.428215 9.648105 -0.057854
-27.412381 -6.428215 9.939421 -0.314539
-23.531005 -6.428215 10.155429 -0.434452
-19.649629 -6.428215 10.124336 -0.468347
-15.768253 -6.428215 10.370512 0.015372
-11.886877 -6.428215 10.281066 -0.216813
-8.005501 -6.428215 10.430157 -0.357403
-4.124125 -6.428215 10.500881 -0.078695
-0.242749 -6.428215 10.470059 0.024873
3.638627 -6.428215 10.406013 0.102660
7.520003 -6.428215 10.474257 0.211427
11.401379 -6.428215 10.405819 0.238305
15.282755 -6.428215 10.398968 -0.010358
19.164131 -6.428215 10.471509 0.203699
23.045507 -6.428215 10.338321 0.045633
26.926883 -6.428215 10.437057 0.312847
30.808259 -6.428215 10.325973 0.257154
34.689635 -6.428215 10.296237 0.329822
38.571011 -6.428215 10.104841 0.357556
42.452387 -6.428215 10.363223 0.407968
46.333763 -6.428215 10.240828 0.378220
50.215140 -6.428215 10.198614 0.537392
54.096516 -6.428215 10.129947 0.371960
57.977892 -6.428215 10.113360 0.470317
61.859268 -6.428215 10.096969 0.324217
65.740644 -6.428215 10.093225 0.474550
69.622020 -6.428215 9.969900 0.512814
73.503396 -6.428215 9.768819 0.420748
77.384772 -6.428215 10.068748 0.370183
81.266148 -6.428215 9.997881 0.540457
85.147524 -6.428215 9.900702 0.381678
89.028900 -6.428215 10.015047 0.346839
92.910276 -6.428215 9.885832 0.329577
96.791652 -6.428215 9.999757 0.313984
100.673028 -6.428215 9.752880 0.271202
104.554404 -6.428215 9.727035 0.133492
108.435780 -6.428215 9.809900 0.236920
112.317156 -6.428215 9.823367 0.284422
116.198532 -6.428215 9.622536 0.239009
120.079908 -6.428215 9.907492 -0.016227
123.961284 -6.428215 9.933159 0.197380
127.842660 -6.428215 9.940044 0.301369
131.724036 -6.428215 9.972192 0.223857
135.605412 -6.428215 9.900947 0.208128
139.486788 -6.428215 10.084587 0.048447
-54.582013 -10.309591 0.000000 0.000000
-50.700637 -10.309591 0.000000 0.000000
-46.819261 -10.309591 9.985477 -0.425520
-42.937885 -10.309591 10.323249 0.641818
-39.056509 -10.309591 10.062770 -0.054453
-35.175133 -10.309591 10.135496 0.171787
-31.293757 -10.309591 10.328924 -0.529835
-27.412381 -10.309591 10.184449 -0.602350
-23.531005 -10.309591 10.233844 -0.011850
-19.649629 -10.309591 10.310722 -0.161032
-15.768253 -10.309591 10.294003 0.180728
-11.886877 -10.309591 10.324476 -0.262307
-8.005501 -10.309591 10.470550 0.253929
-4.124125 -10.309591 10.422417 0.110350
-0.242749 -10.309591 10.396237 0.164149
3.638627 -10.309591 10.414258 -0.004554
7.520003 -10.309591 10.396595 0.126456
11.401379 -10.309591 10.292248 0.151113
15.282755 -10.309591 10.404058 -0.026642
19.164131 -10.309591 10.620574 0.318276
23.045507 -10.309591 10.282513 0.247936
26.926883 -10.309591 10.205264 0.158370
30.808259 -10.309591 9.998825 0.259377
34.689635 -10.309591 10.334776 0.433319
38.571011 -10.309591 10.281183 0.307887
42.452387 -10.309591 10.176460 0.528993
46.333763 -10.309591 10.274543 0.394075
50.215140 -10.309591 10.088912 0.479881
54.096516 -10.309591 10.225191 0.396885
57.977892 -10.309591 10.213883 0.436498
61.859268 -10.309591 10.223717 0.476666
65.740644 -10.309591 10.118457 0.370825
69.622020 -10.309591 9.994306 0.412612
73.503396 -10.309591 9.992736 0.367777
77.384772 -10.309591 10.015279 0.174469
81.266148 -10.309591 10.172935 0.421245
85.147524 -10.309591 10.051967 0.420578
89.028900 -10.309591 9.880063 0.332535
92.910276 -10.309591 9.958209 0.342392
96.791652 -10.309591 10.002316 0.333980
100.673028 -10.309591 9.961689 0.275185
104.554404 -10.309591 10.026164 0.355341
108.435780 -10.309591 10.079365 0.152468
112.317156 -10.309591 9.780161 0.333758
116.198532 -10.309591 9.875220 0.294375
120.079908 -10.309591 10.029680 0.237082
123.961284 -10.309591 9.850207 0.180997
127.842660 -10.309591 9.980659 0.293578
131.724036 -10.309591 10.055592 0.204195
135.605412 -10.309591 9.816890 0.165307
139.486788 -10.309591 9.957062 0.273717
-54.582013 -14.190967 0.000000 0.000000
-50.700637 -14.190967 0.000000 0.000000
-46.819261 -14.190967 9.721750 0.383597
-42.937885 -14.190967 10.088671 0.155677
-39.056509 -14.190967 9.969240 0.237630
-35.175133 -14.190967 10.079334 0.292475
-31.293757 -14.190967 9.704982 0.135564
-27.412381 -14.190967 10.265718 -0.375401
-23.531005 -14.190967 10.055771 -0.290292
-19.649629 -14.190967 10.293849 -0.165432
-15.768253 -14.190967 10.283938 0.081158
-11.886877 -14.190967 10.217788 -0.245522
-8.005501 -14.190967 10.240615 0.039923
-4.124125 -14.190967 10.372486 -0.018768
-0.242749 -14.190967 10.399433 0.089553
3.638627 -14.190967 10.288476 -0.074078
7.520003 -14.190967 10.310466 0.127622
11.401379 -14.190967 10.382936 0.166805
15.282755 -14.190967 10.270680 0.203375
19.164131 -14.190967 10.401290 0.378845
23.045507 -14.190967 10.400547 0.161499
26.926883 -14.190967 10.315763 0.398801
30.808259 -14.190967 10.243134 0.103713
34.689635 -14.190967 10.358463 0.365749
38.571011 -14.190967 10.279058 0.351401
42.452387 -14.190967 10.262941 0.247541
46.333763 -14.190967 10.260403 0.395946
50.215140 -14.190967 10.227632 0.376883
54.096516 -14.190967 10.157403 0.321288
57.977892 -14.190967 10.120939 0.292646
61.859268 -14.190967 10.106334 0.473329
65.740644 -14.190967 10.124617 0.464386
69.622020 -14.190967 10.104572 0.274951
73.503396 -14.190967 10.026584 0.323065
77.384772 -14.190967 9.969410 0.291870
81.266148 -14.190967 10.037636 0.230077
85.147524 -14.190967 10.137045 0.314346
89.028900 -14.190967 9.868749 0.288804
92.910276 -14.190967 9.971498 0.408254
96.791652 -14.190967 10.109218 0.408558
100.673028 -14.190967 9.976282 0.166089
104.554404 -14.190967 9.892094 0.300444
108.435780 -14.190967 9.810992 0.318956
112.317156 -14.190967 9.973503 0.168909
116.198532 -14.190967 9.947201 0.240380
120.079908 -14.190967 10.083360 0.067819
123.961284 -14.190967 9.816263 0.248028
127.842660 -14.190967 9.918615 0.209490
131.724036 -14.190967 9.859843 0.202846
135.605412 -14.190967 9.977087 0.251407
139.486788 -14.190967 9.972923 0.063851
-54.582013 -18.072343 0.000000 0.000000
-50.700637 -18.072343 0.000000 0.000000
-46.819261 -18.072343 0.000000 0.000000
-42.937885 -18.072343 9.873441 0.509260
-39.056509 -18.072343 9.935392 0.099657
-35.175133 -18.072343 10.142347 -0.302909
-31.293757 -18.072343 9.923850 0.035436
-27.412381 -18.072343 10.270825 -0.197790
-23.531005 -18.072343 9.957849 0.101938
-19.649629 -18.072343 10.149487 -0.163421
-15.768253 -18.072343 10.210224 -0.034115
-11.886877 -18.072343 10.279963 0.136301
-8.005501 -18.072343 10.425632 0.076727
-4.124125 -18.072343 10.296104 -0.130283
-0.242749 -18.072343 10.447338 0.233783
3.638627 -18.072343 10.282180 0.061812
7.520003 -18.072343 10.371884 0.137846
11.401379 -18.072343 10.248746 0.322643
15.282755 -18.072343 10.214121 0.132027
19.164131 -18.072343 10.336926 0.278225
23.045507 -18.072343 10.238384 0.364910
26.926883 -18.072343 10.144004 0.203697
30.808259 -18.072343 10.281103 0.237098
34.689635 -18.072343 10.197948 0.220461
38.571011 -18.072343 10.167685 0.454196
42.452387 -18.072343 10.254227 0.240590
46.333763 -18.072343 10.111099 0.445413
50.215140 -18.072343 10.215743 0.496482
54.096516 -18.072343 10.376444 0.353722
57.977892 -18.072343 10.092148 0.418018
61.859268 -18.072343 10.176840 0.300339
65.740644 -18.072343 10.027246 0.461425
69.622020 -18.072343 10.165031 0.359941
73.503396 -18.072343 10.079414 0.368877
77.384772 -18.072343 10.033505 0.321730
81.266148 -18.072343 9.889206 0.274899
85.147524 -18.072343 10.093514 0.386758
89.028900 -18.072343 9.992536 0.308083
92.910276 -18.072343 10.006397 0.341288
96.791652 -18.072343 9.928736 0.166526
100.673028 -18.072343 9.976844 0.289597
104.554404 -18.072343 9.802200 0.314587
108.435780 -18.072343 9.962389 0.253212
112.317156 -18.072343 9.921092 0.189277
116.198532 -18.072343 9.853683 0.188731
120.079908 -18.072343 9.930790 0.270267
123.961284 -18.072343 9.873989 0.361492
127.842660 -18.072343 9.884696 0.172243
131.724036 -18.072343 9.850815 0.346479
135.605412 -18.072343 9.960122 0.316276
139.486788 -18.072343 10.119694 0.154459
-54.582013 -21.953719 0.000000 0.000000
-50.700637 -21.953719 0.000000 0.000000
-46.819261 -21.953719 0.000000 0.000000
-42.937885 -21.953719 10.026176 0.856406
-39.056509 -21.953719 10.297122 -0.665992
-35.175133 -21.953719 10.001534 0.519950
-31.293757 -21.953719 10.070262 0.015240
-27.412381 -21.953719 10.085531 0.057407
-23.531005 -21.953719 10.127208 0.130463
-19.649629 -21.953719 10.167678 0.058989
-15.768253 -21.953719 10.236235 0.335510
-11.886877 -21.953719 10.426421 -0.160020
-8.005501 -21.953719 10.263030 0.057678
-4.124125 -21.953719 10.379538 -0.027877
-0.242749 -21.953719 10.327632 0.070941
3.638627 -21.953719 10.315201 0.194827
7.520003 -21.953719 10.422994 0.062271
11.401379 -21.953719 10.328569 0.193199
15.282755 -21.953719 10.255044 0.094702
19.164131 -21.953719 10.286240 0.105439
23.045507 -21.953719 10.334190 0.114405
26.926883 -21.953719 10.220648 0.220237
30.808259 -21.953719 10.280329 0.297350
34.689635 -21.953719 10.129784 0.339557
38.571011 -21.953719 10.313924 0.433065
42.452387 -21.953719 10.248529 0.301164
46.333763 -21.953719 10.159297 0.234511
50.215140 -21.953719 10.013498 0.344752
54.096516 -21.953719 10.248634 0.297492
57.977892 -21.953719 10.228909 0.355306
61.859268 -21.953719 10.050539 0.369501
65.740644 -21.953719 10.019939 0.227842
69.622020 -21.953719 10.113650 0.342219
73.503396 -21.953719 9.976412 0.191561
77.384772 -21.953719 10.041381 0.216230
81.266148 -21.953719 10.003415 0.396440
85.147524 -21.953719 9.835588 0.350684
89.028900 -21.953719 10.039123 0.426325
92.910276 -21.953719 10.074784 0.362726
96.791652 -21.953719 9.961057 0.390361
100.673028 -21.953719 10.054817 0.400918
104.554404 -21.953719 9.844769 0.187680
108.435780 -21.953719 9.944545 0.172337
112.317156 -21.953719 10.022546 0.173280
116.198532 -21.953719 9.990839 0.115048
120.079908 -21.953719 9.941836 0.344078
123.961284 -21.953719 10.045927 0.029956
127.842660 -21.953719 9.942139 0.019785
131.724036 -21.953719 9.866602 0.117684
135.605412 -21.953719 9.912933 0.265759
139.486788 -21.953719 10.002443 0.267290
-54.582013 -25.835095 0.000000 0.000000
-50.700637 -25.835095 0.000000 0.000000
-46.819261 -25.835095 0.000000 0.000000
-42.937885 -25.835095 0.000000 0.000000
-39.056509 -25.835095 10.498000 -0.290960
-35.175133 -25.835095 10.247308 -0.293303
-31.293757 -25.835095 10.432679 0.254605
-27.412381 -25.835095 10.443328 0.331681
-23.531005 -25.835095 10.208911 -0.227878
-19.649629 -25.835095 10.115230 0.132518
-15.768253 -25.835095 10.161263 -0.086206
-11.886877 -25.835095 10.239923 -0.103957
-8.005501 -25.835095 10.158038 0.055351
-4.124125 -25.835095 10.222594 0.061542
-0.242749 -25.835095 10.296425 0.248546
3.638627 -25.835095 10.433213 0.138963
7.520003 -25.835095 10.268669 0.105169
11.401379 -25.835095 10.259638 0.290894
15.282755 -25.835095 10.272266 0.043786
19.164131 -25.835095 10.283972 0.440332
23.045507 -25.835095 10.249887 0.186132
26.926883 -25.835095 10.067119 0.200824
30.808259 -25.835095 10.212050 0.204965
34.689635 -25.835095 10.260276 0.081751
38.571011 -25.835095 10.378933 0.383379
42.452387 -25.835095 10.202865 0.227693
46.333763 -25.835095 10.250538 0.484076
50.215140 -25.835095 9.994133 0.361619
54.096516 -25.835095 10.242903 0.305915
57.977892 -25.835095 10.170488 0.340988
61.859268 -25.835095 10.028993 0.342475
65.740644 -25.835095 10.051911 0.288348
69.622020 -25.835095 9.943014 0.377757
73.503396 -25.835095 10.094764 0.316390
77.384772 -25.835095 9.980835 0.433646
81.266148 -25.835095 10.018598 0.256824
85.147524 -25.835095 9.922113 0.234419
89.028900 -25.835095 9.932231 0.327194
92.910276 -25.835095 10.022129 0.289341
96.791652 -25.835095 9.961226 0.201553
100.673028 -25.835095 9.869927 0.271135
104.554404 -25.835095 10.060157 0.375088
108.435780 -25.835095 9.972738 0.259579
112.317156 -25.835095 10.075216 0.255475
116.198532 -25.835095 10.089192 0.317766
120.079908 -25.835095 9.911077 0.248255
123.961284 -25.835095 9.962318 0.213469
127.842660 -25.835095 10.115702 0.341363
131.724036 -25.835095 9.859100 0.153722
135.605412 -25.835095 10.010707 0.221309
139.486788 -25.835095 9.809598 0.441158
-54.582013 -29.716471 0.000000 0.000000
-50.700637 -29.716471 0.000000 0.000000
-46.819261 -29.716471 0.000000 0.000000
-42.937885 -29.716471 9.981671 -0.699829
-39.056509 -29.716471 9.866879 0.604469
-35.175133 -29.716471 10.402252 0.016355
-31.293757 -29.716471 10.130591 0.188606
-27.412381 -29.716471 10.261988 0.163179
-23.531005 -29.716471 10.390217 0.033288
-19.649629 -29.716471 9.996573 0.163912
-15.768253 -29.716471 10.442806 0.090377
-11.886877 -29.716471 10.267935 0.102634
-8.005501 -29.716471 10.231101 0.251537
-4.124125 -29.716471 10.136021 0.185185
-0.242749 -29.716471 10.090799 0.130943
3.638627 -29.716471 10.261121 0.128568
7.520003 -29.716471 10.116424 0.261056
11.401379 -29.716471 10.337981 0.206597
15.282755 -29.716471 10.236185 0.113410
19.164131 -29.716471 10.455685 0.118840
23.045507 -29.716471 10.264582 0.253369
26.926883 -29.716471 10.202704 0.415837
30.808259 -29.716471 10.228042 0.196111
34.689635 -29.716471 10.278852 0.180936
38.571011 -29.716471 10.289814 0.358471
42.452387 -29.716471 10.163113 0.388045
46.333763 -29.716471 10.184508 0.255903
50.215140 -29.716471 10.234282 0.118914
54.096516 -29.716471 9.987322 0.294350
57.977892 -29.716471 10.080080 0.254284
61.859268 -29.716471 10.071154 0.297484
65.740644 -29.716471 10.030217 0.206279
69.622020 -29.716471 10.069173 0.334136
73.503396 -29.716471 10.178142 0.383202
77.384772 -29.716471 9.904571 0.280075
81.266148 -29.716471 10.098076 0.240312
85.147524 -29.716471 9.988578 0.223453
89.028900 -29.716471 9.962626 0.283357
92.910276 -29.716471 10.124247 0.302720
96.791652 -29.716471 9.997875 0.232989
100.673028 -29.716471 10.043130 0.173599
104.554404 -29.716471 9.910650 0.159649
108.435780 -29.716471 10.018517 0.163384
112.317156 -29.716471 10.040801 0.174856
116.198532 -29.716471 9.977127 0.157039
120.079908 -29.716471 9.891989 0.144390
123.961284 -29.716471 10.041998 0.198494
127.842660 -29.716471 10.009568 -0.040281
131.724036 -29.716471 9.861827 0.249356
135.605412 -29.716471 9.788459 0.231603
139.486788 -29.716471 9.663457 -0.038220
-54.582013 -33.597847 0.000000 0.000000
-50.700637 -33.597847 0.000000 0.000000
-46.819261 -33.597847 0.000000 0.000000
-42.937885 -33.597847 0.000000 0.000000
-39.056509 -33.597847 10.128337 0.118043
-35.175133 -33.597847 10.129272 0.141792
-31.293757 -33.597847 10.320118 -0.163171
-27.412381 -33.597847 10.027389 0.015715
-23.531005 -33.597847 10.362482 0.299389
-19.649629 -33.597847 10.132646 0.105260
-15.768253 -33.597847 10.167623 0.057818
-11.886877 -33.597847 10.180204 0.113799
-8.005501 -33.597847 10.173265 0.004149
-4.124125 -33.597847 10.329865 0.138934
-0.242749 -33.597847 10.315728 0.027908
3.638627 -33.597847 10.208537 0.186638
7.520003 -33.597847 10.249452 0.260469
11.401379 -33.597847 10.288010 0.062550
15.282755 -33.597847 10.252993 0.218258
19.164131 -33.597847 10.306629 0.181969
23.045507 -33.597847 10.337062 0.239465
26.926883 -33.597847 10.197757 0.240090
30.808259 -33.597847 10.253098 0.065354
34.689635 -33.597847 10.203534 0.317801
38.571011 -33.597847 10.176957 0.240442
42.452387 -33.597847 10.249289 0.359135
46.333763 -33.597847 10.177398 0.284725
50.215140 -33.597847 10.134654 0.206807
54.096516 -33.597847 10.192595 0.251378
57.977892 -33.597847 10.336205 0.501681
61.859268 -33.597847 9.977513 0.233385
65.740644 -33.597847 10.050299 0.201068
69.622020 -33.597847 10.113065 0.190136
73.503396 -33.597847 10.027931 0.439028
77.384772 -33.597847 10.078955 0.323526
81.266148 -33.597847 9.960462 0.282052
85.147524 -33.597847 10.068637 0.182564
89.028900 -33.597847 9.844781 0.385751
92.910276 -33.597847 9.990150 0.301794
96.791652 -33.597847 10.097950 0.352207
100.673028 -33.597847 10.027303 0.193156
104.554404 -33.597847 10.110584 0.295416
108.435780 -33.597847 10.037578 0.384257
112.317156 -33.597847 9.859914 -0.035176
116.198532 -33.597847 10.026917 0.350454
120.079908 -33.597847 9.952574 0.143915
123.961284 -33.597847 10.017841 0.185541
127.842660 -33.597847 9.866312 0.374182
131.724036 -33.597847 10.205953 0.185382
135.605412 -33.597847 9.941432 0.265276
139.486788 -33.597847 9.850528 0.339733
-54.582013 -37.479223 0.000000 0.000000
-50.700637 -37.479223 0.000000 0.000000
-46.819261 -37.479223 0.000000 0.000000
-42.937885 -37.479223 9.839244 -0.191982
-39.056509 -37.479223 10.162950 0.006863
-35.175133 -37.479223 10.484800 -0.044919
-31.293757 -37.479223 9.874085 -0.214247
-27.412381 -37.479223 10.094550 0.141637
-23.531005 -37.479223 10.130731 0.127954
-19.649629 -37.479223 10.115162 0.040347
-15.768253 -37.479223 10.168989 0.148627
-11.886877 -37.479223 10.094735 0.096375
-8.005501 -37.479223 10.361304 0.252157
-4.124125 -37.479223 10.256855 -0.123023
-0.242749 -37.479223 10.136088 0.071237
3.638627 -37.479223 10.184588 0.176406
7.520003 -37.479223 10.199999 0.170457
11.401379 -37.479223 10.314816 0.143769
15.282755 -37.479223 10.167413 0.113877
19.164131 -37.479223 10.289611 0.379344
23.045507 -37.479223 10.244217 0.118998
26.926883 -37.479223 10.183780 0.200360
30.808259 -37.479223 10.247490 0.245139
34.689635 -37.479223 10.129070 0.337461
38.571011 -37.479223 10.257377 0.141705
42.452387 -37.479223 10.152575 0.401216
46.333763 -37.479223 10.124949 0.357297
50.215140 -37.479223 10.192510 0.265817
54.096516 -37.479223 10.227048 0.246375
57.977892 -37.479223 10.015778 0.378968
61.859268 -37.479223 10.144716 0.138031
65.740644 -37.479223 9.966010 0.292515
69.622020 -37.479223 9.963660 0.404222
73.503396 -37.479223 10.035594 0.279957
77.384772 -37.479223 10.022459 0.211414
81.266148 -37.479223 9.993806 0.192287
85.147524 -37.479223 10.082280 0.283923
89.028900 -37.479223 9.964530 0.249265
92.910276 -37.479223 10.128136 0.299668
96.791652 -37.479223 9.981554 0.108751
100.673028 -37.479223 9.896233 0.389980
104.554404 -37.479223 9.911782 0.347326
108.435780 -37.479223 9.898263 0.285599
112.317156 -37.479223 9.937052 0.126720
116.198532 -37.479223 9.844541 0.135931
120.079908 -37.479223 9.984327 0.174526
123.961284 -37.479223 9.800548 0.092610
127.842660 -37.479223 9.959968 0.252954
131.724036 -37.479223 9.891365 0.169646
135.605412 -37.479223 9.955085 0.248520
139.486788 -37.479223 10.035684 0.243082
-54.582013 -41.360599 0.000000 0.000000
-50.700637 -41.360599 0.000000 0.000000
-46.819261 -41.360599 0.000000 0.000000
-42.937885 -41.360599 0.000000 0.000000
-39.056509 -41.360599 9.885550 -0.991538
-35.175133 -41.360599 10.539288 0.316705
-31.293757 -41.360599 10.054092 0.209606
-27.412381 -41.360599 9.507294 -0.147776
-23.531005 -41.360599 10.230234 0.208028
-19.649629 -41.360599 10.016694 0.121763
-15.768253 -41.360599 10.027225 0.150456
-11.886877 -41.360599 10.053003 0.136444
-8.005501 -41.360599 10.488733 0.224670
-4.124125 -41.360599 10.274261 0.126318
-0.242749 -41.360599 10.367066 0.096210
3.638627 -41.360599 10.261322 0.229432
7.520003 -41.360599 10.325096 0.132350
11.401379 -41.360599 10.332450 -0.009889
15.282755 -41.360599 10.191463 0.181819
19.164131 -41.360599 10.282044 0.196430
23.045507 -41.360599 10.206807 0.113259
26.926883 -41.360599 10.248459 0.260449
30.808259 -41.360599 10.157168 0.257853
34.689635 -41.360599 10.226947 0.318077
38.571011 -41.360599 10.069278 0.468094
42.452387 -41.360599 10.110624 0.102145
46.333763 -41.360599 10.197398 0.261090
50.215140 -41.360599 10.111769 0.225163
54.096516 -41.360599 10.075065 0.279926
57.977892 -41.360599 10.198259 0.298072
61.859268 -41.360599 10.155186 0.429484
65.740644 -41.360599 10.222150 0.310056
69.622020 -41.360599 10.009347 0.240903
73.503396 -41.360599 9.953286 0.141602
77.384772 -41.360599 10.016737 0.280306
81.266148 -41.360599 9.986057 0.181523
85.147524 -41.360599 10.021371 0.239953
89.028900 -41.360599 10.125097 -0.026118
92.910276 -41.360599 10.128725 0.346467
96.791652 -41.360599 9.833226 0.226160
100.673028 -41.360599 9.960320 0.047429
104.554404 -41.360599 10.004457 -0.059985
108.435780 -41.360599 10.011781 0.272530
112.317156 -41.360599 10.007576 -0.068351
116.198532 -41.360599 10.016614 0.292859
120.079908 -41.360599 9.963790 0.095078
123.961284 -41.360599 9.874267 0.128562
127.842660 -41.360599 9.962423 -0.126958
131.724036 -41.360599 9.713443 0.387378
135.605412 -41.360599 9.983688 0.235036
139.486788 -41.360599 10.091435 0.250784
-54.582013 -45.241975 0.000000 0.000000
-50.700637 -45.241975 0.000000 0.000000
-46.819261 -45.241975 0.000000 0.000000
-42.937885 -45.241975 0.000000 0.000000
-39.056509 -45.241975 0.000000 0.000000
-35.175133 -45.241975 0.000000 0.000000
-31.293757 -45.241975 0.000000 0.000000
-27.412381 -45.241975 0.000000 0.000000
-23.531005 -45.241975 0.000000 0.000000
-19.649629 -45.241975 0.000000 0.000000
-15.768253 -45.241975 0.000000 0.000000
-11.886877 -45.241975 0.000000 0.000000
-8.005501 -45.241975 0.000000 0.000000
-4.124125 -45.241975 0.000000 0.000000
-0.242749 -45.241975 0.000000 0.000000
3.638627 -45.241975 0.000000 0.000000
7.520003 -45.241975 0.000000 0.000000
11.401379 -45.241975 0.000000 0.000000
15.282755 -45.241975 0.000000 0.000000
19.164131 -45.241975 0.000000 0.000000
23.045507 -45.241975 0.000000 0.000000
26.926883 -45.241975 0.000000 0.000000
30.808259 -45.241975 0.000000 0.000000
34.689635 -45.241975 0.000000 0.000000
38.571011 -45.241975 0.000000 0.000000
42.452387 -45.241975 0.000000 0.000000
46.333763 -45.241975 0.000000 0.000000
50.215140 -45.241975 0.000000 0.000000
54.096516 -45.241975 0.000000 0.000000
57.977892 -45.241975 0.000000 0.000000
61.859268 -45.241975 0.000000 0.000000
65.740644 -45.241975 0.000000 0.000000
69.622020 -45.241975 0.000000 0.000000
73.503396 -45.241975 0.000000 0.000000
77.384772 -45.241975 0.000000 0.000000
81.266148 -45.241975 0.000000 0.000000
85.147524 -45.241975 0.000000 0.000000
89.028900 -45.241975 0.000000 0.000000
92.910276 -45.241975 0.000000 0.000000
96.791652 -45.241975 0.000000 0.000000
100.673028 -45.241975 0.000000 0.000000
104.554404 -45.241975 0.000000 0.000000
108.435780 -45.241975 0.000000 0.000000
112.317156 -45.241975 0.000000 0.000000
116.198532 -45.241975 0.000000 0.000000
120.079908 -45.241975 0.000000 0.000000
123.961284 -45.241975 0.000000 0.000000
127.842660 -45.241975 0.000000 0.000000
131.724036 -45.241975 0.000000 0.000000
135.605412 -45.241975 0.000000 0.000000
139.486788 -45.241975 0.000000 0.000000
