TITLE = "B00003"
VARIABLES = "position", "position(2)", "Vx", "Vy"
ZONE T="Frame 0", I=51, J=39
-54.582013 102.250314 0.000000 0.000000
-50.700637 102.250314 10.824531 -0.051978
-46.819261 102.250314 0.000000 0.000000
-42.937885 102.250314 0.000000 0.000000
-39.056509 102.250314 0.000000 0.000000
-35.175133 102.250314 0.000000 0.000000
-31.293757 102.250314 0.000000 0.000000
-27.412381 102.250314 0.000000 0.000000
-23.531005 102.250314 0.000000 0.000000
-19.649629 102.250314 0.000000 0.000000
-15.768253 102.250314 9.623301 0.978451
-11.886877 102.250314 9.368855 1.225117
-8.005501 102.250314 10.335568 0.316228
-4.124125 102.250314 0.000000 0.000000
-0.242749 102.250314 9.563166 0.740904
3.638627 102.250314 9.738947 0.840086
7.520003 102.250314 0.000000 0.000000
11.401379 102.250314 11.011071 0.137277
15.282755 102.250314 7.088790 -2.218763
19.164131 102.250314 0.000000 0.000000
23.045507 102.250314 9.887926 -0.873519
26.926883 102.250314 0.000000 0.000000
30.808259 102.250314 1.059764 -2.660706
34.689635 102.250314 8.517266 1.538703
38.571011 102.250314 0.000000 0.000000
42.452387 102.250314 7.034044 -1.908970
46.333763 102.250314 11.973661 0.413849
50.215140 102.250314 9.757473 -0.015506
54.096516 102.250314 12.143270 0.513992
57.977892 102.250314 0.000000 0.000000
61.859268 102.250314 0.000000 0.000000
65.740644 102.250314 0.000000 0.000000
69.622020 102.250314 0.000000 0.000000
73.503396 102.250314 10.170337 -0.357174
77.384772 102.250314 9.501134 0.689473
81.266148 102.250314 9.366819 -0.902745
85.147524 102.250314 9.895160 1.688586
89.028900 102.250314 9.679247 1.007686
92.910276 102.250314 10.464504 -0.384272
96.791652 102.250314 10.325047 0.354859
100.673028 102.250314 10.459503 -0.359055
104.554404 102.250314 10.006632 0.016514
108.435780 102.250314 10.395325 0.412870
112.317156 102.250314 9.813938 0.412382
116.198532 102.250314 9.459876 -1.368115
120.079908 102.250314 9.673293 -0.160048
123.961284 102.250314 10.257275 -0.570857
127.842660 102.250314 9.524410 0.918913
131.724036 102.250314 10.476324 -0.549833
135.605412 102.250314 9.412416 -0.643715
139.486788 102.250314 9.571852 0.196526
-54.582013 98.368938 0.000000 0.000000
-50.700637 98.368938 10.318517 0.516076
-46.819261 98.368938 8.937351 1.881023
-42.937885 98.368938 9.213050 1.829937
-39.056509 98.368938 0.000000 0.000000
-35.175133 98.368938 0.000000 0.000000
-31.293757 98.368938 0.000000 0.000000
-27.412381 98.368938 0.000000 0.000000
-23.531005 98.368938 0.000000 0.000000
-19.649629 98.368938 0.000000 0.000000
-15.768253 98.368938 9.513475 0.076942
-11.886877 98.368938 10.197685 -0.405539
-8.005501 98.368938 10.592640 -0.911667
-4.124125 98.368938 9.410291 0.448047
-0.242749 98.368938 10.040640 0.163643
3.638627 98.368938 9.459223 2.678992
7.520003 98.368938 0.000000 0.000000
11.401379 98.368938 0.000000 0.000000
15.282755 98.368938 9.685117 -0.003168
19.164131 98.368938 7.660239 -0.075816
23.045507 98.368938 10.687070 -1.140193
26.926883 98.368938 10.015830 0.436318
30.808259 98.368938 12.733368 4.897288
34.689635 98.368938 5.840190 4.310217
38.571011 98.368938 6.810124 0.037929
42.452387 98.368938 10.271245 0.030186
46.333763 98.368938 9.999491 2.312023
50.215140 98.368938 10.280551 0.254378
54.096516 98.368938 12.574358 1.945430
57.977892 98.368938 0.000000 0.000000
61.859268 98.368938 0.000000 0.000000
65.740644 98.368938 0.000000 0.000000
69.622020 98.368938 0.000000 0.000000
73.503396 98.368938 10.212948 0.065197
77.384772 98.368938 9.269379 0.537753
81.266148 98.368938 8.672846 0.224020
85.147524 98.368938 10.170183 -0.543170
89.028900 98.368938 9.786392 0.446620
92.910276 98.368938 10.381150 -0.192111
96.791652 98.368938 10.201455 0.799616
100.673028 98.368938 9.263212 0.180666
104.554404 98.368938 9.909404 1.148723
108.435780 98.368938 9.909963 0.330788
112.317156 98.368938 9.876827 -0.836394
116.198532 98.368938 10.093699 -0.225722
120.079908 98.368938 9.351375 0.168994
123.961284 98.368938 10.445259 -0.467204
127.842660 98.368938 10.510992 0.009010
131.724036 98.368938 10.001909 -0.823960
135.605412 98.368938 10.348648 0.419911
139.486788 98.368938 10.488083 -1.071407
-54.582013 94.487562 0.000000 0.000000
-50.700637 94.487562 0.000000 0.000000
-46.819261 94.487562 9.037426 0.681133
-42.937885 94.487562 6.188294 -1.738016
-39.056509 94.487562 12.804047 -5.618494
-35.175133 94.487562 0.000000 0.000000
-31.293757 94.487562 0.000000 0.000000
-27.412381 94.487562 0.000000 0.000000
-23.531005 94.487562 0.000000 0.000000
-19.649629 94.487562 0.000000 0.000000
-15.768253 94.487562 9.810763 0.698585
-11.886877 94.487562 12.303853 -0.331694
-8.005501 94.487562 9.636614 -0.571397
-4.124125 94.487562 11.301271 0.215084
-0.242749 94.487562 8.992205 -0.888187
3.638627 94.487562 10.093335 1.677318
7.520003 94.487562 10.443186 0.479595
11.401379 94.487562 9.956821 -0.326720
15.282755 94.487562 9.940877 -1.101491
19.164131 94.487562 9.859436 -1.366110
23.045507 94.487562 10.709794 -0.620145
26.926883 94.487562 10.102185 -0.898556
30.808259 94.487562 0.000000 0.000000
34.689635 94.487562 0.000000 0.000000
38.571011 94.487562 9.481531 -2.665768
42.452387 94.487562 8.917267 1.861147
46.333763 94.487562 0.000000 0.000000
50.215140 94.487562 10.700651 0.647009
54.096516 94.487562 0.000000 0.000000
57.977892 94.487562 0.000000 0.000000
61.859268 94.487562 0.000000 0.000000
65.740644 94.487562 0.000000 0.000000
69.622020 94.487562 0.000000 0.000000
73.503396 94.487562 10.125076 1.095601
77.384772 94.487562 10.521110 0.085457
81.266148 94.487562 0.000000 0.000000
85.147524 94.487562 8.993466 0.035833
89.028900 94.487562 10.094544 -0.168554
92.910276 94.487562 10.520521 -0.564668
96.791652 94.487562 9.928079 -0.414520
100.673028 94.487562 10.319325 0.559890
104.554404 94.487562 10.230975 -0.327962
108.435780 94.487562 10.143047 0.259440
112.317156 94.487562 9.271563 0.354249
116.198532 94.487562 9.574773 0.170878
120.079908 94.487562 10.175649 -0.435115
123.961284 94.487562 10.044222 0.375475
127.842660 94.487562 10.442911 -0.569804
131.724036 94.487562 10.998035 0.972993
135.605412 94.487562 10.016284 0.568106
139.486788 94.487562 10.017468 0.595840
-54.582013 90.606186 0.000000 0.000000
-50.700637 90.606186 9.461144 1.673314
-46.819261 90.606186 11.812624 0.447288
-42.937885 90.606186 9.546928 0.707182
-39.056509 90.606186 10.175534 2.949283
-35.175133 90.606186 0.000000 0.000000
-31.293757 90.606186 0.000000 0.000000
-27.412381 90.606186 0.000000 0.000000
-23.531005 90.606186 0.000000 0.000000
-19.649629 90.606186 0.000000 0.000000
-15.768253 90.606186 10.099829 0.240705
-11.886877 90.606186 10.122010 -0.377460
-8.005501 90.606186 10.664907 -0.668226
-4.124125 90.606186 10.680083 -0.565974
-0.242749 90.606186 9.982819 -0.393296
3.638627 90.606186 10.941287 -0.872221
7.520003 90.606186 10.691481 -0.144830
11.401379 90.606186 10.374513 -0.392690
15.282755 90.606186 0.000000 0.000000
19.164131 90.606186 10.637675 -2.118951
23.045507 90.606186 10.494101 -0.651903
26.926883 90.606186 11.818728 -0.090940
30.808259 90.606186 11.606073 -0.427693
34.689635 90.606186 10.429792 -0.724954
38.571011 90.606186 10.121723 0.480789
42.452387 90.606186 10.393443 0.101181
46.333763 90.606186 10.822763 0.508000
50.215140 90.606186 10.200663 0.595602
54.096516 90.606186 12.169061 -0.955182
57.977892 90.606186 8.522017 -0.277212
61.859268 90.606186 0.000000 0.000000
65.740644 90.606186 0.000000 0.000000
69.622020 90.606186 0.000000 0.000000
73.503396 90.606186 0.000000 0.000000
77.384772 90.606186 10.195690 -0.426489
81.266148 90.606186 10.589512 -1.754004
85.147524 90.606186 8.911508 -1.781016
89.028900 90.606186 7.902056 -0.730475
92.910276 90.606186 8.707579 -0.615739
96.791652 90.606186 9.936333 -0.455765
100.673028 90.606186 9.933363 0.432061
104.554404 90.606186 10.216668 -0.700018
108.435780 90.606186 10.278256 0.187545
112.317156 90.606186 9.602911 -0.085670
116.198532 90.606186 10.702352 0.295058
120.079908 90.606186 10.050894 0.088981
123.961284 90.606186 9.671344 0.195173
127.842660 90.606186 10.289083 -0.201715
131.724036 90.606186 9.661886 0.439902
135.605412 90.606186 12.428704 -0.282575
139.486788 90.606186 10.031636 0.165798
-54.582013 86.724810 0.000000 0.000000
-50.700637 86.724810 9.272880 1.702759
-46.819261 86.724810 0.000000 0.000000
-42.937885 86.724810 10.182790 2.440662
-39.056509 86.724810 10.134832 -1.403784
-35.175133 86.724810 0.000000 0.000000
-31.293757 86.724810 0.000000 0.000000
-27.412381 86.724810 0.000000 0.000000
-23.531005 86.724810 0.000000 0.000000
-19.649629 86.724810 0.000000 0.000000
-15.768253 86.724810 10.425844 0.525735
-11.886877 86.724810 10.256781 0.468901
-8.005501 86.724810 10.532866 0.686584
-4.124125 86.724810 10.039098 -0.968437
-0.242749 86.724810 10.110122 1.222671
3.638627 86.724810 10.467159 0.073262
7.520003 86.724810 10.083884 0.970175
11.401379 86.724810 9.519425 -0.480545
15.282755 86.724810 10.303535 -1.051213
19.164131 86.724810 12.436616 0.608991
23.045507 86.724810 9.676455 -0.605339
26.926883 86.724810 10.217458 0.724974
30.808259 86.724810 10.703841 -0.053357
34.689635 86.724810 10.754654 -0.727602
38.571011 86.724810 8.588488 -1.898263
42.452387 86.724810 10.320331 -0.204815
46.333763 86.724810 10.376650 0.077895
50.215140 86.724810 10.212097 0.330729
54.096516 86.724810 10.584142 -0.000791
57.977892 86.724810 0.000000 0.000000
61.859268 86.724810 0.000000 0.000000
65.740644 86.724810 0.000000 0.000000
69.622020 86.724810 0.000000 0.000000
73.503396 86.724810 10.294935 -0.446175
77.384772 86.724810 9.911372 0.046419
81.266148 86.724810 10.844186 -1.721347
85.147524 86.724810 9.417459 -0.251253
89.028900 86.724810 9.618677 -0.196542
92.910276 86.724810 10.105047 -0.709261
96.791652 86.724810 9.657963 0.187967
100.673028 86.724810 10.290181 0.523994
104.554404 86.724810 9.615552 -0.742121
108.435780 86.724810 8.997998 0.172109
112.317156 86.724810 10.730548 -1.642355
116.198532 86.724810 10.026235 -0.396911
120.079908 86.724810 10.275320 0.454543
123.961284 86.724810 10.190174 0.351561
127.842660 86.724810 10.133003 -0.539911
131.724036 86.724810 9.613800 -0.220990
135.605412 86.724810 10.984682 1.103598
139.486788 86.724810 10.521955 0.405502
-54.582013 82.843434 0.000000 0.000000
-50.700637 82.843434 0.000000 0.000000
-46.819261 82.843434 10.793243 1.317823
-42.937885 82.843434 9.505532 0.267839
-39.056509 82.843434 9.043278 1.106331
-35.175133 82.843434 0.000000 0.000000
-31.293757 82.843434 0.000000 0.000000
-27.412381 82.843434 0.000000 0.000000
-23.531005 82.843434 0.000000 0.000000
-19.649629 82.843434 0.000000 0.000000
-15.768253 82.843434 10.576741 0.444251
-11.886877 82.843434 10.301724 -0.141088
-8.005501 82.843434 10.645886 0.149400
-4.124125 82.843434 10.729484 -0.702794
-0.242749 82.843434 10.741880 0.374981
3.638627 82.843434 10.748421 0.373612
7.520003 82.843434 10.231808 0.627075
11.401379 82.843434 9.911672 -0.464285
15.282755 82.843434 10.144189 0.259171
19.164131 82.843434 10.494120 0.085563
23.045507 82.843434 10.295693 -0.286670
26.926883 82.843434 10.314430 0.138311
30.808259 82.843434 10.397169 -0.169621
34.689635 82.843434 10.430659 0.430930
38.571011 82.843434 9.753932 0.099669
42.452387 82.843434 9.216033 -1.451448
46.333763 82.843434 10.310352 -0.374869
50.215140 82.843434 9.335760 -0.195165
54.096516 82.843434 10.149029 -0.370121
57.977892 82.843434 9.306418 -0.191408
61.859268 82.843434 0.000000 0.000000
65.740644 82.843434 0.000000 0.000000
69.622020 82.843434 10.002949 -1.020891
73.503396 82.843434 10.293171 0.466993
77.384772 82.843434 10.353559 -0.661140
81.266148 82.843434 8.021537 -0.018474
85.147524 82.843434 9.343697 -0.474647
89.028900 82.843434 9.832168 -0.807878
92.910276 82.843434 9.255716 -0.846305
96.791652 82.843434 9.384263 0.408781
100.673028 82.843434 10.378454 -0.048276
104.554404 82.843434 9.933159 -0.385142
108.435780 82.843434 9.317437 0.303425
112.317156 82.843434 10.210268 -0.831974
116.198532 82.843434 9.510353 -0.198506
120.079908 82.843434 10.260149 -0.424066
123.961284 82.843434 9.589635 -0.740482
127.842660 82.843434 9.631756 -0.480885
131.724036 82.843434 9.453208 0.510167
135.605412 82.843434 9.965902 -0.515295
139.486788 82.843434 9.037697 -0.293365
-54.582013 78.962058 0.000000 0.000000
-50.700637 78.962058 0.000000 0.000000
-46.819261 78.962058 10.854568 -0.024085
-42.937885 78.962058 9.040717 1.787611
-39.056509 78.962058 10.375768 -0.321171
-35.175133 78.962058 0.000000 0.000000
-31.293757 78.962058 0.000000 0.000000
-27.412381 78.962058 0.000000 0.000000
-23.531005 78.962058 0.000000 0.000000
-19.649629 78.962058 0.000000 0.000000
-15.768253 78.962058 10.660893 0.530373
-11.886877 78.962058 10.450845 0.687841
-8.005501 78.962058 10.354913 0.334983
-4.124125 78.962058 10.077727 0.243943
-0.242749 78.962058 9.396457 1.451465
3.638627 78.962058 10.662442 0.046689
7.520003 78.962058 10.605724 0.548785
11.401379 78.962058 10.603479 -0.449111
15.282755 78.962058 10.645689 -0.667999
19.164131 78.962058 10.262185 0.463551
23.045507 78.962058 10.493333 0.460458
26.926883 78.962058 10.381795 -0.444159
30.808259 78.962058 10.462561 -0.495563
34.689635 78.962058 10.816612 -0.432994
38.571011 78.962058 10.787704 0.027857
42.452387 78.962058 10.546499 -0.302663
46.333763 78.962058 9.713607 -0.361620
50.215140 78.962058 9.363914 -0.712467
54.096516 78.962058 9.633702 -0.494890
57.977892 78.962058 9.442319 -1.285306
61.859268 78.962058 0.000000 0.000000
65.740644 78.962058 0.000000 0.000000
69.622020 78.962058 9.644100 -0.554136
73.503396 78.962058 9.965190 0.412711
77.384772 78.962058 9.703329 -0.205846
81.266148 78.962058 10.527782 0.153231
85.147524 78.962058 9.803034 0.097137
89.028900 78.962058 9.998526 0.097828
92.910276 78.962058 10.167665 -0.266400
96.791652 78.962058 9.859803 -0.271183
100.673028 78.962058 9.270224 0.121023
104.554404 78.962058 9.693140 -0.218413
108.435780 78.962058 9.688680 0.990348
112.317156 78.962058 10.304022 0.660836
116.198532 78.962058 10.291970 0.903078
120.079908 78.962058 10.608791 0.222814
123.961284 78.962058 9.691024 -0.307839
127.842660 78.962058 9.294410 -0.415143
131.724036 78.962058 9.985585 -0.238689
135.605412 78.962058 10.516807 0.108778
139.486788 78.962058 10.100904 0.408198
-54.582013 75.080682 0.000000 0.000000
-50.700637 75.080682 9.584425 0.494878
-46.819261 75.080682 10.757575 0.431660
-42.937885 75.080682 0.000000 0.000000
-39.056509 75.080682 10.288994 1.093379
-35.175133 75.080682 0.000000 0.000000
-31.293757 75.080682 0.000000 0.000000
-27.412381 75.080682 0.000000 0.000000
-23.531005 75.080682 0.000000 0.000000
-19.649629 75.080682 0.000000 0.000000
-15.768253 75.080682 10.582448 0.531820
-11.886877 75.080682 10.719054 -0.185251
-8.005501 75.080682 10.920272 -0.179941
-4.124125 75.080682 9.149652 0.799380
-0.242749 75.080682 10.505449 0.021013
3.638627 75.080682 10.716337 0.553366
7.520003 75.080682 10.600306 -0.349723
11.401379 75.080682 10.727192 0.369029
15.282755 75.080682 10.944927 -0.017012
19.164131 75.080682 10.338262 -0.752217
23.045507 75.080682 9.477286 -0.395684
26.926883 75.080682 10.609682 -0.197053
30.808259 75.080682 10.055379 -0.081118
34.689635 75.080682 10.542798 -0.021295
38.571011 75.080682 10.565661 0.436309
42.452387 75.080682 10.687215 0.017997
46.333763 75.080682 10.595919 -0.392723
50.215140 75.080682 10.171198 0.097237
54.096516 75.080682 10.331482 -0.291591
57.977892 75.080682 10.484795 -0.287239
61.859268 75.080682 0.000000 0.000000
65.740644 75.080682 0.000000 0.000000
69.622020 75.080682 9.951417 -0.256917
73.503396 75.080682 9.578842 -0.223302
77.384772 75.080682 9.731951 0.323111
81.266148 75.080682 9.893148 0.986832
85.147524 75.080682 10.068393 -0.765250
89.028900 75.080682 8.696462 -0.285662
92.910276 75.080682 10.159976 -0.295592
96.791652 75.080682 9.316663 0.021832
100.673028 75.080682 9.713767 -0.504983
104.554404 75.080682 9.138046 0.056452
108.435780 75.080682 9.723622 0.346888
112.317156 75.080682 9.937453 -0.230120
116.198532 75.080682 9.642056 -0.224809
120.079908 75.080682 10.031139 -0.399041
123.961284 75.080682 10.054505 -0.051768
127.842660 75.080682 9.975592 -0.391498
131.724036 75.080682 9.301184 0.269707
135.605412 75.080682 9.850050 -0.084422
139.486788 75.080682 9.969373 -0.316132
-54.582013 71.199306 0.000000 0.000000
-50.700637 71.199306 0.000000 0.000000
-46.819261 71.199306 0.000000 0.000000
-42.937885 71.199306 10.693399 0.238032
-39.056509 71.199306 10.404288 0.857424
-35.175133 71.199306 0.000000 0.000000
-31.293757 71.199306 0.000000 0.000000
-27.412381 71.199306 0.000000 0.000000
-23.531005 71.199306 0.000000 0.000000
-19.649629 71.199306 0.000000 0.000000
-15.768253 71.199306 10.329371 0.471776
-11.886877 71.199306 10.848866 0.201231
-8.005501 71.199306 10.702379 -0.649980
-4.124125 71.199306 11.353534 -0.736069
-0.242749 71.199306 10.251534 0.741034
3.638627 71.199306 10.145922 0.598121
7.520003 71.199306 10.611308 0.253363
11.401379 71.199306 10.527554 -0.104360
15.282755 71.199306 10.803096 -0.048290
19.164131 71.199306 10.107456 0.247345
23.045507 71.199306 9.965819 0.276473
26.926883 71.199306 10.635381 0.053219
30.808259 71.199306 10.332716 0.127707
34.689635 71.199306 10.093471 0.126099
38.571011 71.199306 10.414860 0.195626
42.452387 71.199306 9.668268 -0.171599
46.333763 71.199306 10.330045 0.134675
50.215140 71.199306 10.399610 -0.719628
54.096516 71.199306 10.460407 -0.539590
57.977892 71.199306 10.262704 -0.509310
61.859268 71.199306 0.000000 0.000000
65.740644 71.199306 0.000000 0.000000
69.622020 71.199306 10.170038 -0.781071
73.503396 71.199306 9.912245 -0.538968
77.384772 71.199306 10.073615 -0.750885
81.266148 71.199306 10.228816 -0.785814
85.147524 71.199306 9.964203 -0.007399
89.028900 71.199306 11.075972 0.331434
92.910276 71.199306 10.389270 -0.065155
96.791652 71.199306 10.155738 -0.203250
100.673028 71.199306 10.105458 0.169108
104.554404 71.199306 9.846660 0.183457
108.435780 71.199306 10.126893 -0.262694
112.317156 71.199306 9.893435 -0.149852
116.198532 71.199306 10.182028 0.163461
120.079908 71.199306 9.580896 0.073903
123.961284 71.199306 9.944378 -0.115831
127.842660 71.199306 9.958515 -0.015932
131.724036 71.199306 9.947370 -0.169919
135.605412 71.199306 10.209225 0.300987
139.486788 71.199306 10.041328 -0.004573
-54.582013 67.317930 9.002082 0.936478
-50.700637 67.317930 11.611123 0.627061
-46.819261 67.317930 10.317974 0.500347
-42.937885 67.317930 10.260044 -0.215946
-39.056509 67.317930 10.559754 0.458378
-35.175133 67.317930 0.000000 0.000000
-31.293757 67.317930 0.000000 0.000000
-27.412381 67.317930 0.000000 0.000000
-23.531005 67.317930 0.000000 0.000000
-19.649629 67.317930 10.603455 0.402100
-15.768253 67.317930 10.668874 0.387440
-11.886877 67.317930 10.506391 0.462503
-8.005501 67.317930 11.519207 0.359516
-4.124125 67.317930 0.000000 0.000000
-0.242749 67.317930 11.327318 0.195051
3.638627 67.317930 10.647762 -0.480289
7.520003 67.317930 9.958197 1.182081
11.401379 67.317930 11.401574 -0.943018
15.282755 67.317930 10.237367 0.096051
19.164131 67.317930 10.548542 -0.101445
23.045507 67.317930 10.574135 0.362579
26.926883 67.317930 10.244143 -0.227343
30.808259 67.317930 10.503256 0.135166
34.689635 67.317930 10.464902 -0.210687
38.571011 67.317930 10.203741 -0.752355
42.452387 67.317930 10.153865 -0.079735
46.333763 67.317930 10.525737 0.181807
50.215140 67.317930 10.550217 -0.146661
54.096516 67.317930 9.935719 -0.399577
57.977892 67.317930 10.429543 -0.303259
61.859268 67.317930 0.000000 0.000000
65.740644 67.317930 0.000000 0.000000
69.622020 67.317930 10.163282 0.137654
73.503396 67.317930 9.637885 -0.153441
77.384772 67.317930 10.302412 0.005435
81.266148 67.317930 9.995385 -0.405851
85.147524 67.317930 9.760373 -0.409540
89.028900 67.317930 9.600595 -0.333090
92.910276 67.317930 10.182228 -0.197281
96.791652 67.317930 10.111269 0.094553
100.673028 67.317930 9.918504 -0.474160
104.554404 67.317930 9.957991 0.162854
108.435780 67.317930 10.233859 -0.276115
112.317156 67.317930 9.914611 -0.069728
116.198532 67.317930 9.843634 -0.329620
120.079908 67.317930 9.781114 -0.031106
123.961284 67.317930 10.133405 0.175936
127.842660 67.317930 10.170941 -0.295422
131.724036 67.317930 9.829904 -0.015224
135.605412 67.317930 9.395013 -0.285719
139.486788 67.317930 10.016580 0.297780
-54.582013 63.436554 6.423122 -0.922429
-50.700637 63.436554 9.994510 1.169102
-46.819261 63.436554 10.444448 0.731967
-42.937885 63.436554 9.480485 0.761514
-39.056509 63.436554 10.202905 1.196151
-35.175133 63.436554 0.000000 0.000000
-31.293757 63.436554 0.000000 0.000000
-27.412381 63.436554 0.000000 0.000000
-23.531005 63.436554 0.000000 0.000000
-19.649629 63.436554 10.923461 0.603056
-15.768253 63.436554 10.591391 1.315383
-11.886877 63.436554 10.655193 0.952469
-8.005501 63.436554 11.633348 0.321444
-4.124125 63.436554 10.736313 0.523673
-0.242749 63.436554 10.863039 -1.215624
3.638627 63.436554 10.900904 0.507001
7.520003 63.436554 10.255451 0.446961
11.401379 63.436554 10.723009 -0.228621
15.282755 63.436554 10.715741 -0.536004
19.164131 63.436554 10.531768 0.331133
23.045507 63.436554 10.389877 -0.413908
26.926883 63.436554 10.811208 -0.279072
30.808259 63.436554 10.600259 -0.409000
34.689635 63.436554 10.685009 -0.452702
38.571011 63.436554 10.409986 0.183868
42.452387 63.436554 10.279978 -0.044868
46.333763 63.436554 10.272704 -0.881499
50.215140 63.436554 10.523238 -0.261983
54.096516 63.436554 10.634199 -0.801932
57.977892 63.436554 10.247360 -1.279006
61.859268 63.436554 0.000000 0.000000
65.740644 63.436554 0.000000 0.000000
69.622020 63.436554 10.258941 -0.269257
73.503396 63.436554 9.845898 -0.604770
77.384772 63.436554 9.891692 -0.251230
81.266148 63.436554 9.846132 -0.396159
85.147524 63.436554 10.309223 -0.367490
89.028900 63.436554 9.356078 0.372581
92.910276 63.436554 9.683895 -0.444093
96.791652 63.436554 9.988476 0.051362
100.673028 63.436554 9.688702 -0.388052
104.554404 63.436554 9.670199 -0.102950
108.435780 63.436554 9.708677 -0.199134
112.317156 63.436554 9.259190 -0.468142
116.198532 63.436554 9.827417 -0.435544
120.079908 63.436554 10.018246 -0.039534
123.961284 63.436554 9.563026 0.279928
127.842660 63.436554 9.640032 -0.126968
131.724036 63.436554 9.487364 -0.431955
135.605412 63.436554 9.536104 -0.194581
139.486788 63.436554 9.863548 0.077452
-54.582013 59.555178 0.000000 0.000000
-50.700637 59.555178 9.221643 0.532805
-46.819261 59.555178 10.594509 0.970377
-42.937885 59.555178 9.443954 1.110458
-39.056509 59.555178 10.398076 1.013260
-35.175133 59.555178 0.000000 0.000000
-31.293757 59.555178 0.000000 0.000000
-27.412381 59.555178 0.000000 0.000000
-23.531005 59.555178 0.000000 0.000000
-19.649629 59.555178 10.631103 0.515675
-15.768253 59.555178 10.578737 0.615589
-11.886877 59.555178 10.876566 0.820806
-8.005501 59.555178 10.820008 0.378706
-4.124125 59.555178 10.926611 -0.017336
-0.242749 59.555178 10.707965 0.155396
3.638627 59.555178 10.752776 -0.211344
7.520003 59.555178 10.876057 -0.589723
11.401379 59.555178 10.538473 0.087339
15.282755 59.555178 11.395609 -0.495500
19.164131 59.555178 10.381610 -0.231672
23.045507 59.555178 10.779717 -0.368608
26.926883 59.555178 10.667852 -0.578962
30.808259 59.555178 10.514207 -0.593520
34.689635 59.555178 10.116559 -0.534835
38.571011 59.555178 10.470242 -0.937271
42.452387 59.555178 10.845802 -0.130237
46.333763 59.555178 10.600678 -0.207245
50.215140 59.555178 10.085852 -0.794168
54.096516 59.555178 10.345175 -0.699910
57.977892 59.555178 10.180338 -0.518850
61.859268 59.555178 0.000000 0.000000
65.740644 59.555178 0.000000 0.000000
69.622020 59.555178 10.224176 -0.334734
73.503396 59.555178 9.954483 -0.538318
77.384772 59.555178 9.750221 -0.444528
81.266148 59.555178 10.060505 -0.248687
85.147524 59.555178 9.990200 -0.467473
89.028900 59.555178 9.807824 -0.504209
92.910276 59.555178 9.908546 -0.372935
96.791652 59.555178 9.980295 -0.388766
100.673028 59.555178 9.847897 -0.168108
104.554404 59.555178 9.770028 0.145226
108.435780 59.555178 9.799501 -0.383947
112.317156 59.555178 9.723095 -0.277775
116.198532 59.555178 9.866450 0.422034
120.079908 59.555178 9.801556 0.240600
123.961284 59.555178 9.868119 0.488823
127.842660 59.555178 9.931577 0.531135
131.724036 59.555178 9.899169 -0.102961
135.605412 59.555178 9.685925 0.053062
139.486788 59.555178 9.170226 0.220094
-54.582013 55.673802 10.020597 -0.933805
-50.700637 55.673802 8.908750 0.785280
-46.819261 55.673802 9.608710 0.859777
-42.937885 55.673802 9.316817 1.117297
-39.056509 55.673802 10.160272 1.419883
-35.175133 55.673802 0.000000 0.000000
-31.293757 55.673802 0.000000 0.000000
-27.412381 55.673802 0.000000 0.000000
-23.531005 55.673802 10.527356 1.125858
-19.649629 55.673802 10.887901 0.775337
-15.768253 55.673802 10.800822 0.599562
-11.886877 55.673802 10.621426 0.854191
-8.005501 55.673802 10.967176 0.284486
-4.124125 55.673802 10.788558 0.430187
-0.242749 55.673802 11.161466 0.317457
3.638627 55.673802 10.906299 0.121976
7.520003 55.673802 10.915574 0.201945
11.401379 55.673802 10.874080 -0.069366
15.282755 55.673802 10.697042 0.228243
19.164131 55.673802 11.699236 -0.729795
23.045507 55.673802 10.757659 -0.121313
26.926883 55.673802 10.819413 -0.497238
30.808259 55.673802 10.617810 -0.477114
34.689635 55.673802 10.338484 -0.670508
38.571011 55.673802 10.182663 -0.148598
42.452387 55.673802 10.568110 -0.541342
46.333763 55.673802 10.377769 -0.289011
50.215140 55.673802 10.310022 -0.588008
54.096516 55.673802 10.291147 -0.528073
57.977892 55.673802 10.237185 -0.779072
61.859268 55.673802 0.000000 0.000000
65.740644 55.673802 0.000000 0.000000
69.622020 55.673802 10.122705 -0.367459
73.503396 55.673802 10.088230 -0.425727
77.384772 55.673802 9.968617 -0.428069
81.266148 55.673802 9.825866 -0.381749
85.147524 55.673802 9.782101 -0.301433
89.028900 55.673802 9.413511 -0.095758
92.910276 55.673802 10.212017 -0.089374
96.791652 55.673802 10.106716 -0.465190
100.673028 55.673802 9.791732 0.461453
104.554404 55.673802 9.982464 -0.050604
108.435780 55.673802 10.140626 -0.921766
112.317156 55.673802 9.581921 -0.185245
116.198532 55.673802 9.577827 0.329406
120.079908 55.673802 9.672485 0.497603
123.961284 55.673802 10.029181 0.224196
127.842660 55.673802 9.380543 0.522327
131.724036 55.673802 9.730951 -0.008281
135.605412 55.673802 9.462705 -0.424332
139.486788 55.673802 9.324806 0.454115
-54.582013 51.792426 0.000000 0.000000
-50.700637 51.792426 9.095765 0.844608
-46.819261 51.792426 10.113065 0.889763
-42.937885 51.792426 10.016197 1.133411
-39.056509 51.792426 9.934646 1.200126
-35.175133 51.792426 0.000000 0.000000
-31.293757 51.792426 0.000000 0.000000
-27.412381 51.792426 0.000000 0.000000
-23.531005 51.792426 10.737969 1.072950
-19.649629 51.792426 10.742911 0.842297
-15.768253 51.792426 10.785967 0.694553
-11.886877 51.792426 10.917884 0.266161
-8.005501 51.792426 11.060802 0.495319
-4.124125 51.792426 10.714696 0.484116
-0.242749 51.792426 10.720353 0.185859
3.638627 51.792426 11.054327 0.154024
7.520003 51.792426 11.070001 -0.065478
11.401379 51.792426 10.791735 0.002238
15.282755 51.792426 10.579847 -0.565367
19.164131 51.792426 10.918363 -0.326161
23.045507 51.792426 10.757406 -0.601280
26.926883 51.792426 10.679093 -0.415492
30.808259 51.792426 10.791902 -0.520822
34.689635 51.792426 10.610644 -0.861335
38.571011 51.792426 10.102783 -0.968717
42.452387 51.792426 10.084417 -0.739515
46.333763 51.792426 10.039983 -0.619945
50.215140 51.792426 10.222467 -0.326913
54.096516 51.792426 10.264656 -0.323303
57.977892 51.792426 10.083122 -0.762023
61.859268 51.792426 0.000000 0.000000
65.740644 51.792426 0.000000 0.000000
69.622020 51.792426 10.319229 -0.701373
73.503396 51.792426 9.534253 -0.412583
77.384772 51.792426 9.668303 -0.890085
81.266148 51.792426 9.852468 -0.219236
85.147524 51.792426 9.625192 0.029737
89.028900 51.792426 9.447776 -0.293335
92.910276 51.792426 9.893309 -0.170940
96.791652 51.792426 9.831450 -0.302986
100.673028 51.792426 10.330890 0.300763
104.554404 51.792426 9.703714 -0.402931
108.435780 51.792426 10.215786 0.510221
112.317156 51.792426 9.551262 0.235520
116.198532 51.792426 9.843516 0.290137
120.079908 51.792426 9.310654 0.101235
123.961284 51.792426 10.141098 -0.287922
127.842660 51.792426 9.792123 -0.024110
131.724036 51.792426 9.497849 0.231879
135.605412 51.792426 9.889515 0.053415
139.486788 51.792426 9.694674 -0.243557
-54.582013 47.911049 10.141449 1.479904
-50.700637 47.911049 9.306221 0.151937
-46.819261 47.911049 9.461807 0.824190
-42.937885 47.911049 9.197133 1.316417
-39.056509 47.911049 9.000573 1.080617
-35.175133 47.911049 0.000000 0.000000
-31.293757 47.911049 0.000000 0.000000
-27.412381 47.911049 0.000000 0.000000
-23.531005 47.911049 10.763334 1.219176
-19.649629 47.911049 11.359417 1.178899
-15.768253 47.911049 11.328388 1.113150
-11.886877 47.911049 11.475639 0.659089
-8.005501 47.911049 11.507442 0.414452
-4.124125 47.911049 11.213676 0.013640
-0.242749 47.911049 11.343059 -0.056785
3.638627 47.911049 11.005812 -0.296585
7.520003 47.911049 11.086386 -0.471444
11.401379 47.911049 10.831989 -0.339701
15.282755 47.911049 11.043287 -0.413686
19.164131 47.911049 10.515900 -0.804101
23.045507 47.911049 11.065466 -0.580445
26.926883 47.911049 10.380543 -0.714060
30.808259 47.911049 10.861482 -0.805779
34.689635 47.911049 10.230226 -0.732317
38.571011 47.911049 10.420952 -0.517316
42.452387 47.911049 10.096546 -0.504615
46.333763 47.911049 10.347562 -0.649715
50.215140 47.911049 10.059978 -0.746966
54.096516 47.911049 10.294763 -0.583531
57.977892 47.911049 10.063275 -0.773574
61.859268 47.911049 0.000000 0.000000
65.740644 47.911049 0.000000 0.000000
69.622020 47.911049 9.919136 -0.648253
73.503396 47.911049 10.298411 -0.384803
77.384772 47.911049 9.269246 -0.603448
81.266148 47.911049 9.818642 -0.453222
85.147524 47.911049 8.956830 -0.245520
89.028900 47.911049 9.814176 0.421158
92.910276 47.911049 9.909651 0.095300
96.791652 47.911049 9.701551 -0.198230
100.673028 47.911049 9.498009 -0.539309
104.554404 47.911049 9.760928 -0.152630
108.435780 47.911049 9.593812 0.311239
112.317156 47.911049 9.668559 0.248644
116.198532 47.911049 10.202205 0.035884
120.079908 47.911049 10.100446 0.125952
123.961284 47.911049 9.930488 -0.408576
127.842660 47.911049 9.159717 0.361017
131.724036 47.911049 9.907680 0.159886
135.605412 47.911049 9.972094 -0.270676
139.486788 47.911049 10.321099 -0.067642
-54.582013 44.029673 9.098023 0.077809
-50.700637 44.029673 8.984475 1.325951
-46.819261 44.029673 9.362322 0.313015
-42.937885 44.029673 9.010228 1.727170
-39.056509 44.029673 9.337897 2.087205
-35.175133 44.029673 0.000000 0.000000
-31.293757 44.029673 0.000000 0.000000
-27.412381 44.029673 11.132489 2.036640
-23.531005 44.029673 11.433395 1.926461
-19.649629 44.029673 11.853922 1.017499
-15.768253 44.029673 11.641612 0.760298
-11.886877 44.029673 11.830127 0.817289
-8.005501 44.029673 11.363297 0.388746
-4.124125 44.029673 9.638545 0.215649
-0.242749 44.029673 11.478317 -0.227919
3.638627 44.029673 0.000000 0.000000
7.520003 44.029673 10.978503 -0.017831
11.401379 44.029673 11.377311 -0.068624
15.282755 44.029673 11.079390 0.084826
19.164131 44.029673 11.190388 -0.902066
23.045507 44.029673 10.546811 -0.890570
26.926883 44.029673 10.701870 -0.180279
30.808259 44.029673 10.530792 -0.662473
34.689635 44.029673 10.390630 -0.533092
38.571011 44.029673 10.514447 -0.127996
42.452387 44.029673 10.345452 -0.857135
46.333763 44.029673 10.400075 -0.772810
50.215140 44.029673 10.285095 -0.926723
54.096516 44.029673 10.363766 -0.726461
57.977892 44.029673 10.383636 -0.630339
61.859268 44.029673 0.000000 0.000000
65.740644 44.029673 0.000000 0.000000
69.622020 44.029673 9.414536 -0.395130
73.503396 44.029673 9.903766 -0.456170
77.384772 44.029673 9.897374 -0.689502
81.266148 44.029673 9.172610 -0.713229
85.147524 44.029673 8.859266 0.365351
89.028900 44.029673 8.703238 2.139056
92.910276 44.029673 10.215277 0.566887
96.791652 44.029673 10.095716 -0.795396
100.673028 44.029673 9.717077 -0.622686
104.554404 44.029673 9.658000 -0.494192
108.435780 44.029673 8.971387 -0.199118
112.317156 44.029673 10.032703 0.252580
116.198532 44.029673 10.061912 0.481792
120.079908 44.029673 10.378374 -0.247885
123.961284 44.029673 9.100090 -1.202265
127.842660 44.029673 9.063334 -0.606152
131.724036 44.029673 9.512769 -0.073447
135.605412 44.029673 9.413909 0.012703
139.486788 44.029673 10.520721 -0.262936
-54.582013 40.148297 0.000000 0.000000
-50.700637 40.148297 0.000000 0.000000
-46.819261 40.148297 9.049058 0.992845
-42.937885 40.148297 8.814569 0.806262
-39.056509 40.148297 8.236906 1.696080
-35.175133 40.148297 0.000000 0.000000
-31.293757 40.148297 0.000000 0.000000
-27.412381 40.148297 0.000000 0.000000
-23.531005 40.148297 0.000000 0.000000
-19.649629 40.148297 0.000000 0.000000
-15.768253 40.148297 0.000000 0.000000
-11.886877 40.148297 0.000000 0.000000
-8.005501 40.148297 0.000000 0.000000
-4.124125 40.148297 0.000000 0.000000
-0.242749 40.148297 0.000000 0.000000
3.638627 40.148297 0.000000 0.000000
7.520003 40.148297 0.000000 0.000000
11.401379 40.148297 0.000000 0.000000
15.282755 40.148297 0.000000 0.000000
19.164131 40.148297 0.000000 0.000000
23.045507 40.148297 0.000000 0.000000
26.926883 40.148297 0.000000 0.000000
30.808259 40.148297 0.000000 0.000000
34.689635 40.148297 0.000000 0.000000
38.571011 40.148297 0.000000 0.000000
42.452387 40.148297 10.079210 -0.310059
46.333763 40.148297 9.488391 -1.334948
50.215140 40.148297 10.610626 -0.417042
54.096516 40.148297 10.274096 -1.423733
57.977892 40.148297 10.157970 -0.593363
61.859268 40.148297 10.215144 -0.824683
65.740644 40.148297 0.000000 0.000000
69.622020 40.148297 8.293365 -0.059948
73.503396 40.148297 9.953543 0.607157
77.384772 40.148297 9.952987 -2.229393
81.266148 40.148297 7.890121 -1.437911
85.147524 40.148297 6.066938 -0.669293
89.028900 40.148297 6.667166 2.272152
92.910276 40.148297 8.704352 2.563808
96.791652 40.148297 9.767940 -1.940168
100.673028 40.148297 9.280283 -1.122656
104.554404 40.148297 9.042247 -1.112258
108.435780 40.148297 8.444398 -0.736737
112.317156 40.148297 8.013341 1.981642
116.198532 40.148297 9.460762 2.357618
120.079908 40.148297 10.257342 -1.398605
123.961284 40.148297 9.598207 -1.400974
127.842660 40.148297 8.786506 -1.200716
131.724036 40.148297 7.833608 1.574370
135.605412 40.148297 9.276350 2.148549
139.486788 40.148297 10.176028 -0.642548
-54.582013 36.266921 0.000000 0.000000
-50.700637 36.266921 9.322354 -0.003065
-46.819261 36.266921 8.885214 0.086139
-42.937885 36.266921 8.875208 0.813685
-39.056509 36.266921 6.685588 -0.914284
-35.175133 36.266921 0.000000 0.000000
-31.293757 36.266921 0.000000 0.000000
-27.412381 36.266921 0.000000 0.000000
-23.531005 36.266921 0.000000 0.000000
-19.649629 36.266921 0.000000 0.000000
-15.768253 36.266921 0.000000 0.000000
-11.886877 36.266921 0.000000 0.000000
-8.005501 36.266921 0.000000 0.000000
-4.124125 36.266921 0.000000 0.000000
-0.242749 36.266921 0.000000 0.000000
3.638627 36.266921 0.000000 0.000000
7.520003 36.266921 0.000000 0.000000
11.401379 36.266921 0.000000 0.000000
15.282755 36.266921 0.000000 0.000000
19.164131 36.266921 0.000000 0.000000
23.045507 36.266921 0.000000 0.000000
26.926883 36.266921 0.000000 0.000000
30.808259 36.266921 0.000000 0.000000
34.689635 36.266921 0.000000 0.000000
38.571011 36.266921 0.000000 0.000000
42.452387 36.266921 0.000000 0.000000
46.333763 36.266921 0.000000 0.000000
50.215140 36.266921 0.000000 0.000000
54.096516 36.266921 0.000000 0.000000
57.977892 36.266921 0.000000 0.000000
61.859268 36.266921 0.000000 0.000000
65.740644 36.266921 0.000000 0.000000
69.622020 36.266921 0.000000 0.000000
73.503396 36.266921 0.000000 0.000000
77.384772 36.266921 0.000000 0.000000
81.266148 36.266921 0.000000 0.000000
85.147524 36.266921 7.511741 -2.097019
89.028900 36.266921 8.371081 2.275143
92.910276 36.266921 7.268030 2.689157
96.791652 36.266921 8.055680 -2.105690
100.673028 36.266921 8.853495 -1.353167
104.554404 36.266921 9.200729 -0.968121
108.435780 36.266921 9.922767 -1.661008
112.317156 36.266921 9.195652 2.206053
116.198532 36.266921 7.736704 1.296262
120.079908 36.266921 8.363562 -1.145615
123.961284 36.266921 9.027999 -1.934144
127.842660 36.266921 9.958203 -1.173103
131.724036 36.266921 8.868129 1.328652
135.605412 36.266921 8.835283 2.411606
139.486788 36.266921 7.919271 0.643822
-54.582013 32.385545 0.000000 0.000000
-50.700637 32.385545 9.121421 0.712993
-46.819261 32.385545 0.000000 0.000000
-42.937885 32.385545 0.000000 0.000000
-39.056509 32.385545 0.000000 0.000000
-35.175133 32.385545 0.000000 0.000000
-31.293757 32.385545 0.000000 0.000000
-27.412381 32.385545 0.000000 0.000000
-23.531005 32.385545 0.000000 0.000000
-19.649629 32.385545 0.000000 0.000000
-15.768253 32.385545 0.000000 0.000000
-11.886877 32.385545 0.000000 0.000000
-8.005501 32.385545 0.000000 0.000000
-4.124125 32.385545 0.000000 0.000000
-0.242749 32.385545 0.000000 0.000000
3.638627 32.385545 0.000000 0.000000
7.520003 32.385545 0.000000 0.000000
11.401379 32.385545 0.000000 0.000000
15.282755 32.385545 0.000000 0.000000
19.164131 32.385545 0.000000 0.000000
23.045507 32.385545 0.000000 0.000000
26.926883 32.385545 0.000000 0.000000
30.808259 32.385545 0.000000 0.000000
34.689635 32.385545 0.000000 0.000000
38.571011 32.385545 0.000000 0.000000
42.452387 32.385545 0.000000 0.000000
46.333763 32.385545 0.000000 0.000000
50.215140 32.385545 0.000000 0.000000
54.096516 32.385545 0.000000 0.000000
57.977892 32.385545 0.000000 0.000000
61.859268 32.385545 0.000000 0.000000
65.740644 32.385545 0.000000 0.000000
69.622020 32.385545 0.000000 0.000000
73.503396 32.385545 0.000000 0.000000
77.384772 32.385545 8.080915 -0.024029
81.266148 32.385545 9.082859 -0.404760
85.147524 32.385545 10.256414 -1.219226
89.028900 32.385545 10.474698 1.603816
92.910276 32.385545 9.090065 0.995327
96.791652 32.385545 8.465071 -0.749500
100.673028 32.385545 9.216992 -0.727716
104.554404 32.385545 9.506124 -0.313108
108.435780 32.385545 10.133574 -0.221995
112.317156 32.385545 10.241595 0.775078
116.198532 32.385545 8.141227 0.374549
120.079908 32.385545 8.788427 -0.625966
123.961284 32.385545 8.842295 -1.152377
127.842660 32.385545 10.146079 -0.614854
131.724036 32.385545 9.885872 0.723863
135.605412 32.385545 8.975363 0.772030
139.486788 32.385545 8.554050 -0.008833
-54.582013 28.504169 0.000000 0.000000
-50.700637 28.504169 0.000000 0.000000
-46.819261 28.504169 0.000000 0.000000
-42.937885 28.504169 0.000000 0.000000
-39.056509 28.504169 0.000000 0.000000
-35.175133 28.504169 0.000000 0.000000
-31.293757 28.504169 0.000000 0.000000
-27.412381 28.504169 0.000000 0.000000
-23.531005 28.504169 0.000000 0.000000
-19.649629 28.504169 0.000000 0.000000
-15.768253 28.504169 0.000000 0.000000
-11.886877 28.504169 0.000000 0.000000
-8.005501 28.504169 0.000000 0.000000
-4.124125 28.504169 0.000000 0.000000
-0.242749 28.504169 0.000000 0.000000
3.638627 28.504169 0.000000 0.000000
7.520003 28.504169 0.000000 0.000000
11.401379 28.504169 0.000000 0.000000
15.282755 28.504169 0.000000 0.000000
19.164131 28.504169 0.000000 0.000000
23.045507 28.504169 0.000000 0.000000
26.926883 28.504169 0.000000 0.000000
30.808259 28.504169 0.000000 0.000000
34.689635 28.504169 0.000000 0.000000
38.571011 28.504169 0.000000 0.000000
42.452387 28.504169 0.000000 0.000000
46.333763 28.504169 0.000000 0.000000
50.215140 28.504169 0.000000 0.000000
54.096516 28.504169 0.000000 0.000000
57.977892 28.504169 0.000000 0.000000
61.859268 28.504169 0.000000 0.000000
65.740644 28.504169 0.000000 0.000000
69.622020 28.504169 0.000000 0.000000
73.503396 28.504169 0.000000 0.000000
77.384772 28.504169 0.000000 0.000000
81.266148 28.504169 9.677295 -0.312065
85.147524 28.504169 9.707355 0.189278
89.028900 28.504169 9.497654 0.494611
92.910276 28.504169 9.656939 0.737164
96.791652 28.504169 9.056606 0.362664
100.673028 28.504169 9.795439 -0.126799
104.554404 28.504169 9.932934 -0.064177
108.435780 28.504169 10.078939 0.244243
112.317156 28.504169 9.490581 0.537893
116.198532 28.504169 9.777740 -0.229118
120.079908 28.504169 9.035187 0.178218
123.961284 28.504169 9.314969 -0.852331
127.842660 28.504169 10.362433 -0.412700
131.724036 28.504169 9.993186 0.309588
135.605412 28.504169 9.919371 -0.051985
139.486788 28.504169 9.047602 -0.229872
-54.582013 24.622793 0.000000 0.000000
-50.700637 24.622793 8.871271 -0.095684
-46.819261 24.622793 8.287124 -0.322052
-42.937885 24.622793 0.000000 0.000000
-39.056509 24.622793 0.000000 0.000000
-35.175133 24.622793 0.000000 0.000000
-31.293757 24.622793 0.000000 0.000000
-27.412381 24.622793 0.000000 0.000000
-23.531005 24.622793 0.000000 0.000000
-19.649629 24.622793 0.000000 0.000000
-15.768253 24.622793 0.000000 0.000000
-11.886877 24.622793 0.000000 0.000000
-8.005501 24.622793 0.000000 0.000000
-4.124125 24.622793 0.000000 0.000000
-0.242749 24.622793 0.000000 0.000000
3.638627 24.622793 0.000000 0.000000
7.520003 24.622793 0.000000 0.000000
11.401379 24.622793 0.000000 0.000000
15.282755 24.622793 0.000000 0.000000
19.164131 24.622793 0.000000 0.000000
23.045507 24.622793 0.000000 0.000000
26.926883 24.622793 0.000000 0.000000
30.808259 24.622793 0.000000 0.000000
34.689635 24.622793 0.000000 0.000000
38.571011 24.622793 0.000000 0.000000
42.452387 24.622793 0.000000 0.000000
46.333763 24.622793 0.000000 0.000000
50.215140 24.622793 0.000000 0.000000
54.096516 24.622793 0.000000 0.000000
57.977892 24.622793 0.000000 0.000000
61.859268 24.622793 0.000000 0.000000
65.740644 24.622793 0.000000 0.000000
69.622020 24.622793 9.677760 0.795256
73.503396 24.622793 9.783452 0.716770
77.384772 24.622793 9.285851 0.389787
81.266148 24.622793 9.511248 0.014035
85.147524 24.622793 9.732013 0.334301
89.028900 24.622793 9.683488 0.451837
92.910276 24.622793 9.524062 0.427204
96.791652 24.622793 9.347675 0.349502
100.673028 24.622793 9.308619 -0.246148
104.554404 24.622793 9.941494 0.132493
108.435780 24.622793 9.879828 0.382224
112.317156 24.622793 10.200403 0.323895
116.198532 24.622793 9.929815 0.165750
120.079908 24.622793 9.740631 -0.222255
123.961284 24.622793 10.179751 0.828337
127.842660 24.622793 10.038456 -0.297392
131.724036 24.622793 9.552493 -0.002785
135.605412 24.622793 9.733555 0.493365
139.486788 24.622793 9.981459 0.163592
-54.582013 20.741417 0.000000 0.000000
-50.700637 20.741417 9.057664 0.336031
-46.819261 20.741417 9.303380 0.382653
-42.937885 20.741417 8.988593 -0.730768
-39.056509 20.741417 10.362446 -2.639231
-35.175133 20.741417 10.332910 -0.884576
-31.293757 20.741417 0.000000 0.000000
-27.412381 20.741417 0.000000 0.000000
-23.531005 20.741417 0.000000 0.000000
-19.649629 20.741417 0.000000 0.000000
-15.768253 20.741417 0.000000 0.000000
-11.886877 20.741417 0.000000 0.000000
-8.005501 20.741417 0.000000 0.000000
-4.124125 20.741417 0.000000 0.000000
-0.242749 20.741417 0.000000 0.000000
3.638627 20.741417 0.000000 0.000000
7.520003 20.741417 0.000000 0.000000
11.401379 20.741417 10.861636 0.280428
15.282755 20.741417 10.936694 0.358969
19.164131 20.741417 10.796337 0.522945
23.045507 20.741417 10.845630 0.297654
26.926883 20.741417 10.613957 -0.188163
30.808259 20.741417 10.457776 0.762548
34.689635 20.741417 10.396994 0.516844
38.571011 20.741417 10.550704 0.623449
42.452387 20.741417 10.326115 0.882357
46.333763 20.741417 10.258027 0.841991
50.215140 20.741417 9.963471 0.715422
54.096516 20.741417 10.275051 0.777585
57.977892 20.741417 9.820033 0.716696
61.859268 20.741417 10.054167 0.822893
65.740644 20.741417 9.668123 0.727768
69.622020 20.741417 9.655032 0.657104
73.503396 20.741417 10.074660 0.826389
77.384772 20.741417 9.571682 0.441090
81.266148 20.741417 9.490942 0.002270
85.147524 20.741417 9.938298 0.235927
89.028900 20.741417 9.545315 0.318139
92.910276 20.741417 9.782940 0.405795
96.791652 20.741417 9.654937 -0.185560
100.673028 20.741417 9.619330 0.373666
104.554404 20.741417 9.965594 0.321503
108.435780 20.741417 9.948011 0.172644
112.317156 20.741417 9.610737 0.233501
116.198532 20.741417 10.086592 0.315508
120.079908 20.741417 9.974175 0.126783
123.961284 20.741417 9.879008 0.302555
127.842660 20.741417 9.911937 -0.018044
131.724036 20.741417 10.031796 0.378343
135.605412 20.741417 9.995913 -0.046267
139.486788 20.741417 9.788310 0.065007
-54.582013 16.860041 0.000000 0.000000
-50.700637 16.860041 8.914910 -0.168158
-46.819261 16.860041 10.159297 -0.299983
-42.937885 16.860041 8.798693 -0.430770
-39.056509 16.860041 8.926598 -0.868379
-35.175133 16.860041 10.058821 -0.936495
-31.293757 16.860041 9.566519 -0.835072
-27.412381 16.860041 10.653814 -0.733945
-23.531005 16.860041 10.266723 -0.807440
-19.649629 16.860041 10.656335 -0.443477
-15.768253 16.860041 10.712475 -0.599992
-11.886877 16.860041 10.916512 -0.315403
-8.005501 16.860041 10.842881 -0.378081
-4.124125 16.860041 10.801125 -0.240142
-0.242749 16.860041 10.927425 -0.282423
3.638627 16.860041 10.820000 0.106241
7.520003 16.860041 10.779430 0.186437
11.401379 16.860041 10.540907 0.125835
15.282755 16.860041 10.744771 0.291023
19.164131 16.860041 10.623372 0.324284
23.045507 16.860041 10.567469 0.548201
26.926883 16.860041 10.671493 0.446020
30.808259 16.860041 10.486738 0.540390
34.689635 16.860041 10.676434 0.650276
38.571011 16.860041 10.681092 0.566887
42.452387 16.860041 10.196448 0.708926
46.333763 16.860041 10.340365 0.638081
50.215140 16.860041 10.284688 0.513364
54.096516 16.860041 10.134521 0.715584
57.977892 16.860041 10.231990 0.625878
61.859268 16.860041 10.135419 0.525271
65.740644 16.860041 10.106556 0.603763
69.622020 16.860041 9.757930 0.621368
73.503396 16.860041 9.685928 0.661137
77.384772 16.860041 9.507608 0.435735
81.266148 16.860041 9.583200 0.360701
85.147524 16.860041 9.833001 0.360884
89.028900 16.860041 9.789069 0.188370
92.910276 16.860041 9.951685 0.272519
96.791652 16.860041 9.757137 0.355943
100.673028 16.860041 9.738904 0.280661
104.554404 16.860041 9.810678 0.126930
108.435780 16.860041 9.823299 -0.011774
112.317156 16.860041 10.049792 0.484360
116.198532 16.860041 9.759210 0.125298
120.079908 16.860041 10.114002 0.020456
123.961284 16.860041 10.141191 0.058136
127.842660 16.860041 10.106022 -0.496209
131.724036 16.860041 9.799767 0.235110
135.605412 16.860041 9.783761 -0.102328
139.486788 16.860041 9.948159 -0.124838
-54.582013 12.978665 0.000000 0.000000
-50.700637 12.978665 0.000000 0.000000
-46.819261 12.978665 8.977991 -0.533112
-42.937885 12.978665 10.263042 -0.642992
-39.056509 12.978665 9.860318 -0.046388
-35.175133 12.978665 9.822217 -0.598851
-31.293757 12.978665 9.837829 -0.207607
-27.412381 12.978665 9.759037 -0.823681
-23.531005 12.978665 10.175087 -0.623102
-19.649629 12.978665 10.331979 -0.410117
-15.768253 12.978665 10.536163 -0.797782
-11.886877 12.978665 10.808028 -0.300583
-8.005501 12.978665 10.676425 -0.346737
-4.124125 12.978665 10.827893 -0.113128
-0.242749 12.978665 10.735659 -0.039101
3.638627 12.978665 10.852594 0.082816
7.520003 12.978665 10.801180 -0.063052
11.401379 12.978665 10.695025 0.020499
15.282755 12.978665 10.604846 0.150567
19.164131 12.978665 10.682964 0.280079
23.045507 12.978665 10.485597 0.316833
26.926883 12.978665 10.581754 0.575117
30.808259 12.978665 10.403054 0.649886
34.689635 12.978665 10.357244 0.570802
38.571011 12.978665 10.409403 0.727463
42.452387 12.978665 10.445749 0.410165
46.333763 12.978665 10.235022 0.459736
50.215140 12.978665 10.256747 0.610544
54.096516 12.978665 10.194746 0.589387
57.977892 12.978665 10.173659 0.728985
61.859268 12.978665 10.023148 0.504242
65.740644 12.978665 9.965218 0.508896
69.622020 12.978665 10.028845 0.565439
73.503396 12.978665 9.859853 0.252233
77.384772 12.978665 9.709427 0.437764
81.266148 12.978665 9.604362 0.380611
85.147524 12.978665 9.908929 0.582474
89.028900 12.978665 9.803154 0.165749
92.910276 12.978665 9.696428 0.115642
96.791652 12.978665 9.706753 0.008995
100.673028 12.978665 9.803999 0.006623
104.554404 12.978665 9.728024 0.000881
108.435780 12.978665 9.786750 0.159760
112.317156 12.978665 9.664700 0.285618
116.198532 12.978665 9.971427 0.190398
120.079908 12.978665 9.871593 0.154917
123.961284 12.978665 9.885513 0.158464
127.842660 12.978665 9.625226 0.209358
131.724036 12.978665 9.861398 -0.046029
135.605412 12.978665 9.845265 -0.037503
139.486788 12.978665 10.000173 0.142685
-54.582013 9.097289 0.000000 0.000000
-50.700637 9.097289 0.000000 0.000000
-46.819261 9.097289 9.305188 0.149061
-42.937885 9.097289 9.987294 -0.452097
-39.056509 9.097289 10.179749 -0.742640
-35.175133 9.097289 9.725159 -0.106260
-31.293757 9.097289 10.168797 -0.881280
-27.412381 9.097289 10.052861 -0.570102
-23.531005 9.097289 10.091509 -0.400456
-19.649629 9.097289 10.425677 -0.484227
-15.768253 9.097289 10.507254 -0.452022
-11.886877 9.097289 10.682548 -0.362450
-8.005501 9.097289 10.534319 -0.391378
-4.124125 9.097289 10.588531 -0.319021
-0.242749 9.097289 10.595172 -0.347644
3.638627 9.097289 10.760460 0.175931
7.520003 9.097289 10.631945 0.140983
11.401379 9.097289 10.514151 0.324114
15.282755 9.097289 10.666385 0.012362
19.164131 9.097289 10.600898 0.367020
23.045507 9.097289 10.344897 0.328417
26.926883 9.097289 10.624689 0.357934
30.808259 9.097289 10.355700 0.235626
34.689635 9.097289 10.358528 0.289740
38.571011 9.097289 10.267463 0.568475
42.452387 9.097289 10.261065 0.635257
46.333763 9.097289 10.390612 0.300270
50.215140 9.097289 10.091244 0.572458
54.096516 9.097289 10.070296 0.476529
57.977892 9.097289 10.096929 0.464533
61.859268 9.097289 9.950887 0.450984
65.740644 9.097289 9.973435 0.426650
69.622020 9.097289 9.770089 0.453862
73.503396 9.097289 9.532643 0.517293
77.384772 9.097289 9.928011 0.395105
81.266148 9.097289 10.082150 0.421650
85.147524 9.097289 9.916894 0.328053
89.028900 9.097289 9.862557 0.273745
92.910276 9.097289 10.068979 0.323062
96.791652 9.097289 9.900983 0.333470
100.673028 9.097289 9.576007 0.157343
104.554404 9.097289 9.831675 0.317678
108.435780 9.097289 9.998773 0.206403
112.317156 9.097289 9.932996 -0.023827
116.198532 9.097289 9.977346 0.642796
120.079908 9.097289 10.149633 -0.083259
123.961284 9.097289 9.943601 0.127895
127.842660 9.097289 9.794304 0.158981
131.724036 9.097289 10.065962 0.243010
135.605412 9.097289 9.810955 0.300720
139.486788 9.097289 9.796213 -0.102432
-54.582013 5.215913 0.000000 0.000000
-50.700637 5.215913 0.000000 0.000000
-46.819261 5.215913 0.000000 0.000000
-42.937885 5.215913 9.436625 -0.060849
-39.056509 5.215913 9.433463 0.297984
-35.175133 5.215913 10.330048 1.099882
-31.293757 5.215913 10.161133 -0.659971
-27.412381 5.215913 10.287025 -0.227602
-23.531005 5.215913 10.294374 -0.380051
-19.649629 5.215913 10.383124 -0.288101
-15.768253 5.215913 10.340483 -0.369705
-11.886877 5.215913 10.426063 -0.089345
-8.005501 5.215913 10.788601 -0.262199
-4.124125 5.215913 10.698564 -0.220646
-0.242749 5.215913 10.603312 0.099051
3.638627 5.215913 10.632799 0.152244
7.520003 5.215913 10.354983 0.176841
11.401379 5.215913 10.457514 0.333659
15.282755 5.215913 10.467848 0.032179
19.164131 5.215913 10.402391 0.128554
23.045507 5.215913 10.672677 0.358768
26.926883 5.215913 10.516391 0.473773
30.808259 5.215913 10.376262 0.725936
34.689635 5.215913 10.384143 0.455637
38.571011 5.215913 10.202133 0.040716
42.452387 5.215913 10.325927 0.700616
46.333763 5.215913 10.261927 0.307432
50.215140 5.215913 10.263271 0.466222
54.096516 5.215913 10.055912 0.417828
57.977892 5.215913 10.329638 0.596002
61.859268 5.215913 10.009720 0.400332
65.740644 5.215913 9.999587 0.478400
69.622020 5.215913 10.069454 0.213368
73.503396 5.215913 9.676548 0.466684
77.384772 5.215913 9.966828 0.252035
81.266148 5.215913 9.592334 0.191320
85.147524 5.215913 9.960162 0.401002
89.028900 5.215913 9.799169 0.327234
92.910276 5.215913 9.813287 0.261929
96.791652 5.215913 9.907779 0.088969
100.673028 5.215913 9.913448 0.239855
104.554404 5.215913 9.774408 0.247163
108.435780 5.215913 9.977840 0.195213
112.317156 5.215913 9.694544 0.183450
116.198532 5.215913 10.030168 0.246745
120.079908 5.215913 9.903334 0.217132
123.961284 5.215913 9.802342 0.192230
127.842660 5.215913 9.910588 0.261227
131.724036 5.215913 9.907846 0.036285
135.605412 5.215913 9.864433 0.174677
139.486788 5.215913 9.825765 0.053474
-54.582013 1.334537 0.000000 0.000000
-50.700637 1.334537 0.716642 1.583893
-46.819261 1.334537 10.136650 -0.066183
-42.937885 1.334537 9.978315 -0.532646
-39.056509 1.334537 10.080531 -0.576842
-35.175133 1.334537 10.950430 -0.355267
-31.293757 1.334537 10.221733 -0.603436
-27.412381 1.334537 9.914574 0.061579
-23.531005 1.334537 10.586903 -0.251235
-19.649629 1.334537 10.478795 -0.251704
-15.768253 1.334537 10.502053 0.007119
-11.886877 1.334537 10.444136 -0.324422
-8.005501 1.334537 10.111476 -0.291750
-4.124125 1.334537 10.477281 -0.195603
-0.242749 1.334537 10.519962 0.124609
3.638627 1.334537 10.632283 0.078728
7.520003 1.334537 10.359058 0.090582
11.401379 1.334537 10.625769 0.046816
15.282755 1.334537 10.546796 -0.003933
19.164131 1.334537 10.398848 0.099494
23.045507 1.334537 10.550142 -0.021682
26.926883 1.334537 10.455682 0.418609
30.808259 1.334537 10.445722 0.332265
34.689635 1.334537 10.360712 0.434612
38.571011 1.334537 10.316330 0.447756
42.452387 1.334537 10.210980 0.689699
46.333763 1.334537 10.277747 0.743665
50.215140 1.334537 9.906360 0.426521
54.096516 1.334537 9.897686 0.302528
57.977892 1.334537 10.090367 0.286363
61.859268 1.334537 10.006854 0.349885
65.740644 1.334537 10.022990 0.353930
69.622020 1.334537 9.789721 0.482888
73.503396 1.334537 9.862030 0.455771
77.384772 1.334537 10.088215 0.372699
81.266148 1.334537 10.101978 0.488477
85.147524 1.334537 9.780118 0.252891
89.028900 1.334537 9.885674 0.266985
92.910276 1.334537 9.989272 0.295666
96.791652 1.334537 9.854374 0.363627
100.673028 1.334537 9.922051 0.063084
104.554404 1.334537 9.813647 0.116697
108.435780 1.334537 9.858810 0.265933
112.317156 1.334537 9.949792 0.212453
116.198532 1.334537 9.739465 0.314552
120.079908 1.334537 9.963833 0.159470
123.961284 1.334537 9.959551 0.305253
127.842660 1.334537 9.863758 0.083945
131.724036 1.334537 9.865346 0.243156
135.605412 1.334537 9.954763 0.065058
139.486788 1.334537 10.004285 0.140400
-54.582013 -2.546839 0.000000 0.000000
-50.700637 -2.546839 0.000000 0.000000
-46.819261 -2.546839 9.712496 -0.467189
-42.937885 -2.546839 9.749274 -0.442202
-39.056509 -2.546839 9.863634 -0.464201
-35.175133 -2.546839 10.453180 -0.575953
-31.293757 -2.546839 10.016596 -0.276953
-27.412381 -2.546839 10.219494 -0.253167
-23.531005 -2.546839 10.297134 -0.279032
-19.649629 -2.546839 10.263397 -0.089945
-15.768253 -2.546839 10.249002 -0.086805
-11.886877 -2.546839 10.307400 -0.270545
-8.005501 -2.546839 10.451234 0.109187
-4.124125 -2.546839 10.460225 0.147293
-0.242749 -2.546839 10.639936 -0.195841
3.638627 -2.546839 10.436681 0.011159
7.520003 -2.546839 10.546311 0.162550
11.401379 -2.546839 10.528935 -0.046279
15.282755 -2.546839 10.541691 0.258522
19.164131 -2.546839 10.301107 0.308066
23.045507 -2.546839 10.364528 0.264904
26.926883 -2.546839 10.337984 0.232522
30.808259 -2.546839 10.196973 0.301420
34.689635 -2.546839 10.194641 0.458934
38.571011 -2.546839 10.378399 0.373494
42.452387 -2.546839 10.285906 0.479133
46.333763 -2.546839 10.498645 0.473475
50.215140 -2.546839 10.281813 0.486264
54.096516 -2.546839 10.273947 0.463387
57.977892 -2.546839 10.185519 0.361214
61.859268 -2.546839 10.252364 0.497053
65.740644 -2.546839 10.055552 0.428976
69.622020 -2.546839 10.112191 0.457958
73.503396 -2.546839 10.065767 0.307096
77.384772 -2.546839 9.937943 0.383700
81.266148 -2.546839 9.972019 0.275697
85.147524 -2.546839 9.865035 0.346501
89.028900 -2.546839 9.946395 0.370351
92.910276 -2.546839 10.019767 0.326949
96.791652 -2.546839 9.919269 0.211279
100.673028 -2.546839 9.904675 0.155447
104.554404 -2.546839 9.850115 0.250275
108.435780 -2.546839 9.961264 0.197004
112.317156 -2.546839 10.023478 0.239980
116.198532 -2.546839 9.872922 0.225193
120.079908 -2.546839 10.004455 0.390594
123.961284 -2.546839 9.883709 0.154665
127.842660 -2.546839 10.032953 0.183602
131.724036 -2.546839 9.888990 0.144650
135.605412 -2.546839 9.938566 0.099854
139.486788 -2.546839 9.962658 0.191356
-54.582013 -6.428215 0.000000 0.000000
-50.700637 -6.428215 9.625469 -0.040500
-46.819261 -6.428215 9.998590 -0.091265
-42.937885 -6.428215 9.890712 -0.240614
-39.056509 -6.428215 10.387045 -0.673871
-35.175133 -6.428215 9.463911 -1.082738
-31.293757 -6.428215 10.166265 -0.260984
-27.412381 -6.428215 10.401244 0.619371
-23.531005 -6.428215 10.207622 -0.141132
-19.649629 -6.428215 10.339820 -0.193527
-15.768253 -6.428215 10.327132 -0.198261
-11.886877 -6.428215 10.369876 -0.264401
-8.005501 -6.428215 10.207615 -0.011714
-4.124125 -6.428215 10.307529 -0.211454
-0.242749 -6.428215 10.520425 -0.107395
3.638627 -6.428215 10.352327 0.285490
7.520003 -6.428215 10.475177 0.321100
11.401379 -6.428215 10.493947 0.536882
15.282755 -6.428215 10.365786 0.313864
19.164131 -6.428215 10.613905 0.179563
23.045507 -6.428215 10.338394 0.228791
26.926883 -6.428215 10.456731 0.418732
30.808259 -6.428215 10.302267 0.320457
34.689635 -6.428215 10.216635 0.434245
38.571011 -6.428215 10.286674 0.342033
42.452387 -6.428215 10.282525 0.371809
46.333763 -6.428215 10.281832 0.338822
50.215140 -6.428215 10.253782 0.529781
54.096516 -6.428215 10.150648 0.582178
57.977892 -6.428215 10.001376 0.316247
61.859268 -6.428215 9.976668 0.327891
65.740644 -6.428215 10.060391 0.280392
69.622020 -6.428215 9.970737 0.365632
73.503396 -6.428215 10.001456 0.472470
77.384772 -6.428215 10.058620 0.302830
81.266148 -6.428215 10.053441 0.342910
85.147524 -6.428215 10.011786 0.265174
89.028900 -6.428215 10.002634 0.311587
92.910276 -6.428215 9.937249 0.150793
96.791652 -6.428215 9.878181 0.299192
100.673028 -6.428215 9.853649 0.316372
104.554404 -6.428215 9.963305 0.225699
108.435780 -6.428215 9.890008 0.241530
112.317156 -6.428215 9.932017 -0.011316
116.198532 -6.428215 10.011462 0.135474
120.079908 -6.428215 10.021629 0.182626
123.961284 -6.428215 9.900190 0.136748
127.842660 -6.428215 10.108928 0.277561
131.724036 -6.428215 9.958157 0.130079
135.605412 -6.428215 9.898932 0.160878
139.486788 -6.428215 9.952006 0.501209
-54.582013 -10.309591 0.000000 0.000000
-50.700637 -10.309591 9.871562 -0.663050
-46.819261 -10.309591 0.000000 0.000000
-42.937885 -10.309591 10.006055 -0.799667
-39.056509 -10.309591 10.306665 -0.447791
-35.175133 -10.309591 9.808262 -0.433060
-31.293757 -10.309591 10.354777 -0.139071
-27.412381 -10.309591 10.225169 -0.282471
-23.531005 -10.309591 10.103675 -0.456465
-19.649629 -10.309591 10.248801 -0.136591
-15.768253 -10.309591 10.299488 -0.253340
-11.886877 -10.309591 10.287674 -0.181918
-8.005501 -10.309591 10.341747 0.049976
-4.124125 -10.309591 10.119042 -0.139065
-0.242749 -10.309591 10.353688 0.297412
3.638627 -10.309591 10.351582 0.114772
7.520003 -10.309591 10.193809 0.392379
11.401379 -10.309591 10.308541 0.104071
15.282755 -10.309591 10.391089 0.391671
19.164131 -10.309591 10.385287 0.279527
23.045507 -10.309591 10.457271 0.384505
26.926883 -10.309591 10.331003 0.285380
30.808259 -10.309591 10.273629 0.477521
34.689635 -10.309591 10.373078 0.286395
38.571011 -10.309591 10.377499 0.234915
42.452387 -10.309591 10.289583 0.376835
46.333763 -10.309591 10.262457 0.452034
50.215140 -10.309591 10.139454 0.293935
54.096516 -10.309591 10.152073 0.510750
57.977892 -10.309591 10.065993 0.371275
61.859268 -10.309591 9.993220 0.504471
65.740644 -10.309591 10.202470 0.392405
69.622020 -10.309591 10.027169 0.249931
73.503396 -10.309591 9.992986 0.295493
77.384772 -10.309591 9.972751 0.311583
81.266148 -10.309591 10.121738 0.314331
85.147524 -10.309591 10.096084 0.438926
89.028900 -10.309591 9.940145 0.208104
92.910276 -10.309591 9.911292 0.312301
96.791652 -10.309591 9.993319 0.266841
100.673028 -10.309591 10.008036 0.278657
104.554404 -10.309591 10.058605 0.105428
108.435780 -10.309591 9.734169 0.130274
112.317156 -10.309591 9.971924 0.283253
116.198532 -10.309591 9.950819 0.027515
120.079908 -10.309591 9.960745 0.326841
123.961284 -10.309591 9.939156 0.179036
127.842660 -10.309591 9.934843 0.179839
131.724036 -10.309591 9.904318 0.181971
135.605412 -10.309591 10.075287 0.133671
139.486788 -10.309591 9.970295 0.276692
-54.582013 -14.190967 0.000000 0.000000
-50.700637 -14.190967 0.000000 0.000000
-46.819261 -14.190967 0.000000 0.000000
-42.937885 -14.190967 10.254332 -0.135519
-39.056509 -14.190967 10.215224 0.425960
-35.175133 -14.190967 9.827754 -0.389394
-31.293757 -14.190967 0.000000 0.000000
-27.412381 -14.190967 10.034298 0.090639
-23.531005 -14.190967 9.988269 -0.363915
-19.649629 -14.190967 10.369056 0.056504
-15.768253 -14.190967 10.299633 0.151989
-11.886877 -14.190967 10.428034 -0.309772
-8.005501 -14.190967 10.368421 -0.046879
-4.124125 -14.190967 10.443050 0.101802
-0.242749 -14.190967 10.541586 -0.089448
3.638627 -14.190967 10.187006 -0.099643
7.520003 -14.190967 10.213121 0.283153
11.401379 -14.190967 10.312447 -0.151655
15.282755 -14.190967 10.424700 0.299199
19.164131 -14.190967 10.445987 0.255360
23.045507 -14.190967 10.396312 0.408335
26.926883 -14.190967 10.237107 0.423293
30.808259 -14.190967 10.376073 0.316802
34.689635 -14.190967 10.274228 0.272631
38.571011 -14.190967 10.236935 0.242871
42.452387 -14.190967 9.999815 0.127638
46.333763 -14.190967 10.173172 0.223188
50.215140 -14.190967 10.048503 0.196323
54.096516 -14.190967 10.235725 0.336303
57.977892 -14.190967 10.090571 0.469684
61.859268 -14.190967 9.992828 0.391250
65.740644 -14.190967 9.977921 0.326886
69.622020 -14.190967 10.079060 0.352223
73.503396 -14.190967 9.973571 0.370135
77.384772 -14.190967 10.072825 0.394145
81.266148 -14.190967 9.961300 0.292313
85.147524 -14.190967 9.948471 0.398243
89.028900 -14.190967 9.974833 0.361430
92.910276 -14.190967 10.062048 0.339887
96.791652 -14.190967 9.995080 0.259008
100.673028 -14.190967 9.900949 0.244803
104.554404 -14.190967 10.116014 0.265916
108.435780 -14.190967 10.090022 0.170763
112.317156 -14.190967 9.842841 0.211852
116.198532 -14.190967 9.930784 0.238426
120.079908 -14.190967 10.056316 0.207184
123.961284 -14.190967 9.869141 0.151814
127.842660 -14.190967 9.933766 0.239839
131.724036 -14.190967 10.006885 0.091509
135.605412 -14.190967 9.735986 0.223768
139.486788 -14.190967 9.765293 0.180220
-54.582013 -18.072343 0.000000 0.000000
-50.700637 -18.072343 0.000000 0.000000
-46.819261 -18.072343 0.000000 0.000000
-42.937885 -18.072343 10.333493 -0.783525
-39.056509 -18.072343 10.033601 -0.176034
-35.175133 -18.072343 10.165729 -0.251067
-31.293757 -18.072343 10.064053 -0.387010
-27.412381 -18.072343 10.113839 -0.156066
-23.531005 -18.072343 10.223180 -0.304087
-19.649629 -18.072343 10.112783 0.107372
-15.768253 -18.072343 10.283469 -0.461616
-11.886877 -18.072343 10.098475 0.102779
-8.005501 -18.072343 10.257389 0.161060
-4.124125 -18.072343 10.345535 0.153274
-0.242749 -18.072343 10.380790 0.319459
3.638627 -18.072343 10.299158 0.236913
7.520003 -18.072343 10.264764 0.258704
11.401379 -18.072343 10.457304 0.265577
15.282755 -18.072343 10.285910 0.188994
19.164131 -18.072343 10.448029 0.238643
23.045507 -18.072343 10.109449 0.166928
26.926883 -18.072343 10.281575 0.186857
30.808259 -18.072343 10.223587 0.320184
34.689635 -18.072343 10.340590 0.425805
38.571011 -18.072343 10.294710 0.314404
42.452387 -18.072343 10.189101 0.294432
46.333763 -18.072343 10.187013 0.300461
50.215140 -18.072343 10.178246 0.344018
54.096516 -18.072343 10.139599 0.389410
57.977892 -18.072343 10.070487 0.383939
61.859268 -18.072343 10.029619 0.421806
65.740644 -18.072343 10.092385 0.339809
69.622020 -18.072343 9.934563 0.348851
73.503396 -18.072343 10.015951 0.252350
77.384772 -18.072343 10.081882 0.394640
81.266148 -18.072343 9.994784 0.307497
85.147524 -18.072343 9.988164 0.256654
89.028900 -18.072343 9.800097 0.213770
92.910276 -18.072343 9.970160 0.312411
96.791652 -18.072343 10.003270 0.317372
100.673028 -18.072343 9.914025 0.220509
104.554404 -18.072343 9.781025 0.457173
108.435780 -18.072343 10.031334 0.098795
112.317156 -18.072343 9.975492 -0.031496
116.198532 -18.072343 9.958379 0.196516
120.079908 -18.072343 10.006789 0.101517
123.961284 -18.072343 9.881177 0.061355
127.842660 -18.072343 9.835709 0.047644
131.724036 -18.072343 10.002659 0.151562
135.605412 -18.072343 9.943915 0.172606
139.486788 -18.072343 10.038398 0.080219
-54.582013 -21.953719 0.000000 0.000000
-50.700637 -21.953719 0.000000 0.000000
-46.819261 -21.953719 10.142674 0.446357
-42.937885 -21.953719 9.738512 -0.357908
-39.056509 -21.953719 9.331139 0.643641
-35.175133 -21.953719 10.148042 -0.126281
-31.293757 -21.953719 10.082354 0.151098
-27.412381 -21.953719 10.333351 0.203182
-23.531005 -21.953719 10.340822 -0.172825
-19.649629 -21.953719 10.088551 0.091017
-15.768253 -21.953719 10.270190 -0.025544
-11.886877 -21.953719 10.065897 -0.207084
-8.005501 -21.953719 10.246833 -0.049678
-4.124125 -21.953719 10.154306 0.320929
-0.242749 -21.953719 10.214229 0.099993
3.638627 -21.953719 10.324276 0.268536
7.520003 -21.953719 10.394488 -0.209729
11.401379 -21.953719 10.290145 0.064586
15.282755 -21.953719 10.145046 0.379509
19.164131 -21.953719 10.380472 0.202383
23.045507 -21.953719 10.257497 0.274147
26.926883 -21.953719 10.217257 0.309192
30.808259 -21.953719 10.180393 0.233001
34.689635 -21.953719 10.112905 0.416773
38.571011 -21.953719 10.191331 0.237184
42.452387 -21.953719 10.056591 0.072551
46.333763 -21.953719 10.146934 0.357420
50.215140 -21.953719 10.155766 0.358500
54.096516 -21.953719 10.179776 0.384834
57.977892 -21.953719 10.251858 0.327560
61.859268 -21.953719 10.120504 0.284718
65.740644 -21.953719 10.105319 0.374620
69.622020 -21.953719 10.094480 0.296696
73.503396 -21.953719 10.064592 0.289079
77.384772 -21.953719 10.005981 0.250300
81.266148 -21.953719 10.110162 0.286427
85.147524 -21.953719 9.997931 0.227690
89.028900 -21.953719 9.952105 0.172109
92.910276 -21.953719 9.992681 0.237480
96.791652 -21.953719 9.747223 0.322589
100.673028 -21.953719 9.918550 -0.047866
104.554404 -21.953719 9.866784 -0.010162
108.435780 -21.953719 9.816630 0.187633
112.317156 -21.953719 10.085442 0.291816
116.198532 -21.953719 9.992661 0.178016
120.079908 -21.953719 9.635004 0.050485
123.961284 -21.953719 10.094544 0.144656
127.842660 -21.953719 9.910403 0.279351
131.724036 -21.953719 9.901634 0.112321
135.605412 -21.953719 9.858841 0.144767
139.486788 -21.953719 9.840367 0.137692
-54.582013 -25.835095 0.000000 0.000000
-50.700637 -25.835095 0.000000 0.000000
-46.819261 -25.835095 0.000000 0.000000
-42.937885 -25.835095 10.345733 0.393742
-39.056509 -25.835095 10.047241 -0.436976
-35.175133 -25.835095 10.342673 -0.376602
-31.293757 -25.835095 10.237048 -0.240517
-27.412381 -25.835095 10.244717 0.326173
-23.531005 -25.835095 10.321222 -0.199686
-19.649629 -25.835095 10.281930 0.078834
-15.768253 -25.835095 10.240543 -0.034512
-11.886877 -25.835095 10.155854 0.103925
-8.005501 -25.835095 10.289441 0.188377
-4.124125 -25.835095 10.239301 0.123671
-0.242749 -25.835095 10.253471 -0.008285
3.638627 -25.835095 10.263977 0.245374
7.520003 -25.835095 10.206918 0.076436
11.401379 -25.835095 10.330874 -0.140825
15.282755 -25.835095 10.176288 0.257651
19.164131 -25.835095 10.171340 0.276401
23.045507 -25.835095 10.260596 0.243497
26.926883 -25.835095 10.038238 0.184423
30.808259 -25.835095 10.349885 0.432542
34.689635 -25.835095 10.354487 0.365579
38.571011 -25.835095 9.848806 0.548566
42.452387 -25.835095 10.125569 0.434408
46.333763 -25.835095 10.120110 0.345218
50.215140 -25.835095 10.222023 0.350185
54.096516 -25.835095 10.220413 0.285524
57.977892 -25.835095 10.138217 0.279331
61.859268 -25.835095 10.003248 0.290730
65.740644 -25.835095 10.129984 0.432507
69.622020 -25.835095 10.072227 0.408251
73.503396 -25.835095 9.954832 0.318219
77.384772 -25.835095 10.133555 0.338453
81.266148 -25.835095 10.211520 0.424965
85.147524 -25.835095 10.144864 0.079949
89.028900 -25.835095 10.041559 0.213397
92.910276 -25.835095 10.056456 0.265632
96.791652 -25.835095 10.064389 0.164404
100.673028 -25.835095 10.010633 0.176613
104.554404 -25.835095 9.963916 0.376971
108.435780 -25.835095 10.052233 0.186186
112.317156 -25.835095 10.079559 0.205269
116.198532 -25.835095 10.028225 0.261659
120.079908 -25.835095 9.974703 0.087069
123.961284 -25.835095 9.990829 0.446169
127.842660 -25.835095 10.177102 0.078958
131.724036 -25.835095 9.898664 0.243110
135.605412 -25.835095 9.916702 0.274733
139.486788 -25.835095 9.998461 0.119053
-54.582013 -29.716471 0.000000 0.000000
-50.700637 -29.716471 0.000000 0.000000
-46.819261 -29.716471 9.535092 -0.459778
-42.937885 -29.716471 10.429460 -1.855417
-39.056509 -29.716471 10.292267 -0.301318
-35.175133 -29.716471 9.908096 -0.030851
-31.293757 -29.716471 10.132053 0.350682
-27.412381 -29.716471 10.135064 0.161968
-23.531005 -29.716471 10.155318 0.270751
-19.649629 -29.716471 10.157555 0.304146
-15.768253 -29.716471 10.260103 -0.042548
-11.886877 -29.716471 10.340680 0.266121
-8.005501 -29.716471 10.142760 -0.148013
-4.124125 -29.716471 10.212689 0.149091
-0.242749 -29.716471 10.270070 0.247072
3.638627 -29.716471 10.063025 0.056380
7.520003 -29.716471 10.229312 0.075893
11.401379 -29.716471 10.155198 0.095693
15.282755 -29.716471 10.203753 0.004409
19.164131 -29.716471 10.366792 0.105902
23.045507 -29.716471 10.371194 0.220993
26.926883 -29.716471 10.223374 0.375081
30.808259 -29.716471 10.227350 0.121985
34.689635 -29.716471 10.189841 0.240753
38.571011 -29.716471 10.170994 0.273697
42.452387 -29.716471 10.138886 0.378174
46.333763 -29.716471 10.161626 0.289244
50.215140 -29.716471 10.046643 0.222993
54.096516 -29.716471 10.098197 0.318821
57.977892 -29.716471 9.958151 0.329796
61.859268 -29.716471 10.197979 0.140379
65.740644 -29.716471 10.119582 0.388666
69.622020 -29.716471 10.059330 0.332478
73.503396 -29.716471 10.197575 0.260857
77.384772 -29.716471 10.007218 0.212552
81.266148 -29.716471 9.927656 0.298761
85.147524 -29.716471 10.128090 0.371938
89.028900 -29.716471 10.035461 0.336292
92.910276 -29.716471 10.109150 0.217091
96.791652 -29.716471 9.974435 0.201169
100.673028 -29.716471 10.025380 0.327061
104.554404 -29.716471 10.034946 0.301362
108.435780 -29.716471 9.862694 0.051733
112.317156 -29.716471 10.155059 0.140064
116.198532 -29.716471 9.997116 0.209105
120.079908 -29.716471 10.205116 0.214833
123.961284 -29.716471 9.885283 0.177745
127.842660 -29.716471 9.906970 0.080488
131.724036 -29.716471 9.941689 0.344260
135.605412 -29.716471 9.622724 0.406286
139.486788 -29.716471 10.061150 0.100383
-54.582013 -33.597847 0.000000 0.000000
-50.700637 -33.597847 0.000000 0.000000
-46.819261 -33.597847 0.000000 0.000000
-42.937885 -33.597847 10.267500 0.378687
-39.056509 -33.597847 10.738771 -0.840600
-35.175133 -33.597847 10.266932 0.243464
-31.293757 -33.597847 10.396857 -0.459622
-27.412381 -33.597847 10.371610 0.084255
-23.531005 -33.597847 10.222779 0.166295
-19.649629 -33.597847 10.144710 -0.225086
-15.768253 -33.597847 10.215749 0.067171
-11.886877 -33.597847 10.172033 0.105219
-8.005501 -33.597847 10.165198 0.045068
-4.124125 -33.597847 10.207158 -0.138016
-0.242749 -33.597847 10.180159 0.146166
3.638627 -33.597847 10.354746 0.214575
7.520003 -33.597847 10.267383 0.169700
11.401379 -33.597847 10.294744 0.166783
15.282755 -33.597847 10.189242 0.037653
19.164131 -33.597847 10.229004 0.068349
23.045507 -33.597847 10.367708 0.273456
26.926883 -33.597847 10.260896 0.264818
30.808259 -33.597847 10.318236 0.237354
34.689635 -33.597847 10.149781 0.256520
38.571011 -33.597847 10.105227 0.189337
42.452387 -33.597847 10.208099 0.267119
46.333763 -33.597847 10.202932 0.244887
50.215140 -33.597847 10.029817 0.204166
54.096516 -33.597847 10.096389 0.324136
57.977892 -33.597847 10.291063 0.282920
61.859268 -33.597847 10.139565 0.141042
65.740644 -33.597847 9.637156 0.352673
69.622020 -33.597847 8.946445 0.262770
73.503396 -33.597847 10.163252 0.334002
77.384772 -33.597847 10.067461 0.204148
81.266148 -33.597847 10.124397 0.139978
85.147524 -33.597847 10.080744 -0.039733
89.028900 -33.597847 9.934673 0.296147
92.910276 -33.597847 9.965103 0.230836
96.791652 -33.597847 9.977402 0.373402
100.673028 -33.597847 10.033475 0.269854
104.554404 -33.597847 10.047106 0.319007
108.435780 -33.597847 9.931657 0.216495
112.317156 -33.597847 9.881017 0.253095
116.198532 -33.597847 9.873268 0.285810
120.079908 -33.597847 9.924192 0.149459
123.961284 -33.597847 9.942456 0.251363
127.842660 -33.597847 10.037186 0.097652
131.724036 -33.597847 9.981696 0.197605
135.605412 -33.597847 9.788943 0.224765
139.486788 -33.597847 10.019137 0.258078
-54.582013 -37.479223 0.000000 0.000000
-50.700637 -37.479223 0.000000 0.000000
-46.819261 -37.479223 0.000000 0.000000
-42.937885 -37.479223 9.157119 0.699740
-39.056509 -37.479223 10.191615 -0.007658
-35.175133 -37.479223 9.096314 -0.437308
-31.293757 -37.479223 10.206223 -0.291418
-27.412381 -37.479223 10.227730 -0.219887
-23.531005 -37.479223 10.276745 -0.133809
-19.649629 -37.479223 10.234571 0.124859
-15.768253 -37.479223 9.953406 0.111851
-11.886877 -37.479223 10.281628 0.105415
-8.005501 -37.479223 10.347152 0.087052
-4.124125 -37.479223 10.432698 0.099945
-0.242749 -37.479223 10.263182 0.259918
3.638627 -37.479223 10.235231 0.227162
7.520003 -37.479223 10.071706 0.270885
11.401379 -37.479223 10.259721 0.304830
15.282755 -37.479223 10.192960 0.168571
19.164131 -37.479223 10.159041 0.120025
23.045507 -37.479223 10.099341 0.282803
26.926883 -37.479223 10.330908 0.041987
30.808259 -37.479223 10.243076 0.249157
34.689635 -37.479223 10.174834 0.308840
38.571011 -37.479223 10.176133 0.299713
42.452387 -37.479223 10.219726 0.326153
46.333763 -37.479223 10.220503 0.356783
50.215140 -37.479223 10.279999 0.373718
54.096516 -37.479223 10.216406 0.310014
57.977892 -37.479223 10.113669 0.392628
61.859268 -37.479223 10.097601 0.344992
65.740644 -37.479223 10.033385 0.272727
69.622020 -37.479223 10.120591 0.209037
73.503396 -37.479223 10.093403 0.166089
77.384772 -37.479223 10.035560 0.295732
81.266148 -37.479223 10.016799 0.246299
85.147524 -37.479223 10.192053 0.088540
89.028900 -37.479223 9.928254 0.395463
92.910276 -37.479223 10.046526 0.379513
96.791652 -37.479223 9.950439 0.302569
100.673028 -37.479223 10.023579 0.444725
104.554404 -37.479223 10.023579 0.129404
108.435780 -37.479223 9.863832 0.395867
112.317156 -37.479223 9.907979 0.148453
116.198532 -37.479223 10.194348 0.305059
120.079908 -37.479223 9.825305 0.125391
123.961284 -37.479223 10.009125 0.234029
127.842660 -37.479223 9.843164 0.239075
131.724036 -37.479223 9.918016 0.017974
135.605412 -37.479223 10.074830 0.228828
139.486788 -37.479223 9.968395 0.170743
-54.582013 -41.360599 0.000000 0.000000
-50.700637 -41.360599 0.000000 0.000000
-46.819261 -41.360599 0.000000 0.000000
-42.937885 -41.360599 0.000000 0.000000
-39.056509 -41.360599 9.753982 0.669942
-35.175133 -41.360599 9.590295 0.259697
-31.293757 -41.360599 10.228837 0.704859
-27.412381 -41.360599 9.858927 0.283751
-23.531005 -41.360599 9.872657 0.131123
-19.649629 -41.360599 10.186056 0.232223
-15.768253 -41.360599 10.238810 0.301124
-11.886877 -41.360599 10.235198 -0.093950
-8.005501 -41.360599 10.188215 0.224600
-4.124125 -41.360599 10.247027 -0.132263
-0.242749 -41.360599 10.159047 0.122213
3.638627 -41.360599 10.161753 0.152960
7.520003 -41.360599 10.087184 0.220802
11.401379 -41.360599 10.246611 0.247198
15.282755 -41.360599 10.198135 0.218360
19.164131 -41.360599 10.188274 0.222939
23.045507 -41.360599 10.328691 0.194044
26.926883 -41.360599 10.133084 0.233054
30.808259 -41.360599 10.155564 0.278996
34.689635 -41.360599 10.040625 0.163606
38.571011 -41.360599 10.200212 0.330749
42.452387 -41.360599 10.178632 0.335919
46.333763 -41.360599 10.191785 0.294882
50.215140 -41.360599 10.134799 0.287516
54.096516 -41.360599 9.973253 0.250980
57.977892 -41.360599 10.109902 0.255001
61.859268 -41.360599 10.015238 0.083450
65.740644 -41.360599 10.146761 0.300407
69.622020 -41.360599 10.198087 0.318634
73.503396 -41.360599 9.929461 0.063516
77.384772 -41.360599 9.993988 0.245186
81.266148 -41.360599 10.139337 0.332501
85.147524 -41.360599 10.139914 -0.021403
89.028900 -41.360599 9.871815 0.261391
92.910276 -41.360599 9.943853 0.318497
96.791652 -41.360599 9.969607 0.308307
100.673028 -41.360599 10.038058 0.166052
104.554404 -41.360599 9.940507 0.235899
108.435780 -41.360599 9.624282 0.251947
112.317156 -41.360599 10.133695 -0.201990
116.198532 -41.360599 10.034575 0.234374
120.079908 -41.360599 9.863733 0.181104
123.961284 -41.360599 10.063608 0.219995
127.842660 -41.360599 9.979145 0.040517
131.724036 -41.360599 9.689907 0.113737
135.605412 -41.360599 9.979213 0.274055
139.486788 -41.360599 9.955255 0.111499
-54.582013 -45.241975 0.000000 0.000000
-50.700637 -45.241975 0.000000 0.000000
-46.819261 -45.241975 0.000000 0.000000
-42.937885 -45.241975 0.000000 0.000000
-39.056509 -45.241975 0.000000 0.000000
-35.175133 -45.241975 0.000000 0.000000
-31.293757 -45.241975 0.000000 0.000000
-27.412381 -45.241975 0.000000 0.000000
-23.531005 -45.241975 0.000000 0.000000
-19.649629 -45.241975 0.000000 0.000000
-15.768253 -45.241975 0.000000 0.000000
-11.886877 -45.241975 0.000000 0.000000
-8.005501 -45.241975 0.000000 0.000000
-4.124125 -45.241975 0.000000 0.000000
-0.242749 -45.241975 0.000000 0.000000
3.638627 -45.241975 0.000000 0.000000
7.520003 -45.241975 0.000000 0.000000
11.401379 -45.241975 0.000000 0.000000
15.282755 -45.241975 0.000000 0.000000
19.164131 -45.241975 0.000000 0.000000
23.045507 -45.241975 0.000000 0.000000
26.926883 -45.241975 0.000000 0.000000
30.808259 -45.241975 0.000000 0.000000
34.689635 -45.241975 0.000000 0.000000
38.571011 -45.241975 0.000000 0.000000
42.452387 -45.241975 0.000000 0.000000
46.333763 -45.241975 0.000000 0.000000
50.215140 -45.241975 0.000000 0.000000
54.096516 -45.241975 0.000000 0.000000
57.977892 -45.241975 0.000000 0.000000
61.859268 -45.241975 0.000000 0.000000
65.740644 -45.241975 0.000000 0.000000
69.622020 -45.241975 0.000000 0.000000
73.503396 -45.241975 0.000000 0.000000
77.384772 -45.241975 0.000000 0.000000
81.266148 -45.241975 0.000000 0.000000
85.147524 -45.241975 0.000000 0.000000
89.028900 -45.241975 0.000000 0.000000
92.910276 -45.241975 0.000000 0.000000
96.791652 -45.241975 0.000000 0.000000
100.673028 -45.241975 0.000000 0.000000
104.554404 -45.241975 0.000000 0.000000
108.435780 -45.241975 0.000000 0.000000
112.317156 -45.241975 0.000000 0.000000
116.198532 -45.241975 0.000000 0.000000
120.079908 -45.241975 0.000000 0.000000
123.961284 -45.241975 0.000000 0.000000
127.842660 -45.241975 0.000000 0.000000
131.724036 -45.241975 0.000000 0.000000
135.605412 -45.241975 0.000000 0.000000
139.486788 -45.241975 0.000000 0.000000
