TITLE = "B00005"
VARIABLES = "position", "position(2)", "Vx", "Vy"
ZONE T="Frame 0", I=51, J=39
-54.582013 102.250314 0.000000 0.000000
-50.700637 102.250314 0.000000 0.000000
-46.819261 102.250314 0.000000 0.000000
-42.937885 102.250314 9.598528 0.588895
-39.056509 102.250314 9.073204 1.035597
-35.175133 102.250314 0.000000 0.000000
-31.293757 102.250314 0.000000 0.000000
-27.412381 102.250314 0.000000 0.000000
-23.531005 102.250314 0.000000 0.000000
-19.649629 102.250314 0.000000 0.000000
-15.768253 102.250314 9.652281 -0.082500
-11.886877 102.250314 10.494292 -0.603633
-8.005501 102.250314 9.838057 0.855980
-4.124125 102.250314 0.000000 0.000000
-0.242749 102.250314 12.073955 0.088549
3.638627 102.250314 0.000000 0.000000
7.520003 102.250314 9.294145 1.323010
11.401379 102.250314 0.000000 0.000000
15.282755 102.250314 10.589709 0.545090
19.164131 102.250314 11.328015 -0.582886
23.045507 102.250314 0.000000 0.000000
26.926883 102.250314 0.000000 0.000000
30.808259 102.250314 0.000000 0.000000
34.689635 102.250314 0.000000 0.000000
38.571011 102.250314 0.000000 0.000000
42.452387 102.250314 0.000000 0.000000
46.333763 102.250314 12.637707 2.824599
50.215140 102.250314 11.200378 -0.976956
54.096516 102.250314 10.142711 0.463421
57.977892 102.250314 0.000000 0.000000
61.859268 102.250314 0.000000 0.000000
65.740644 102.250314 0.000000 0.000000
69.622020 102.250314 0.000000 0.000000
73.503396 102.250314 10.733216 -0.380518
77.384772 102.250314 9.277522 0.236856
81.266148 102.250314 10.123630 0.759995
85.147524 102.250314 10.023643 -0.208708
89.028900 102.250314 9.792200 -0.520237
92.910276 102.250314 9.831903 0.161439
96.791652 102.250314 9.640612 0.537952
100.673028 102.250314 10.346658 0.832301
104.554404 102.250314 10.588210 0.681928
108.435780 102.250314 10.547422 0.679650
112.317156 102.250314 9.640004 -0.103180
116.198532 102.250314 9.307437 0.157361
120.079908 102.250314 9.878304 0.370990
123.961284 102.250314 9.919648 0.690074
127.842660 102.250314 10.319353 1.221542
131.724036 102.250314 0.000000 0.000000
135.605412 102.250314 9.720547 0.307101
139.486788 102.250314 8.930136 -0.222393
-54.582013 98.368938 0.000000 0.000000
-50.700637 98.368938 0.000000 0.000000
-46.819261 98.368938 0.000000 0.000000
-42.937885 98.368938 10.405436 0.637864
-39.056509 98.368938 8.788317 1.059050
-35.175133 98.368938 0.000000 0.000000
-31.293757 98.368938 0.000000 0.000000
-27.412381 98.368938 0.000000 0.000000
-23.531005 98.368938 0.000000 0.000000
-19.649629 98.368938 0.000000 0.000000
-15.768253 98.368938 9.966257 0.140126
-11.886877 98.368938 9.174380 -0.480240
-8.005501 98.368938 10.666390 -0.288898
-4.124125 98.368938 11.667344 0.351376
-0.242749 98.368938 10.079479 -0.282339
3.638627 98.368938 0.000000 0.000000
7.520003 98.368938 9.644529 -0.272375
11.401379 98.368938 10.223886 -0.427557
15.282755 98.368938 12.650943 -0.496260
19.164131 98.368938 0.000000 0.000000
23.045507 98.368938 9.577969 -0.326727
26.926883 98.368938 0.000000 0.000000
30.808259 98.368938 0.000000 0.000000
34.689635 98.368938 0.000000 0.000000
38.571011 98.368938 9.110415 -0.418168
42.452387 98.368938 9.448683 -2.268065
46.333763 98.368938 10.869345 -0.175431
50.215140 98.368938 0.000000 0.000000
54.096516 98.368938 11.509077 -0.672095
57.977892 98.368938 0.000000 0.000000
61.859268 98.368938 0.000000 0.000000
65.740644 98.368938 0.000000 0.000000
69.622020 98.368938 0.000000 0.000000
73.503396 98.368938 10.429483 -0.761923
77.384772 98.368938 11.113460 0.516500
81.266148 98.368938 10.005737 -0.415018
85.147524 98.368938 11.917089 0.842441
89.028900 98.368938 9.361590 0.467170
92.910276 98.368938 10.286708 -1.772832
96.791652 98.368938 9.917511 -0.073980
100.673028 98.368938 9.177055 0.498052
104.554404 98.368938 9.568986 0.992270
108.435780 98.368938 10.861269 -0.870792
112.317156 98.368938 9.271797 -0.622036
116.198532 98.368938 9.982202 0.107389
120.079908 98.368938 9.972945 0.393373
123.961284 98.368938 10.443081 -0.214742
127.842660 98.368938 10.078711 0.608353
131.724036 98.368938 10.061416 0.048236
135.605412 98.368938 9.477111 0.080958
139.486788 98.368938 10.009467 0.291776
-54.582013 94.487562 0.000000 0.000000
-50.700637 94.487562 0.000000 0.000000
-46.819261 94.487562 0.000000 0.000000
-42.937885 94.487562 9.032999 2.120223
-39.056509 94.487562 9.279157 0.780032
-35.175133 94.487562 0.000000 0.000000
-31.293757 94.487562 0.000000 0.000000
-27.412381 94.487562 0.000000 0.000000
-23.531005 94.487562 0.000000 0.000000
-19.649629 94.487562 0.000000 0.000000
-15.768253 94.487562 9.924288 0.460867
-11.886877 94.487562 9.657090 -0.584579
-8.005501 94.487562 9.917844 -0.491871
-4.124125 94.487562 8.622351 0.393322
-0.242749 94.487562 11.750305 -0.130867
3.638627 94.487562 11.274595 -0.494664
7.520003 94.487562 0.000000 0.000000
11.401379 94.487562 12.921303 1.152429
15.282755 94.487562 9.114360 2.129215
19.164131 94.487562 12.407781 0.651860
23.045507 94.487562 9.997791 -2.536762
26.926883 94.487562 10.088017 0.550389
30.808259 94.487562 10.538048 -0.772958
34.689635 94.487562 0.000000 0.000000
38.571011 94.487562 10.335748 -0.116346
42.452387 94.487562 10.448510 -0.387050
46.333763 94.487562 9.666800 -0.229701
50.215140 94.487562 0.000000 0.000000
54.096516 94.487562 10.013643 -0.580244
57.977892 94.487562 0.000000 0.000000
61.859268 94.487562 0.000000 0.000000
65.740644 94.487562 0.000000 0.000000
69.622020 94.487562 0.000000 0.000000
73.503396 94.487562 9.447671 0.473773
77.384772 94.487562 10.979602 -1.053053
81.266148 94.487562 10.794745 -0.121111
85.147524 94.487562 9.694883 1.154498
89.028900 94.487562 8.217871 1.000287
92.910276 94.487562 9.336845 0.797467
96.791652 94.487562 9.861627 -0.570402
100.673028 94.487562 10.225971 -0.265583
104.554404 94.487562 10.036300 -0.376450
108.435780 94.487562 9.350714 0.400752
112.317156 94.487562 10.351520 0.524839
116.198532 94.487562 9.740928 -0.401077
120.079908 94.487562 9.703465 0.268436
123.961284 94.487562 10.353931 0.367152
127.842660 94.487562 10.305074 -0.634543
131.724036 94.487562 9.658071 -0.190969
135.605412 94.487562 10.305488 -0.052081
139.486788 94.487562 9.336703 -0.103160
-54.582013 90.606186 0.000000 0.000000
-50.700637 90.606186 0.000000 0.000000
-46.819261 90.606186 11.098927 -0.350341
-42.937885 90.606186 0.000000 0.000000
-39.056509 90.606186 9.331858 0.398807
-35.175133 90.606186 0.000000 0.000000
-31.293757 90.606186 0.000000 0.000000
-27.412381 90.606186 0.000000 0.000000
-23.531005 90.606186 0.000000 0.000000
-19.649629 90.606186 0.000000 0.000000
-15.768253 90.606186 10.338154 0.071278
-11.886877 90.606186 11.085319 0.665186
-8.005501 90.606186 11.590721 1.681690
-4.124125 90.606186 12.334342 0.549492
-0.242749 90.606186 10.339653 0.713712
3.638627 90.606186 8.969851 1.076442
7.520003 90.606186 10.720226 0.497005
11.401379 90.606186 10.976456 -0.493615
15.282755 90.606186 10.525577 0.557233
19.164131 90.606186 9.865726 -1.423020
23.045507 90.606186 10.797685 0.074847
26.926883 90.606186 10.241497 -0.115427
30.808259 90.606186 10.379488 -0.467883
34.689635 90.606186 9.495819 0.198099
38.571011 90.606186 9.593028 -0.074442
42.452387 90.606186 11.048491 0.442873
46.333763 90.606186 9.778085 -0.899853
50.215140 90.606186 10.600823 0.576860
54.096516 90.606186 0.000000 0.000000
57.977892 90.606186 9.700774 -0.700762
61.859268 90.606186 0.000000 0.000000
65.740644 90.606186 0.000000 0.000000
69.622020 90.606186 0.000000 0.000000
73.503396 90.606186 10.320865 -0.627783
77.384772 90.606186 8.998084 -0.250903
81.266148 90.606186 9.546419 1.414527
85.147524 90.606186 10.362301 0.178777
89.028900 90.606186 9.393039 -0.582374
92.910276 90.606186 9.552848 0.048523
96.791652 90.606186 9.764096 0.496055
100.673028 90.606186 10.029945 0.562487
104.554404 90.606186 8.976634 -1.017035
108.435780 90.606186 9.992267 -0.048754
112.317156 90.606186 9.360514 0.275779
116.198532 90.606186 10.238032 0.208323
120.079908 90.606186 9.785670 0.214577
123.961284 90.606186 10.408280 -0.063298
127.842660 90.606186 10.037706 -0.265500
131.724036 90.606186 9.274372 -0.286484
135.605412 90.606186 10.296329 -0.820772
139.486788 90.606186 9.150361 0.380156
-54.582013 86.724810 0.000000 0.000000
-50.700637 86.724810 0.000000 0.000000
-46.819261 86.724810 0.000000 0.000000
-42.937885 86.724810 10.256827 1.011261
-39.056509 86.724810 10.261035 0.271618
-35.175133 86.724810 0.000000 0.000000
-31.293757 86.724810 0.000000 0.000000
-27.412381 86.724810 0.000000 0.000000
-23.531005 86.724810 0.000000 0.000000
-19.649629 86.724810 0.000000 0.000000
-15.768253 86.724810 10.735912 -0.192991
-11.886877 86.724810 10.054105 -0.350727
-8.005501 86.724810 10.662053 1.178476
-4.124125 86.724810 11.573398 0.411682
-0.242749 86.724810 9.878703 0.797799
3.638627 86.724810 10.944615 0.125900
7.520003 86.724810 10.616466 0.485501
11.401379 86.724810 10.779396 0.117967
15.282755 86.724810 9.931506 0.130912
19.164131 86.724810 10.080512 -0.276632
23.045507 86.724810 9.874921 -0.125951
26.926883 86.724810 9.899086 -0.633789
30.808259 86.724810 8.052167 0.061602
34.689635 86.724810 9.008134 0.087533
38.571011 86.724810 11.038062 -0.401659
42.452387 86.724810 10.287532 -0.490256
46.333763 86.724810 10.180744 -0.506216
50.215140 86.724810 9.655557 1.024903
54.096516 86.724810 9.743262 -1.299523
57.977892 86.724810 10.815817 -0.750951
61.859268 86.724810 0.000000 0.000000
65.740644 86.724810 0.000000 0.000000
69.622020 86.724810 0.000000 0.000000
73.503396 86.724810 10.295487 1.173073
77.384772 86.724810 9.543239 -0.025814
81.266148 86.724810 9.680027 -0.791118
85.147524 86.724810 10.681376 0.364339
89.028900 86.724810 10.174026 -1.304974
92.910276 86.724810 10.497158 -1.117411
96.791652 86.724810 9.832042 -0.129994
100.673028 86.724810 10.146144 0.156936
104.554404 86.724810 9.339017 -0.561872
108.435780 86.724810 9.176167 -0.512305
112.317156 86.724810 0.000000 0.000000
116.198532 86.724810 9.472838 -0.429533
120.079908 86.724810 8.331262 0.642875
123.961284 86.724810 9.868548 -0.207311
127.842660 86.724810 9.758781 -0.444238
131.724036 86.724810 9.942699 0.225631
135.605412 86.724810 9.631738 -0.175612
139.486788 86.724810 9.971702 -0.551961
-54.582013 82.843434 0.000000 0.000000
-50.700637 82.843434 9.235846 0.948103
-46.819261 82.843434 9.109779 1.141383
-42.937885 82.843434 0.000000 0.000000
-39.056509 82.843434 0.000000 0.000000
-35.175133 82.843434 0.000000 0.000000
-31.293757 82.843434 0.000000 0.000000
-27.412381 82.843434 0.000000 0.000000
-23.531005 82.843434 0.000000 0.000000
-19.649629 82.843434 0.000000 0.000000
-15.768253 82.843434 10.616271 0.297230
-11.886877 82.843434 10.205493 0.854837
-8.005501 82.843434 10.821832 0.332335
-4.124125 82.843434 10.551904 0.261426
-0.242749 82.843434 9.453744 0.102291
3.638627 82.843434 10.444133 0.271124
7.520003 82.843434 10.539272 0.218308
11.401379 82.843434 10.525564 0.415905
15.282755 82.843434 10.373288 0.165095
19.164131 82.843434 10.370058 0.792005
23.045507 82.843434 10.975675 0.765676
26.926883 82.843434 9.573638 0.101310
30.808259 82.843434 10.245618 0.268492
34.689635 82.843434 10.069282 -0.599537
38.571011 82.843434 10.162802 -0.149681
42.452387 82.843434 10.913473 -0.443747
46.333763 82.843434 10.708200 -0.240230
50.215140 82.843434 10.437958 -0.042570
54.096516 82.843434 9.758105 0.195293
57.977892 82.843434 10.865227 0.386265
61.859268 82.843434 0.000000 0.000000
65.740644 82.843434 0.000000 0.000000
69.622020 82.843434 10.051051 -0.259016
73.503396 82.843434 10.544325 -0.152818
77.384772 82.843434 9.811785 0.354353
81.266148 82.843434 9.876278 0.529952
85.147524 82.843434 9.744558 -0.368338
89.028900 82.843434 9.011555 -0.909446
92.910276 82.843434 9.926389 -0.602003
96.791652 82.843434 10.355181 -1.334130
100.673028 82.843434 10.100596 0.788824
104.554404 82.843434 10.177108 -0.214713
108.435780 82.843434 9.820298 0.182728
112.317156 82.843434 9.220974 0.752021
116.198532 82.843434 10.422457 -1.469523
120.079908 82.843434 10.130589 0.466489
123.961284 82.843434 9.201223 0.049865
127.842660 82.843434 9.315383 -0.133711
131.724036 82.843434 9.864674 0.130297
135.605412 82.843434 10.633770 0.065340
139.486788 82.843434 8.985228 -0.180757
-54.582013 78.962058 0.000000 0.000000
-50.700637 78.962058 8.910144 1.963391
-46.819261 78.962058 10.064780 0.283269
-42.937885 78.962058 10.448338 1.112150
-39.056509 78.962058 10.778471 0.205786
-35.175133 78.962058 0.000000 0.000000
-31.293757 78.962058 0.000000 0.000000
-27.412381 78.962058 0.000000 0.000000
-23.531005 78.962058 0.000000 0.000000
-19.649629 78.962058 0.000000 0.000000
-15.768253 78.962058 10.350357 0.513175
-11.886877 78.962058 10.531002 0.099045
-8.005501 78.962058 10.493565 -0.468523
-4.124125 78.962058 10.217690 1.064366
-0.242749 78.962058 10.296415 0.610804
3.638627 78.962058 10.411198 0.042138
7.520003 78.962058 10.831162 -0.718448
11.401379 78.962058 10.244051 0.117969
15.282755 78.962058 10.653114 -0.052963
19.164131 78.962058 10.683476 -0.246002
23.045507 78.962058 10.322937 -0.281796
26.926883 78.962058 11.550285 -0.098098
30.808259 78.962058 10.277562 -0.074813
34.689635 78.962058 10.496449 -0.312624
38.571011 78.962058 10.079991 -0.550090
42.452387 78.962058 10.250630 -0.564626
46.333763 78.962058 10.183469 -0.592376
50.215140 78.962058 10.226592 -0.333854
54.096516 78.962058 9.826107 0.131538
57.977892 78.962058 9.849528 0.215516
61.859268 78.962058 0.000000 0.000000
65.740644 78.962058 0.000000 0.000000
69.622020 78.962058 9.877709 -1.205146
73.503396 78.962058 10.278259 0.515684
77.384772 78.962058 10.099362 -0.322619
81.266148 78.962058 10.470649 -0.366651
85.147524 78.962058 10.604904 0.324254
89.028900 78.962058 10.269965 -0.409895
92.910276 78.962058 9.885060 -0.190250
96.791652 78.962058 9.850968 -0.064480
100.673028 78.962058 9.944720 -0.769700
104.554404 78.962058 9.799144 0.273233
108.435780 78.962058 9.479665 -0.020664
112.317156 78.962058 9.950088 -0.055949
116.198532 78.962058 9.825588 -0.204510
120.079908 78.962058 9.347954 -0.838569
123.961284 78.962058 10.092278 -0.108979
127.842660 78.962058 9.355113 -0.283084
131.724036 78.962058 10.293402 -0.264628
135.605412 78.962058 9.170491 -0.349592
139.486788 78.962058 9.470140 -0.456610
-54.582013 75.080682 0.000000 0.000000
-50.700637 75.080682 0.000000 0.000000
-46.819261 75.080682 10.061761 0.070834
-42.937885 75.080682 10.650887 0.482151
-39.056509 75.080682 9.772023 0.413104
-35.175133 75.080682 0.000000 0.000000
-31.293757 75.080682 0.000000 0.000000
-27.412381 75.080682 0.000000 0.000000
-23.531005 75.080682 0.000000 0.000000
-19.649629 75.080682 0.000000 0.000000
-15.768253 75.080682 10.168267 0.415674
-11.886877 75.080682 10.299179 0.559520
-8.005501 75.080682 10.386552 0.189102
-4.124125 75.080682 10.213327 0.073280
-0.242749 75.080682 10.793699 -0.107025
3.638627 75.080682 10.331479 -0.122678
7.520003 75.080682 10.421587 -0.164789
11.401379 75.080682 10.907017 -0.410667
15.282755 75.080682 11.467681 -0.508932
19.164131 75.080682 9.400695 -0.627374
23.045507 75.080682 9.896840 -0.236188
26.926883 75.080682 10.244578 -0.199180
30.808259 75.080682 10.261970 -0.268337
34.689635 75.080682 10.165651 -0.246100
38.571011 75.080682 10.703798 -0.680265
42.452387 75.080682 10.363423 0.264196
46.333763 75.080682 9.936685 -0.771817
50.215140 75.080682 9.688587 0.103496
54.096516 75.080682 10.249116 -0.369639
57.977892 75.080682 10.347605 -0.918828
61.859268 75.080682 0.000000 0.000000
65.740644 75.080682 0.000000 0.000000
69.622020 75.080682 9.460638 -0.579915
73.503396 75.080682 10.094735 -0.147680
77.384772 75.080682 10.495757 -0.719076
81.266148 75.080682 10.027623 0.202465
85.147524 75.080682 10.371502 -0.188925
89.028900 75.080682 10.390775 -0.129536
92.910276 75.080682 9.575933 -0.334819
96.791652 75.080682 9.783918 0.054925
100.673028 75.080682 10.103968 -0.025724
104.554404 75.080682 10.289923 -0.193122
108.435780 75.080682 9.827359 -0.423447
112.317156 75.080682 9.504660 -0.186854
116.198532 75.080682 10.094579 -0.385822
120.079908 75.080682 9.566426 0.217947
123.961284 75.080682 10.517615 -0.153213
127.842660 75.080682 10.283729 -0.543913
131.724036 75.080682 9.557299 0.013887
135.605412 75.080682 10.158322 0.525482
139.486788 75.080682 10.152912 -0.169996
-54.582013 71.199306 0.000000 0.000000
-50.700637 71.199306 0.000000 0.000000
-46.819261 71.199306 9.488064 1.172099
-42.937885 71.199306 10.300960 0.800102
-39.056509 71.199306 10.250340 0.747647
-35.175133 71.199306 0.000000 0.000000
-31.293757 71.199306 0.000000 0.000000
-27.412381 71.199306 0.000000 0.000000
-23.531005 71.199306 0.000000 0.000000
-19.649629 71.199306 0.000000 0.000000
-15.768253 71.199306 10.097669 0.692349
-11.886877 71.199306 10.463773 0.773205
-8.005501 71.199306 10.749826 0.602288
-4.124125 71.199306 10.831079 1.014514
-0.242749 71.199306 11.159273 0.552538
3.638627 71.199306 10.370625 -0.048299
7.520003 71.199306 11.033469 0.235867
11.401379 71.199306 10.682600 0.080629
15.282755 71.199306 10.644526 0.544379
19.164131 71.199306 10.692150 -0.884954
23.045507 71.199306 10.088748 -0.210066
26.926883 71.199306 10.264977 -0.216526
30.808259 71.199306 10.810348 0.444685
34.689635 71.199306 10.179705 0.420819
38.571011 71.199306 10.001284 0.243835
42.452387 71.199306 10.757609 0.082688
46.333763 71.199306 10.241055 -0.582409
50.215140 71.199306 10.402034 -0.433733
54.096516 71.199306 10.402638 -0.316014
57.977892 71.199306 9.809064 -0.584980
61.859268 71.199306 0.000000 0.000000
65.740644 71.199306 0.000000 0.000000
69.622020 71.199306 10.418675 -0.520672
73.503396 71.199306 10.327632 -0.432237
77.384772 71.199306 9.555087 -0.253298
81.266148 71.199306 10.077847 -0.242191
85.147524 71.199306 9.167974 -0.172226
89.028900 71.199306 9.672473 -0.641971
92.910276 71.199306 10.558647 0.124897
96.791652 71.199306 9.764691 -0.157324
100.673028 71.199306 10.085834 -0.042506
104.554404 71.199306 9.742393 0.163577
108.435780 71.199306 10.078390 0.345552
112.317156 71.199306 9.707663 -0.164214
116.198532 71.199306 10.601416 -0.286116
120.079908 71.199306 10.197722 -0.197360
123.961284 71.199306 9.777844 0.032699
127.842660 71.199306 9.259442 0.068084
131.724036 71.199306 10.062526 -0.100502
135.605412 71.199306 10.320155 0.508157
139.486788 71.199306 9.510832 0.002250
-54.582013 67.317930 7.272219 0.601611
-50.700637 67.317930 9.188660 0.883520
-46.819261 67.317930 9.509906 1.177289
-42.937885 67.317930 9.597698 0.949935
-39.056509 67.317930 10.454605 0.343009
-35.175133 67.317930 0.000000 0.000000
-31.293757 67.317930 0.000000 0.000000
-27.412381 67.317930 0.000000 0.000000
-23.531005 67.317930 0.000000 0.000000
-19.649629 67.317930 10.940405 0.383145
-15.768253 67.317930 10.397687 0.404139
-11.886877 67.317930 10.052238 0.359237
-8.005501 67.317930 11.142752 0.201882
-4.124125 67.317930 10.374763 0.922517
-0.242749 67.317930 10.497371 0.667735
3.638627 67.317930 10.565779 0.273497
7.520003 67.317930 10.798805 -0.218248
11.401379 67.317930 10.828244 0.585520
15.282755 67.317930 11.293121 0.649587
19.164131 67.317930 10.498410 -0.048426
23.045507 67.317930 10.621540 -0.023005
26.926883 67.317930 10.414662 -0.290360
30.808259 67.317930 10.500424 0.109105
34.689635 67.317930 10.519697 -0.289413
38.571011 67.317930 10.496896 -0.211745
42.452387 67.317930 10.229377 -0.744276
46.333763 67.317930 10.270751 -0.819552
50.215140 67.317930 10.673297 -0.617934
54.096516 67.317930 10.172428 -0.227975
57.977892 67.317930 10.369796 -0.337272
61.859268 67.317930 0.000000 0.000000
65.740644 67.317930 0.000000 0.000000
69.622020 67.317930 10.082261 -0.341491
73.503396 67.317930 10.023813 -0.323102
77.384772 67.317930 10.130304 -0.412540
81.266148 67.317930 10.303961 -0.554262
85.147524 67.317930 10.254319 -0.373860
89.028900 67.317930 10.053663 -0.498583
92.910276 67.317930 9.738852 -0.133715
96.791652 67.317930 9.748281 -0.147330
100.673028 67.317930 9.471777 0.145657
104.554404 67.317930 9.442763 -0.296656
108.435780 67.317930 9.882947 -0.292950
112.317156 67.317930 9.734157 0.390596
116.198532 67.317930 10.115286 -0.101804
120.079908 67.317930 9.825752 0.180458
123.961284 67.317930 9.709517 0.455290
127.842660 67.317930 9.915173 -0.732389
131.724036 67.317930 10.117325 0.379190
135.605412 67.317930 9.683297 0.142385
139.486788 67.317930 9.839173 -0.299653
-54.582013 63.436554 9.993041 0.501229
-50.700637 63.436554 0.000000 0.000000
-46.819261 63.436554 9.758537 0.576086
-42.937885 63.436554 10.083893 0.960804
-39.056509 63.436554 9.797882 1.013750
-35.175133 63.436554 0.000000 0.000000
-31.293757 63.436554 0.000000 0.000000
-27.412381 63.436554 0.000000 0.000000
-23.531005 63.436554 0.000000 0.000000
-19.649629 63.436554 10.493222 0.999377
-15.768253 63.436554 10.339977 0.946010
-11.886877 63.436554 10.331217 0.425022
-8.005501 63.436554 10.695393 0.269311
-4.124125 63.436554 10.516850 0.807025
-0.242749 63.436554 10.358444 0.390631
3.638627 63.436554 10.521119 0.202380
7.520003 63.436554 9.098678 0.424553
11.401379 63.436554 9.911357 0.141806
15.282755 63.436554 11.153893 -0.145112
19.164131 63.436554 11.276239 0.195813
23.045507 63.436554 10.372107 -0.027335
26.926883 63.436554 10.466376 -0.147967
30.808259 63.436554 10.757289 -0.520582
34.689635 63.436554 10.695728 -0.388342
38.571011 63.436554 10.108977 -0.034577
42.452387 63.436554 10.195968 -0.275449
46.333763 63.436554 10.664086 -0.903955
50.215140 63.436554 10.577371 -0.208187
54.096516 63.436554 10.101383 -0.533134
57.977892 63.436554 10.088980 -0.723430
61.859268 63.436554 0.000000 0.000000
65.740644 63.436554 0.000000 0.000000
69.622020 63.436554 10.083508 -0.366963
73.503396 63.436554 10.010367 -0.472530
77.384772 63.436554 10.000897 0.048037
81.266148 63.436554 10.073880 -0.335982
85.147524 63.436554 9.743509 -0.354135
89.028900 63.436554 9.975690 0.050098
92.910276 63.436554 10.103363 -0.472192
96.791652 63.436554 9.909389 -0.352571
100.673028 63.436554 9.598148 -0.066411
104.554404 63.436554 10.069420 -0.136154
108.435780 63.436554 10.211650 0.183382
112.317156 63.436554 10.151728 0.077266
116.198532 63.436554 10.015290 0.050847
120.079908 63.436554 10.199030 -0.116118
123.961284 63.436554 10.053888 0.167106
127.842660 63.436554 9.853664 -0.142899
131.724036 63.436554 9.808771 0.009768
135.605412 63.436554 9.291461 -0.148101
139.486788 63.436554 9.811255 0.001400
-54.582013 59.555178 10.631373 0.911903
-50.700637 59.555178 0.000000 0.000000
-46.819261 59.555178 9.838816 1.406557
-42.937885 59.555178 9.553977 1.147967
-39.056509 59.555178 10.486689 1.171310
-35.175133 59.555178 0.000000 0.000000
-31.293757 59.555178 0.000000 0.000000
-27.412381 59.555178 0.000000 0.000000
-23.531005 59.555178 0.000000 0.000000
-19.649629 59.555178 10.836280 0.597456
-15.768253 59.555178 10.463387 1.206327
-11.886877 59.555178 10.788804 0.531736
-8.005501 59.555178 11.370401 0.039351
-4.124125 59.555178 10.980632 0.199012
-0.242749 59.555178 11.021898 0.405451
3.638627 59.555178 10.844850 0.041632
7.520003 59.555178 10.559921 -0.180627
11.401379 59.555178 10.708249 0.093790
15.282755 59.555178 10.888778 0.077753
19.164131 59.555178 11.114284 -0.128904
23.045507 59.555178 10.287689 -0.720890
26.926883 59.555178 10.344296 -0.340228
30.808259 59.555178 10.665971 -0.267734
34.689635 59.555178 10.277507 -0.266337
38.571011 59.555178 9.990447 -0.763179
42.452387 59.555178 10.299417 0.195053
46.333763 59.555178 10.434006 -0.241225
50.215140 59.555178 10.051079 -0.658588
54.096516 59.555178 10.360391 -0.935942
57.977892 59.555178 9.958629 -0.332461
61.859268 59.555178 0.000000 0.000000
65.740644 59.555178 0.000000 0.000000
69.622020 59.555178 9.789248 -0.434720
73.503396 59.555178 9.858696 -0.725717
77.384772 59.555178 9.959850 -0.579641
81.266148 59.555178 9.479140 -0.157881
85.147524 59.555178 9.841555 -0.572057
89.028900 59.555178 10.095322 -0.531320
92.910276 59.555178 10.134694 -0.260820
96.791652 59.555178 9.547354 -0.195864
100.673028 59.555178 9.774534 -0.651889
104.554404 59.555178 9.921332 -0.252524
108.435780 59.555178 9.926799 0.218504
112.317156 59.555178 9.589570 -0.296730
116.198532 59.555178 9.850775 0.265282
120.079908 59.555178 10.064497 -0.274527
123.961284 59.555178 9.700074 -0.083938
127.842660 59.555178 10.331765 -0.624061
131.724036 59.555178 10.098157 -0.130468
135.605412 59.555178 0.000000 0.000000
139.486788 59.555178 9.848686 0.618845
-54.582013 55.673802 9.774587 0.428768
-50.700637 55.673802 10.420643 1.596914
-46.819261 55.673802 10.354463 0.779205
-42.937885 55.673802 9.977982 1.079603
-39.056509 55.673802 10.110279 1.361165
-35.175133 55.673802 0.000000 0.000000
-31.293757 55.673802 0.000000 0.000000
-27.412381 55.673802 0.000000 0.000000
-23.531005 55.673802 10.541903 1.213931
-19.649629 55.673802 10.905207 1.053007
-15.768253 55.673802 10.677804 0.535407
-11.886877 55.673802 10.795248 0.246549
-8.005501 55.673802 10.976329 0.566078
-4.124125 55.673802 11.273796 0.526206
-0.242749 55.673802 11.034089 0.653435
3.638627 55.673802 11.130789 0.067290
7.520003 55.673802 10.629319 -0.114476
11.401379 55.673802 11.064972 -0.356328
15.282755 55.673802 10.547808 -0.177376
19.164131 55.673802 10.772536 -0.589388
23.045507 55.673802 10.598692 -0.587009
26.926883 55.673802 10.524238 -0.467894
30.808259 55.673802 10.610105 -0.676136
34.689635 55.673802 10.524898 -0.434927
38.571011 55.673802 10.584067 -0.585843
42.452387 55.673802 10.685580 -0.734704
46.333763 55.673802 10.204074 -0.934464
50.215140 55.673802 10.244442 -0.597217
54.096516 55.673802 10.028962 -0.847690
57.977892 55.673802 10.234007 -0.858836
61.859268 55.673802 0.000000 0.000000
65.740644 55.673802 0.000000 0.000000
69.622020 55.673802 10.225475 -0.468312
73.503396 55.673802 10.024498 -0.416073
77.384772 55.673802 9.696789 -0.392209
81.266148 55.673802 9.462708 -0.414332
85.147524 55.673802 9.468106 -0.618964
89.028900 55.673802 9.717703 -0.003640
92.910276 55.673802 9.951657 -0.253673
96.791652 55.673802 9.739215 0.068650
100.673028 55.673802 9.763035 -0.130783
104.554404 55.673802 9.367414 -0.551898
108.435780 55.673802 9.849195 -0.009618
112.317156 55.673802 9.995481 -0.269628
116.198532 55.673802 10.208497 -0.183413
120.079908 55.673802 8.885248 0.157991
123.961284 55.673802 10.114807 -0.181560
127.842660 55.673802 9.963753 -0.293178
131.724036 55.673802 9.795430 0.015596
135.605412 55.673802 9.823796 0.091885
139.486788 55.673802 9.587716 -0.503250
-54.582013 51.792426 0.000000 0.000000
-50.700637 51.792426 9.888321 0.742610
-46.819261 51.792426 9.558595 0.541160
-42.937885 51.792426 9.966961 1.442825
-39.056509 51.792426 9.795458 0.878302
-35.175133 51.792426 0.000000 0.000000
-31.293757 51.792426 0.000000 0.000000
-27.412381 51.792426 0.000000 0.000000
-23.531005 51.792426 10.953728 1.137497
-19.649629 51.792426 10.926666 0.982498
-15.768253 51.792426 11.269116 0.949764
-11.886877 51.792426 10.953068 0.513320
-8.005501 51.792426 11.438257 0.440841
-4.124125 51.792426 11.212822 0.302824
-0.242749 51.792426 11.100439 0.446226
3.638627 51.792426 11.041134 0.152287
7.520003 51.792426 10.924818 -0.002779
11.401379 51.792426 10.903790 -0.091483
15.282755 51.792426 10.894882 -0.121831
19.164131 51.792426 10.686496 -0.563868
23.045507 51.792426 10.668966 -0.658193
26.926883 51.792426 10.627496 -0.632277
30.808259 51.792426 10.444722 -0.516953
34.689635 51.792426 10.587353 -0.520747
38.571011 51.792426 10.669549 -0.389678
42.452387 51.792426 10.379170 -0.542507
46.333763 51.792426 10.200616 -0.656701
50.215140 51.792426 10.135913 -0.786151
54.096516 51.792426 10.158779 -0.562566
57.977892 51.792426 9.914133 -0.898540
61.859268 51.792426 0.000000 0.000000
65.740644 51.792426 0.000000 0.000000
69.622020 51.792426 10.066644 -0.454877
73.503396 51.792426 9.512309 -0.380882
77.384772 51.792426 9.950982 -0.258831
81.266148 51.792426 10.088076 -0.047852
85.147524 51.792426 9.578478 -0.162460
89.028900 51.792426 9.772532 -0.050764
92.910276 51.792426 9.819536 0.063789
96.791652 51.792426 9.883734 -0.354414
100.673028 51.792426 9.334899 0.504701
104.554404 51.792426 9.139592 -0.593300
108.435780 51.792426 10.001499 0.181739
112.317156 51.792426 9.118866 0.279217
116.198532 51.792426 9.331410 0.238201
120.079908 51.792426 9.776558 0.416064
123.961284 51.792426 9.924753 -0.120537
127.842660 51.792426 10.163011 -0.418800
131.724036 51.792426 9.471712 -0.408655
135.605412 51.792426 9.851959 -0.095430
139.486788 51.792426 10.088798 0.250863
-54.582013 47.911049 8.983044 1.762852
-50.700637 47.911049 9.131699 0.981943
-46.819261 47.911049 9.507618 0.651556
-42.937885 47.911049 9.150771 0.997471
-39.056509 47.911049 9.222702 1.425392
-35.175133 47.911049 0.000000 0.000000
-31.293757 47.911049 0.000000 0.000000
-27.412381 47.911049 0.000000 0.000000
-23.531005 47.911049 10.791902 1.314020
-19.649629 47.911049 11.592877 1.227642
-15.768253 47.911049 11.237746 1.138140
-11.886877 47.911049 11.898985 0.754642
-8.005501 47.911049 11.432751 0.413152
-4.124125 47.911049 11.714724 0.186962
-0.242749 47.911049 11.240161 0.187674
3.638627 47.911049 11.286227 -0.045559
7.520003 47.911049 10.993625 -0.130468
11.401379 47.911049 10.912119 -0.298117
15.282755 47.911049 11.080297 -0.336514
19.164131 47.911049 10.826721 -0.296911
23.045507 47.911049 10.505175 -0.334788
26.926883 47.911049 10.913359 -0.603851
30.808259 47.911049 10.782465 -0.630929
34.689635 47.911049 10.562565 -0.022792
38.571011 47.911049 10.451561 -0.627464
42.452387 47.911049 10.546278 -0.747626
46.333763 47.911049 10.448291 -0.669463
50.215140 47.911049 10.441844 -0.778850
54.096516 47.911049 10.110270 -0.887450
57.977892 47.911049 10.257682 -0.678405
61.859268 47.911049 0.000000 0.000000
65.740644 47.911049 0.000000 0.000000
69.622020 47.911049 9.623973 -0.643188
73.503396 47.911049 9.528235 -0.175069
77.384772 47.911049 9.700408 -0.116024
81.266148 47.911049 9.916694 -0.433626
85.147524 47.911049 9.785328 -0.093963
89.028900 47.911049 9.548985 -0.095729
92.910276 47.911049 9.941380 -0.062916
96.791652 47.911049 10.269441 -0.578922
100.673028 47.911049 10.329101 -0.238626
104.554404 47.911049 9.908571 -0.617634
108.435780 47.911049 9.277862 -0.125405
112.317156 47.911049 9.138623 -0.338535
116.198532 47.911049 9.844161 0.095713
120.079908 47.911049 9.477656 -0.560698
123.961284 47.911049 10.688899 0.121610
127.842660 47.911049 10.092551 -0.229758
131.724036 47.911049 9.335813 -0.205183
135.605412 47.911049 9.902936 0.208036
139.486788 47.911049 9.915570 0.443810
-54.582013 44.029673 8.896214 2.536765
-50.700637 44.029673 9.373331 0.849208
-46.819261 44.029673 8.952953 1.370749
-42.937885 44.029673 9.545312 1.355389
-39.056509 44.029673 9.619870 2.004279
-35.175133 44.029673 0.000000 0.000000
-31.293757 44.029673 0.000000 0.000000
-27.412381 44.029673 11.448143 2.435897
-23.531005 44.029673 11.851972 1.681709
-19.649629 44.029673 11.924735 1.406610
-15.768253 44.029673 12.106485 0.933482
-11.886877 44.029673 11.751619 0.794111
-8.005501 44.029673 11.644246 0.292959
-4.124125 44.029673 11.324844 0.245531
-0.242749 44.029673 11.779937 -0.013401
3.638627 44.029673 0.000000 0.000000
7.520003 44.029673 11.109634 -0.103212
11.401379 44.029673 11.390337 -0.339673
15.282755 44.029673 10.779733 -0.300018
19.164131 44.029673 10.825200 -1.017217
23.045507 44.029673 10.769470 -0.836035
26.926883 44.029673 10.979580 -0.763048
30.808259 44.029673 11.121122 -0.842162
34.689635 44.029673 10.406235 -0.628000
38.571011 44.029673 10.641756 -0.745456
42.452387 44.029673 10.472431 -0.932680
46.333763 44.029673 10.430135 -0.729861
50.215140 44.029673 10.574077 -0.955288
54.096516 44.029673 10.514722 -0.659706
57.977892 44.029673 9.844436 -0.888671
61.859268 44.029673 0.000000 0.000000
65.740644 44.029673 0.000000 0.000000
69.622020 44.029673 9.311749 -0.634085
73.503396 44.029673 9.490477 -0.108399
77.384772 44.029673 9.978972 -0.351294
81.266148 44.029673 9.643730 -0.629984
85.147524 44.029673 9.572843 -0.868587
89.028900 44.029673 9.233347 -0.455097
92.910276 44.029673 9.555695 -0.385623
96.791652 44.029673 9.771873 -0.256566
100.673028 44.029673 10.169677 -0.784706
104.554404 44.029673 9.738490 -0.682816
108.435780 44.029673 9.042447 -0.336007
112.317156 44.029673 8.682362 -0.152804
116.198532 44.029673 9.018097 1.988537
120.079908 44.029673 10.128365 0.593181
123.961284 44.029673 10.056412 -1.436426
127.842660 44.029673 9.280304 -1.144141
131.724036 44.029673 8.986202 -0.566608
135.605412 44.029673 8.740544 -0.383347
139.486788 44.029673 9.601107 -0.199858
-54.582013 40.148297 0.000000 0.000000
-50.700637 40.148297 0.000000 0.000000
-46.819261 40.148297 9.073769 0.842113
-42.937885 40.148297 9.081866 1.022930
-39.056509 40.148297 8.334381 2.073918
-35.175133 40.148297 0.000000 0.000000
-31.293757 40.148297 0.000000 0.000000
-27.412381 40.148297 0.000000 0.000000
-23.531005 40.148297 0.000000 0.000000
-19.649629 40.148297 0.000000 0.000000
-15.768253 40.148297 0.000000 0.000000
-11.886877 40.148297 0.000000 0.000000
-8.005501 40.148297 0.000000 0.000000
-4.124125 40.148297 0.000000 0.000000
-0.242749 40.148297 0.000000 0.000000
3.638627 40.148297 0.000000 0.000000
7.520003 40.148297 0.000000 0.000000
11.401379 40.148297 0.000000 0.000000
15.282755 40.148297 0.000000 0.000000
19.164131 40.148297 0.000000 0.000000
23.045507 40.148297 0.000000 0.000000
26.926883 40.148297 0.000000 0.000000
30.808259 40.148297 0.000000 0.000000
34.689635 40.148297 0.000000 0.000000
38.571011 40.148297 0.000000 0.000000
42.452387 40.148297 10.590055 -0.327259
46.333763 40.148297 10.276875 -0.867982
50.215140 40.148297 10.221678 -1.093462
54.096516 40.148297 10.345687 -0.801451
57.977892 40.148297 9.318816 -1.063140
61.859268 40.148297 10.090371 -0.827791
65.740644 40.148297 0.000000 0.000000
69.622020 40.148297 8.405654 -1.757502
73.503396 40.148297 8.491195 -0.169478
77.384772 40.148297 11.754522 0.303212
81.266148 40.148297 9.834444 -1.664120
85.147524 40.148297 8.972445 -1.343756
89.028900 40.148297 8.815048 -1.227716
92.910276 40.148297 9.389908 -0.516412
96.791652 40.148297 8.838084 0.449728
100.673028 40.148297 10.393557 -1.598817
104.554404 40.148297 9.234331 -1.154835
108.435780 40.148297 8.716703 -1.397567
112.317156 40.148297 7.865490 -1.046355
116.198532 40.148297 8.677189 2.883129
120.079908 40.148297 8.853470 2.074808
123.961284 40.148297 8.559298 -2.279605
127.842660 40.148297 8.742763 -1.500699
131.724036 40.148297 8.728193 -1.907350
135.605412 40.148297 7.346938 -1.120201
139.486788 40.148297 0.000000 0.000000
-54.582013 36.266921 0.000000 0.000000
-50.700637 36.266921 0.000000 0.000000
-46.819261 36.266921 0.000000 0.000000
-42.937885 36.266921 6.674378 -1.147992
-39.056509 36.266921 6.482295 1.859597
-35.175133 36.266921 0.000000 0.000000
-31.293757 36.266921 0.000000 0.000000
-27.412381 36.266921 0.000000 0.000000
-23.531005 36.266921 0.000000 0.000000
-19.649629 36.266921 0.000000 0.000000
-15.768253 36.266921 0.000000 0.000000
-11.886877 36.266921 0.000000 0.000000
-8.005501 36.266921 0.000000 0.000000
-4.124125 36.266921 0.000000 0.000000
-0.242749 36.266921 0.000000 0.000000
3.638627 36.266921 0.000000 0.000000
7.520003 36.266921 0.000000 0.000000
11.401379 36.266921 0.000000 0.000000
15.282755 36.266921 0.000000 0.000000
19.164131 36.266921 0.000000 0.000000
23.045507 36.266921 0.000000 0.000000
26.926883 36.266921 0.000000 0.000000
30.808259 36.266921 0.000000 0.000000
34.689635 36.266921 0.000000 0.000000
38.571011 36.266921 0.000000 0.000000
42.452387 36.266921 0.000000 0.000000
46.333763 36.266921 0.000000 0.000000
50.215140 36.266921 0.000000 0.000000
54.096516 36.266921 0.000000 0.000000
57.977892 36.266921 0.000000 0.000000
61.859268 36.266921 0.000000 0.000000
65.740644 36.266921 0.000000 0.000000
69.622020 36.266921 0.000000 0.000000
73.503396 36.266921 0.000000 0.000000
77.384772 36.266921 7.108458 2.831276
81.266148 36.266921 8.986856 -2.297277
85.147524 36.266921 8.822725 -1.084903
89.028900 36.266921 10.642715 -2.056036
92.910276 36.266921 8.564440 3.249521
96.791652 36.266921 8.769176 1.949733
100.673028 36.266921 8.311721 -1.135746
104.554404 36.266921 8.814079 -1.370598
108.435780 36.266921 8.194267 -0.403776
112.317156 36.266921 10.305611 -1.302452
116.198532 36.266921 9.361563 2.200888
120.079908 36.266921 8.541452 1.280189
123.961284 36.266921 8.655927 -0.895440
127.842660 36.266921 8.981955 -1.142054
131.724036 36.266921 10.024712 0.707621
135.605412 36.266921 11.111045 0.172950
139.486788 36.266921 9.471965 1.473469
-54.582013 32.385545 0.000000 0.000000
-50.700637 32.385545 0.000000 0.000000
-46.819261 32.385545 0.000000 0.000000
-42.937885 32.385545 0.000000 0.000000
-39.056509 32.385545 0.000000 0.000000
-35.175133 32.385545 0.000000 0.000000
-31.293757 32.385545 0.000000 0.000000
-27.412381 32.385545 0.000000 0.000000
-23.531005 32.385545 0.000000 0.000000
-19.649629 32.385545 0.000000 0.000000
-15.768253 32.385545 0.000000 0.000000
-11.886877 32.385545 0.000000 0.000000
-8.005501 32.385545 0.000000 0.000000
-4.124125 32.385545 0.000000 0.000000
-0.242749 32.385545 0.000000 0.000000
3.638627 32.385545 0.000000 0.000000
7.520003 32.385545 0.000000 0.000000
11.401379 32.385545 0.000000 0.000000
15.282755 32.385545 0.000000 0.000000
19.164131 32.385545 0.000000 0.000000
23.045507 32.385545 0.000000 0.000000
26.926883 32.385545 0.000000 0.000000
30.808259 32.385545 0.000000 0.000000
34.689635 32.385545 0.000000 0.000000
38.571011 32.385545 0.000000 0.000000
42.452387 32.385545 0.000000 0.000000
46.333763 32.385545 0.000000 0.000000
50.215140 32.385545 0.000000 0.000000
54.096516 32.385545 0.000000 0.000000
57.977892 32.385545 0.000000 0.000000
61.859268 32.385545 0.000000 0.000000
65.740644 32.385545 0.000000 0.000000
69.622020 32.385545 0.000000 0.000000
73.503396 32.385545 0.000000 0.000000
77.384772 32.385545 8.469038 1.395376
81.266148 32.385545 8.335090 0.294364
85.147524 32.385545 8.758972 0.035242
89.028900 32.385545 9.540170 -1.089450
92.910276 32.385545 9.755376 1.734978
96.791652 32.385545 8.721691 1.243881
100.673028 32.385545 8.306289 0.183488
104.554404 32.385545 9.268045 0.121988
108.435780 32.385545 9.513528 -0.275173
112.317156 32.385545 9.909913 -0.336638
116.198532 32.385545 9.813481 1.055760
120.079908 32.385545 9.471148 0.974702
123.961284 32.385545 9.277972 -0.006911
127.842660 32.385545 9.214320 -0.381444
131.724036 32.385545 9.576667 0.394786
135.605412 32.385545 9.853539 0.115484
139.486788 32.385545 9.116944 0.846663
-54.582013 28.504169 0.000000 0.000000
-50.700637 28.504169 0.000000 0.000000
-46.819261 28.504169 0.000000 0.000000
-42.937885 28.504169 0.000000 0.000000
-39.056509 28.504169 0.000000 0.000000
-35.175133 28.504169 0.000000 0.000000
-31.293757 28.504169 0.000000 0.000000
-27.412381 28.504169 0.000000 0.000000
-23.531005 28.504169 0.000000 0.000000
-19.649629 28.504169 0.000000 0.000000
-15.768253 28.504169 0.000000 0.000000
-11.886877 28.504169 0.000000 0.000000
-8.005501 28.504169 0.000000 0.000000
-4.124125 28.504169 0.000000 0.000000
-0.242749 28.504169 0.000000 0.000000
3.638627 28.504169 0.000000 0.000000
7.520003 28.504169 0.000000 0.000000
11.401379 28.504169 0.000000 0.000000
15.282755 28.504169 0.000000 0.000000
19.164131 28.504169 0.000000 0.000000
23.045507 28.504169 0.000000 0.000000
26.926883 28.504169 0.000000 0.000000
30.808259 28.504169 0.000000 0.000000
34.689635 28.504169 0.000000 0.000000
38.571011 28.504169 0.000000 0.000000
42.452387 28.504169 0.000000 0.000000
46.333763 28.504169 0.000000 0.000000
50.215140 28.504169 0.000000 0.000000
54.096516 28.504169 0.000000 0.000000
57.977892 28.504169 0.000000 0.000000
61.859268 28.504169 0.000000 0.000000
65.740644 28.504169 0.000000 0.000000
69.622020 28.504169 0.000000 0.000000
73.503396 28.504169 0.000000 0.000000
77.384772 28.504169 0.000000 0.000000
81.266148 28.504169 8.858933 0.138463
85.147524 28.504169 9.611674 0.101503
89.028900 28.504169 10.177731 0.010883
92.910276 28.504169 9.262160 0.629552
96.791652 28.504169 9.495973 0.717543
100.673028 28.504169 9.281495 0.351837
104.554404 28.504169 9.399285 -0.058079
108.435780 28.504169 10.100217 -0.108218
112.317156 28.504169 10.327139 0.235063
116.198532 28.504169 9.911212 -0.011008
120.079908 28.504169 9.565997 0.481525
123.961284 28.504169 9.480849 -0.200784
127.842660 28.504169 10.032432 -0.311052
131.724036 28.504169 10.014763 -0.203722
135.605412 28.504169 9.827602 -0.029742
139.486788 28.504169 9.886254 0.356328
-54.582013 24.622793 0.000000 0.000000
-50.700637 24.622793 0.000000 0.000000
-46.819261 24.622793 0.000000 0.000000
-42.937885 24.622793 0.000000 0.000000
-39.056509 24.622793 0.000000 0.000000
-35.175133 24.622793 0.000000 0.000000
-31.293757 24.622793 0.000000 0.000000
-27.412381 24.622793 0.000000 0.000000
-23.531005 24.622793 0.000000 0.000000
-19.649629 24.622793 0.000000 0.000000
-15.768253 24.622793 0.000000 0.000000
-11.886877 24.622793 0.000000 0.000000
-8.005501 24.622793 0.000000 0.000000
-4.124125 24.622793 0.000000 0.000000
-0.242749 24.622793 0.000000 0.000000
3.638627 24.622793 0.000000 0.000000
7.520003 24.622793 0.000000 0.000000
11.401379 24.622793 0.000000 0.000000
15.282755 24.622793 0.000000 0.000000
19.164131 24.622793 0.000000 0.000000
23.045507 24.622793 0.000000 0.000000
26.926883 24.622793 0.000000 0.000000
30.808259 24.622793 0.000000 0.000000
34.689635 24.622793 0.000000 0.000000
38.571011 24.622793 0.000000 0.000000
42.452387 24.622793 0.000000 0.000000
46.333763 24.622793 0.000000 0.000000
50.215140 24.622793 0.000000 0.000000
54.096516 24.622793 0.000000 0.000000
57.977892 24.622793 0.000000 0.000000
61.859268 24.622793 0.000000 0.000000
65.740644 24.622793 0.000000 0.000000
69.622020 24.622793 9.895545 0.733730
73.503396 24.622793 9.870171 0.798868
77.384772 24.622793 9.232955 0.670474
81.266148 24.622793 9.319362 -0.004846
85.147524 24.622793 9.679543 -0.072592
89.028900 24.622793 9.584752 0.223650
92.910276 24.622793 10.053380 0.110171
96.791652 24.622793 9.616891 0.683370
100.673028 24.622793 9.619417 0.211774
104.554404 24.622793 9.525777 0.092704
108.435780 24.622793 9.388587 0.258886
112.317156 24.622793 9.653922 -0.000268
116.198532 24.622793 9.826840 0.095212
120.079908 24.622793 10.307625 -0.127911
123.961284 24.622793 0.000000 0.000000
127.842660 24.622793 9.695398 -0.029913
131.724036 24.622793 9.925710 0.037688
135.605412 24.622793 10.088156 0.248553
139.486788 24.622793 9.889478 0.251677
-54.582013 20.741417 0.000000 0.000000
-50.700637 20.741417 0.000000 0.000000
-46.819261 20.741417 10.470954 -0.641178
-42.937885 20.741417 9.464149 -0.486164
-39.056509 20.741417 10.139265 -1.125269
-35.175133 20.741417 9.369056 -1.113975
-31.293757 20.741417 0.000000 0.000000
-27.412381 20.741417 0.000000 0.000000
-23.531005 20.741417 0.000000 0.000000
-19.649629 20.741417 0.000000 0.000000
-15.768253 20.741417 0.000000 0.000000
-11.886877 20.741417 0.000000 0.000000
-8.005501 20.741417 0.000000 0.000000
-4.124125 20.741417 0.000000 0.000000
-0.242749 20.741417 0.000000 0.000000
3.638627 20.741417 0.000000 0.000000
7.520003 20.741417 0.000000 0.000000
11.401379 20.741417 10.823883 0.177900
15.282755 20.741417 10.859622 0.432061
19.164131 20.741417 10.850760 0.378781
23.045507 20.741417 10.676683 0.460841
26.926883 20.741417 10.446727 0.200832
30.808259 20.741417 10.442701 0.478823
34.689635 20.741417 10.422281 0.695316
38.571011 20.741417 10.645844 0.816029
42.452387 20.741417 10.478101 0.676779
46.333763 20.741417 10.279839 0.595754
50.215140 20.741417 9.991129 0.688246
54.096516 20.741417 10.146358 0.577676
57.977892 20.741417 10.050644 0.685402
61.859268 20.741417 10.147573 0.716775
65.740644 20.741417 9.880658 0.554372
69.622020 20.741417 10.103222 0.536829
73.503396 20.741417 9.830274 0.512906
77.384772 20.741417 9.503673 0.442378
81.266148 20.741417 9.581362 0.328759
85.147524 20.741417 9.872237 0.347727
89.028900 20.741417 9.911967 0.445371
92.910276 20.741417 9.798931 0.161490
96.791652 20.741417 9.800501 0.405371
100.673028 20.741417 9.938261 -0.234868
104.554404 20.741417 9.826530 0.114527
108.435780 20.741417 9.831985 -0.075720
112.317156 20.741417 9.863696 -0.026975
116.198532 20.741417 10.015957 0.115099
120.079908 20.741417 9.677563 0.252777
123.961284 20.741417 10.081046 0.071138
127.842660 20.741417 10.056254 -0.138015
131.724036 20.741417 9.944106 0.154224
135.605412 20.741417 9.425905 0.183004
139.486788 20.741417 9.865923 -0.102023
-54.582013 16.860041 0.000000 0.000000
-50.700637 16.860041 9.080160 0.735247
-46.819261 16.860041 9.192413 0.043025
-42.937885 16.860041 0.000000 0.000000
-39.056509 16.860041 9.535715 -0.851365
-35.175133 16.860041 9.637805 -0.869753
-31.293757 16.860041 9.734964 -1.282768
-27.412381 16.860041 10.267439 -0.903915
-23.531005 16.860041 10.433534 -1.001887
-19.649629 16.860041 10.709378 -0.695998
-15.768253 16.860041 10.630901 -0.608789
-11.886877 16.860041 10.819938 -0.550382
-8.005501 16.860041 10.680801 -0.214606
-4.124125 16.860041 11.037902 -0.259429
-0.242749 16.860041 10.957256 -0.106971
3.638627 16.860041 10.689078 0.065777
7.520003 16.860041 10.861882 0.228641
11.401379 16.860041 10.892914 0.126114
15.282755 16.860041 10.658926 0.350039
19.164131 16.860041 10.573712 0.046700
23.045507 16.860041 10.488203 0.100920
26.926883 16.860041 10.581933 0.267071
30.808259 16.860041 10.427661 0.530210
34.689635 16.860041 10.451271 0.571985
38.571011 16.860041 10.407629 0.684779
42.452387 16.860041 10.248721 0.562884
46.333763 16.860041 10.376906 0.421151
50.215140 16.860041 10.211693 0.600823
54.096516 16.860041 10.227622 0.782009
57.977892 16.860041 9.969012 0.442487
61.859268 16.860041 9.932388 0.610225
65.740644 16.860041 9.889169 0.613410
69.622020 16.860041 9.948231 0.664325
73.503396 16.860041 9.985530 0.658094
77.384772 16.860041 9.823923 0.574322
81.266148 16.860041 9.703807 0.212797
85.147524 16.860041 9.602813 0.441861
89.028900 16.860041 9.769827 0.279234
92.910276 16.860041 9.650014 0.325758
96.791652 16.860041 9.668744 0.331449
100.673028 16.860041 9.561666 0.296102
104.554404 16.860041 9.863202 0.280650
108.435780 16.860041 10.101501 0.024214
112.317156 16.860041 9.343317 -0.050048
116.198532 16.860041 9.947824 0.100191
120.079908 16.860041 9.968166 0.019944
123.961284 16.860041 9.900064 0.091902
127.842660 16.860041 9.854056 -0.318614
131.724036 16.860041 9.702878 0.406179
135.605412 16.860041 9.499008 0.265187
139.486788 16.860041 9.742087 0.021077
-54.582013 12.978665 0.000000 0.000000
-50.700637 12.978665 9.236786 -0.563323
-46.819261 12.978665 9.404998 -0.162568
-42.937885 12.978665 9.835191 -0.363802
-39.056509 12.978665 9.166854 -0.457011
-35.175133 12.978665 9.987186 0.040450
-31.293757 12.978665 10.283686 -0.838322
-27.412381 12.978665 10.260208 -0.801268
-23.531005 12.978665 10.416522 -0.448167
-19.649629 12.978665 10.497149 -0.502471
-15.768253 12.978665 10.517757 -0.402302
-11.886877 12.978665 10.648360 -0.372333
-8.005501 12.978665 10.715566 -0.374938
-4.124125 12.978665 10.900552 -0.074488
-0.242749 12.978665 10.547539 0.098482
3.638627 12.978665 10.667522 -0.213104
7.520003 12.978665 10.673871 0.036191
11.401379 12.978665 10.663540 0.243181
15.282755 12.978665 10.673871 0.277318
19.164131 12.978665 10.727137 0.377296
23.045507 12.978665 10.506205 0.484258
26.926883 12.978665 10.603439 0.164066
30.808259 12.978665 10.495600 0.617747
34.689635 12.978665 10.393835 0.569175
38.571011 12.978665 10.103490 0.347616
42.452387 12.978665 10.234877 0.566867
46.333763 12.978665 10.335029 0.683544
50.215140 12.978665 10.223806 0.584635
54.096516 12.978665 10.115246 0.590385
57.977892 12.978665 10.093730 0.696507
61.859268 12.978665 9.972115 0.599949
65.740644 12.978665 10.014347 0.486770
69.622020 12.978665 9.515915 0.466000
73.503396 12.978665 9.811812 0.462240
77.384772 12.978665 10.002276 0.435476
81.266148 12.978665 9.720948 0.507636
85.147524 12.978665 9.655042 0.358994
89.028900 12.978665 9.760761 0.411146
92.910276 12.978665 9.809397 0.366027
96.791652 12.978665 9.653055 0.271243
100.673028 12.978665 9.778575 0.205152
104.554404 12.978665 9.617042 0.255829
108.435780 12.978665 10.046970 0.187612
112.317156 12.978665 9.447865 0.473130
116.198532 12.978665 9.991564 -0.137220
120.079908 12.978665 9.928146 0.033405
123.961284 12.978665 9.845561 -0.114564
127.842660 12.978665 9.969221 0.106619
131.724036 12.978665 10.010500 0.193197
135.605412 12.978665 9.855855 0.198568
139.486788 12.978665 9.901233 0.342221
-54.582013 9.097289 0.000000 0.000000
-50.700637 9.097289 9.873823 -0.512596
-46.819261 9.097289 9.504280 1.813929
-42.937885 9.097289 9.652019 -0.374340
-39.056509 9.097289 10.289188 -0.208189
-35.175133 9.097289 10.106636 -0.597535
-31.293757 9.097289 10.066224 -0.351617
-27.412381 9.097289 10.114314 -0.177231
-23.531005 9.097289 10.154824 -0.219236
-19.649629 9.097289 10.268907 -0.643331
-15.768253 9.097289 10.657312 -0.213790
-11.886877 9.097289 10.559023 -0.192152
-8.005501 9.097289 10.787225 -0.252171
-4.124125 9.097289 10.713175 -0.006052
-0.242749 9.097289 10.623677 -0.024541
3.638627 9.097289 10.452458 0.070260
7.520003 9.097289 10.684568 0.019355
11.401379 9.097289 10.682819 0.184699
15.282755 9.097289 10.675663 -0.140723
19.164131 9.097289 10.497706 0.416500
23.045507 9.097289 10.397329 0.322019
26.926883 9.097289 10.455382 0.510693
30.808259 9.097289 10.508238 0.298994
34.689635 9.097289 10.222869 0.288727
38.571011 9.097289 10.333779 0.369409
42.452387 9.097289 10.196813 0.532068
46.333763 9.097289 10.160401 0.369552
50.215140 9.097289 10.296030 0.553457
54.096516 9.097289 10.093752 0.483653
57.977892 9.097289 10.002039 0.557299
61.859268 9.097289 10.007928 0.325863
65.740644 9.097289 10.005139 0.598946
69.622020 9.097289 9.929380 0.473680
73.503396 9.097289 9.964937 0.633531
77.384772 9.097289 9.777524 0.257552
81.266148 9.097289 9.712728 0.498129
85.147524 9.097289 9.902519 0.326346
89.028900 9.097289 9.852557 0.217554
92.910276 9.097289 9.842362 0.404373
96.791652 9.097289 9.788629 0.395557
100.673028 9.097289 10.029323 0.484619
104.554404 9.097289 9.869304 0.204667
108.435780 9.097289 9.827547 0.221315
112.317156 9.097289 9.687662 0.140727
116.198532 9.097289 10.095427 0.481680
120.079908 9.097289 9.890477 0.064005
123.961284 9.097289 9.786300 0.081782
127.842660 9.097289 9.951697 -0.052897
131.724036 9.097289 9.767902 0.033046
135.605412 9.097289 10.130567 0.229915
139.486788 9.097289 10.105458 0.073703
-54.582013 5.215913 10.226761 -0.070245
-50.700637 5.215913 9.984700 -0.289581
-46.819261 5.215913 0.000000 0.000000
-42.937885 5.215913 10.180168 -0.395417
-39.056509 5.215913 10.457739 -0.258134
-35.175133 5.215913 10.018141 -0.302139
-31.293757 5.215913 10.176710 -0.272725
-27.412381 5.215913 10.398511 -0.552095
-23.531005 5.215913 10.284944 -0.280702
-19.649629 5.215913 10.340408 -0.534058
-15.768253 5.215913 10.438744 -0.265990
-11.886877 5.215913 10.503263 0.178166
-8.005501 5.215913 10.454571 -0.600183
-4.124125 5.215913 10.551746 -0.130698
-0.242749 5.215913 10.599361 -0.101528
3.638627 5.215913 10.455654 -0.104253
7.520003 5.215913 10.409286 0.158401
11.401379 5.215913 10.411359 0.103443
15.282755 5.215913 10.564024 -0.195805
19.164131 5.215913 10.456675 0.150427
23.045507 5.215913 10.499064 -0.039573
26.926883 5.215913 10.516721 0.279097
30.808259 5.215913 10.501239 0.336124
34.689635 5.215913 10.397986 0.647139
38.571011 5.215913 10.372748 0.303462
42.452387 5.215913 10.459408 0.614083
46.333763 5.215913 10.247262 0.080611
50.215140 5.215913 10.267821 0.581442
54.096516 5.215913 10.197750 0.449770
57.977892 5.215913 10.131138 0.274328
61.859268 5.215913 10.115039 0.674575
65.740644 5.215913 10.128333 0.535492
69.622020 5.215913 9.834666 0.560988
73.503396 5.215913 10.069337 0.331698
77.384772 5.215913 9.995994 0.529286
81.266148 5.215913 9.943724 0.327438
85.147524 5.215913 9.940942 0.398091
89.028900 5.215913 9.874989 0.353179
92.910276 5.215913 9.649270 0.313688
96.791652 5.215913 9.893753 0.203019
100.673028 5.215913 9.951180 0.375512
104.554404 5.215913 10.077696 0.100547
108.435780 5.215913 9.925796 0.123689
112.317156 5.215913 9.809884 0.335620
116.198532 5.215913 9.726356 0.264056
120.079908 5.215913 9.828979 0.138514
123.961284 5.215913 9.929023 -0.053023
127.842660 5.215913 9.954680 0.167166
131.724036 5.215913 9.755176 0.125442
135.605412 5.215913 9.867083 0.282181
139.486788 5.215913 9.742476 0.158518
-54.582013 1.334537 10.093955 -0.582942
-50.700637 1.334537 0.000000 0.000000
-46.819261 1.334537 9.710393 -0.124411
-42.937885 1.334537 9.769451 -0.375991
-39.056509 1.334537 9.895535 -0.072370
-35.175133 1.334537 9.900437 -0.531497
-31.293757 1.334537 10.336109 -0.644549
-27.412381 1.334537 10.334190 -0.514857
-23.531005 1.334537 10.193685 0.022561
-19.649629 1.334537 10.216755 -0.030061
-15.768253 1.334537 10.543545 -0.123549
-11.886877 1.334537 10.340775 -0.336960
-8.005501 1.334537 10.647022 -0.340592
-4.124125 1.334537 10.544100 -0.176074
-0.242749 1.334537 10.542845 -0.030015
3.638627 1.334537 10.519232 0.044804
7.520003 1.334537 10.449253 -0.035137
11.401379 1.334537 10.540029 0.246918
15.282755 1.334537 10.431362 0.423009
19.164131 1.334537 10.626268 0.530995
23.045507 1.334537 10.368731 0.255433
26.926883 1.334537 10.365170 0.384272
30.808259 1.334537 10.439808 0.249652
34.689635 1.334537 10.525481 0.769457
38.571011 1.334537 10.330085 0.635202
42.452387 1.334537 10.199339 0.532494
46.333763 1.334537 9.765768 0.420179
50.215140 1.334537 10.226768 0.545568
54.096516 1.334537 10.285740 0.607956
57.977892 1.334537 10.149741 0.550314
61.859268 1.334537 10.049185 0.368667
65.740644 1.334537 10.019045 0.380281
69.622020 1.334537 9.866309 0.296628
73.503396 1.334537 9.944221 0.337029
77.384772 1.334537 9.911175 0.393889
81.266148 1.334537 9.971544 0.303013
85.147524 1.334537 9.864868 0.303035
89.028900 1.334537 9.886742 0.346512
92.910276 1.334537 10.000478 0.285033
96.791652 1.334537 9.803521 0.205442
100.673028 1.334537 9.799499 0.354434
104.554404 1.334537 9.850783 0.077799
108.435780 1.334537 9.737620 0.235191
112.317156 1.334537 9.889036 0.359001
116.198532 1.334537 9.960924 0.284921
120.079908 1.334537 9.933915 0.192509
123.961284 1.334537 9.790523 0.132512
127.842660 1.334537 9.810371 0.167001
131.724036 1.334537 9.868243 0.303573
135.605412 1.334537 10.031614 0.168768
139.486788 1.334537 9.962361 0.214768
-54.582013 -2.546839 0.000000 0.000000
-50.700637 -2.546839 0.000000 0.000000
-46.819261 -2.546839 10.106103 -0.477840
-42.937885 -2.546839 10.021556 -0.329912
-39.056509 -2.546839 10.028623 0.166635
-35.175133 -2.546839 9.881806 0.131612
-31.293757 -2.546839 9.827501 -0.330706
-27.412381 -2.546839 10.234072 -0.277243
-23.531005 -2.546839 10.230336 -0.264053
-19.649629 -2.546839 10.282084 -0.159897
-15.768253 -2.546839 10.537418 -0.030428
-11.886877 -2.546839 10.398082 -0.247737
-8.005501 -2.546839 10.503808 0.021947
-4.124125 -2.546839 10.489800 -0.077674
-0.242749 -2.546839 10.509505 -0.038290
3.638627 -2.546839 10.389895 0.229121
7.520003 -2.546839 10.533436 0.060240
11.401379 -2.546839 10.460602 0.260145
15.282755 -2.546839 10.420115 0.135001
19.164131 -2.546839 10.518121 0.501635
23.045507 -2.546839 10.339918 0.255294
26.926883 -2.546839 10.424070 0.205294
30.808259 -2.546839 10.401639 0.429726
34.689635 -2.546839 10.259286 0.404830
38.571011 -2.546839 10.183789 0.342599
42.452387 -2.546839 10.267837 0.450179
46.333763 -2.546839 10.255630 0.333943
50.215140 -2.546839 10.042130 0.275044
54.096516 -2.546839 10.165044 0.506441
57.977892 -2.546839 10.090766 0.480175
61.859268 -2.546839 10.001416 0.383274
65.740644 -2.546839 10.131828 0.378424
69.622020 -2.546839 10.172126 0.485343
73.503396 -2.546839 10.038126 0.432750
77.384772 -2.546839 10.006854 0.501112
81.266148 -2.546839 9.790519 0.549267
85.147524 -2.546839 10.041664 0.414974
89.028900 -2.546839 9.998770 0.328267
92.910276 -2.546839 9.828689 0.405494
96.791652 -2.546839 9.727962 0.153808
100.673028 -2.546839 9.957219 0.240067
104.554404 -2.546839 9.987739 0.263419
108.435780 -2.546839 9.870470 0.204092
112.317156 -2.546839 9.855247 0.164595
116.198532 -2.546839 9.796383 0.232625
120.079908 -2.546839 9.914728 0.120893
123.961284 -2.546839 9.924790 0.252840
127.842660 -2.546839 10.032478 0.102159
131.724036 -2.546839 9.853402 0.262987
135.605412 -2.546839 9.846928 0.047405
139.486788 -2.546839 9.881618 0.132703
-54.582013 -6.428215 0.000000 0.000000
-50.700637 -6.428215 10.581338 1.133763
-46.819261 -6.428215 10.352957 0.234766
-42.937885 -6.428215 9.592738 -0.096483
-39.056509 -6.428215 9.950464 0.153114
-35.175133 -6.428215 9.809323 -0.023650
-31.293757 -6.428215 10.059852 -0.192173
-27.412381 -6.428215 9.939810 -0.413060
-23.531005 -6.428215 9.953200 0.096830
-19.649629 -6.428215 10.057806 -0.099531
-15.768253 -6.428215 10.423271 -0.097439
-11.886877 -6.428215 10.407145 -0.237542
-8.005501 -6.428215 10.273232 -0.282405
-4.124125 -6.428215 10.297082 -0.033198
-0.242749 -6.428215 10.438985 0.109273
3.638627 -6.428215 10.453328 0.309579
7.520003 -6.428215 10.552265 0.058773
11.401379 -6.428215 10.501186 0.208219
15.282755 -6.428215 10.533738 -0.012431
19.164131 -6.428215 10.513180 0.380600
23.045507 -6.428215 10.482225 0.561394
26.926883 -6.428215 10.263453 0.288867
30.808259 -6.428215 10.281523 0.389505
34.689635 -6.428215 10.468436 0.457782
38.571011 -6.428215 10.078408 0.221126
42.452387 -6.428215 10.210835 0.446975
46.333763 -6.428215 10.263404 0.574280
50.215140 -6.428215 10.285530 0.364959
54.096516 -6.428215 10.268466 0.242662
57.977892 -6.428215 10.082323 0.349592
61.859268 -6.428215 10.183240 0.462332
65.740644 -6.428215 10.024273 0.487870
69.622020 -6.428215 10.021907 0.250265
73.503396 -6.428215 10.131001 0.375219
77.384772 -6.428215 9.972241 0.341194
81.266148 -6.428215 9.969925 0.255971
85.147524 -6.428215 9.747427 0.250514
89.028900 -6.428215 9.940149 0.260688
92.910276 -6.428215 10.044228 0.307027
96.791652 -6.428215 9.815600 0.333403
100.673028 -6.428215 9.854541 0.424308
104.554404 -6.428215 9.926339 0.317323
108.435780 -6.428215 9.860318 0.200573
112.317156 -6.428215 9.921160 0.368070
116.198532 -6.428215 9.728477 0.171535
120.079908 -6.428215 9.974827 0.311808
123.961284 -6.428215 9.960622 0.202877
127.842660 -6.428215 9.875661 0.239095
131.724036 -6.428215 9.778912 0.183266
135.605412 -6.428215 9.914371 0.188667
139.486788 -6.428215 9.965261 0.130247
-54.582013 -10.309591 0.000000 0.000000
-50.700637 -10.309591 9.433331 -0.719051
-46.819261 -10.309591 0.000000 0.000000
-42.937885 -10.309591 10.112220 0.141900
-39.056509 -10.309591 10.232080 -0.320975
-35.175133 -10.309591 10.091201 -0.009783
-31.293757 -10.309591 9.919238 -0.392008
-27.412381 -10.309591 10.278386 -0.438951
-23.531005 -10.309591 10.140151 -0.174529
-19.649629 -10.309591 10.217165 -0.283884
-15.768253 -10.309591 10.050919 -0.326319
-11.886877 -10.309591 10.406732 -0.248872
-8.005501 -10.309591 10.327349 -0.156343
-4.124125 -10.309591 10.334785 0.224472
-0.242749 -10.309591 10.506766 0.115478
3.638627 -10.309591 10.238576 0.112682
7.520003 -10.309591 10.390642 0.070350
11.401379 -10.309591 10.342821 0.189309
15.282755 -10.309591 10.361841 0.336582
19.164131 -10.309591 10.443683 0.294410
23.045507 -10.309591 10.315433 0.345966
26.926883 -10.309591 10.379485 0.347585
30.808259 -10.309591 10.315245 0.282348
34.689635 -10.309591 10.144173 0.273799
38.571011 -10.309591 10.184794 0.192903
42.452387 -10.309591 10.320063 0.225114
46.333763 -10.309591 10.117071 0.348128
50.215140 -10.309591 10.160232 0.496639
54.096516 -10.309591 10.255060 0.347437
57.977892 -10.309591 10.108718 0.539427
61.859268 -10.309591 10.070478 0.355153
65.740644 -10.309591 10.124947 0.365877
69.622020 -10.309591 9.965079 0.208263
73.503396 -10.309591 10.099452 0.258488
77.384772 -10.309591 9.968670 0.326586
81.266148 -10.309591 9.967694 0.214765
85.147524 -10.309591 9.948845 0.273788
89.028900 -10.309591 9.987554 0.310196
92.910276 -10.309591 9.948486 0.276956
96.791652 -10.309591 9.918116 0.163404
100.673028 -10.309591 9.821054 0.297913
104.554404 -10.309591 9.818876 0.296198
108.435780 -10.309591 9.970967 0.192142
112.317156 -10.309591 9.870180 0.313597
116.198532 -10.309591 9.919978 0.160926
120.079908 -10.309591 10.035745 0.162272
123.961284 -10.309591 9.893993 0.087308
127.842660 -10.309591 9.953616 0.091409
131.724036 -10.309591 9.840718 0.096955
135.605412 -10.309591 9.855006 0.245249
139.486788 -10.309591 9.808712 0.199419
-54.582013 -14.190967 0.000000 0.000000
-50.700637 -14.190967 0.000000 0.000000
-46.819261 -14.190967 0.000000 0.000000
-42.937885 -14.190967 10.223352 0.526841
-39.056509 -14.190967 9.671841 -0.419169
-35.175133 -14.190967 9.686576 0.072287
-31.293757 -14.190967 10.292507 -0.139105
-27.412381 -14.190967 10.239014 -0.291250
-23.531005 -14.190967 10.208562 -0.181688
-19.649629 -14.190967 10.202597 -0.189201
-15.768253 -14.190967 10.401525 -0.412190
-11.886877 -14.190967 10.225151 -0.166583
-8.005501 -14.190967 10.413713 -0.199700
-4.124125 -14.190967 10.265156 -0.068157
-0.242749 -14.190967 10.281110 0.266337
3.638627 -14.190967 10.287779 0.063101
7.520003 -14.190967 10.235296 -0.192827
11.401379 -14.190967 10.305815 0.186653
15.282755 -14.190967 10.397194 0.178366
19.164131 -14.190967 10.377918 0.323570
23.045507 -14.190967 10.194836 0.025638
26.926883 -14.190967 10.210793 0.263384
30.808259 -14.190967 10.253989 0.342474
34.689635 -14.190967 10.335279 0.326397
38.571011 -14.190967 10.164979 0.290872
42.452387 -14.190967 10.200258 0.279067
46.333763 -14.190967 10.021849 0.387824
50.215140 -14.190967 10.191833 0.421828
54.096516 -14.190967 10.315843 0.519497
57.977892 -14.190967 10.129765 0.316948
61.859268 -14.190967 10.085179 0.430292
65.740644 -14.190967 10.054747 0.340120
69.622020 -14.190967 10.021266 0.458893
73.503396 -14.190967 9.946824 0.431763
77.384772 -14.190967 10.017894 0.416496
81.266148 -14.190967 10.060225 0.362473
85.147524 -14.190967 10.044392 0.296829
89.028900 -14.190967 10.000774 0.355591
92.910276 -14.190967 10.026010 0.285508
96.791652 -14.190967 9.858147 0.299713
100.673028 -14.190967 9.929692 0.304543
104.554404 -14.190967 9.871855 0.233072
108.435780 -14.190967 10.038641 0.220652
112.317156 -14.190967 9.999849 0.319030
116.198532 -14.190967 9.945420 0.291677
120.079908 -14.190967 9.921564 0.176358
123.961284 -14.190967 9.794915 0.018657
127.842660 -14.190967 10.074982 -0.015089
131.724036 -14.190967 9.965220 0.134444
135.605412 -14.190967 9.910490 0.287504
139.486788 -14.190967 9.901945 0.181758
-54.582013 -18.072343 0.000000 0.000000
-50.700637 -18.072343 0.000000 0.000000
-46.819261 -18.072343 0.000000 0.000000
-42.937885 -18.072343 9.258468 0.264886
-39.056509 -18.072343 10.059725 -0.378644
-35.175133 -18.072343 10.394563 0.174737
-31.293757 -18.072343 10.015355 -0.171788
-27.412381 -18.072343 9.939958 -0.088805
-23.531005 -18.072343 10.286017 0.026929
-19.649629 -18.072343 10.022678 0.016561
-15.768253 -18.072343 9.847350 -0.168671
-11.886877 -18.072343 10.199554 0.004900
-8.005501 -18.072343 10.214509 0.147944
-4.124125 -18.072343 10.458940 0.014421
-0.242749 -18.072343 10.164377 0.075898
3.638627 -18.072343 10.212437 0.057852
7.520003 -18.072343 10.292884 0.186818
11.401379 -18.072343 10.273966 0.132465
15.282755 -18.072343 10.378683 0.200955
19.164131 -18.072343 10.232677 0.278489
23.045507 -18.072343 10.320895 0.279499
26.926883 -18.072343 10.355998 0.150615
30.808259 -18.072343 10.235380 0.229425
34.689635 -18.072343 10.326642 0.386507
38.571011 -18.072343 10.267892 0.271106
42.452387 -18.072343 10.202263 0.398776
46.333763 -18.072343 10.280746 0.387641
50.215140 -18.072343 10.159224 0.210994
54.096516 -18.072343 10.101828 0.405496
57.977892 -18.072343 10.178589 0.287874
61.859268 -18.072343 10.158282 0.351499
65.740644 -18.072343 10.117905 0.324712
69.622020 -18.072343 9.986609 0.274865
73.503396 -18.072343 10.080004 0.317911
77.384772 -18.072343 9.893064 0.408426
81.266148 -18.072343 10.084167 0.361987
85.147524 -18.072343 9.729934 0.262708
89.028900 -18.072343 9.995462 0.204339
92.910276 -18.072343 10.074892 0.369608
96.791652 -18.072343 10.066304 0.275804
100.673028 -18.072343 9.965717 0.217648
104.554404 -18.072343 9.880248 0.246747
108.435780 -18.072343 10.043456 0.290751
112.317156 -18.072343 9.839811 0.290545
116.198532 -18.072343 9.906122 0.263800
120.079908 -18.072343 10.044320 0.204521
123.961284 -18.072343 9.700562 0.108508
127.842660 -18.072343 9.854506 0.143604
131.724036 -18.072343 10.054512 0.155276
135.605412 -18.072343 9.798619 0.217095
139.486788 -18.072343 9.812982 0.203284
-54.582013 -21.953719 0.000000 0.000000
-50.700637 -21.953719 0.000000 0.000000
-46.819261 -21.953719 10.032158 0.594199
-42.937885 -21.953719 10.109900 -0.286273
-39.056509 -21.953719 10.034552 -0.278742
-35.175133 -21.953719 10.080426 0.288064
-31.293757 -21.953719 10.297072 -0.076436
-27.412381 -21.953719 10.233785 -0.007969
-23.531005 -21.953719 10.351520 0.111345
-19.649629 -21.953719 10.269586 -0.140581
-15.768253 -21.953719 10.360418 0.039815
-11.886877 -21.953719 10.223205 0.124143
-8.005501 -21.953719 10.201773 -0.061250
-4.124125 -21.953719 10.249708 0.172704
-0.242749 -21.953719 10.274104 0.179213
3.638627 -21.953719 10.259810 0.030846
7.520003 -21.953719 10.221435 0.022043
11.401379 -21.953719 10.267139 0.107347
15.282755 -21.953719 10.161990 0.284805
19.164131 -21.953719 10.346652 0.260297
23.045507 -21.953719 10.445786 0.157238
26.926883 -21.953719 10.203269 0.064847
30.808259 -21.953719 10.299167 0.180303
34.689635 -21.953719 10.244205 0.269806
38.571011 -21.953719 10.376197 0.457773
42.452387 -21.953719 10.158949 0.289814
46.333763 -21.953719 10.136174 0.314350
50.215140 -21.953719 10.141986 0.332702
54.096516 -21.953719 10.050730 0.310090
57.977892 -21.953719 10.131899 0.239616
61.859268 -21.953719 10.245309 0.341278
65.740644 -21.953719 10.055132 0.497773
69.622020 -21.953719 9.976906 0.238350
73.503396 -21.953719 9.890538 0.247448
77.384772 -21.953719 10.114227 0.255968
81.266148 -21.953719 10.097608 0.366844
85.147524 -21.953719 10.006364 0.397607
89.028900 -21.953719 10.133830 0.224071
92.910276 -21.953719 9.893901 0.312334
96.791652 -21.953719 10.010568 0.357084
100.673028 -21.953719 9.915987 0.225418
104.554404 -21.953719 9.881649 0.230979
108.435780 -21.953719 9.973775 0.213709
112.317156 -21.953719 10.121523 0.209402
116.198532 -21.953719 9.939445 0.104284
120.079908 -21.953719 9.961414 0.178089
123.961284 -21.953719 10.036593 0.144751
127.842660 -21.953719 9.915583 0.244899
131.724036 -21.953719 9.947234 -0.023702
135.605412 -21.953719 10.121103 0.190745
139.486788 -21.953719 9.938940 0.274792
-54.582013 -25.835095 0.000000 0.000000
-50.700637 -25.835095 0.000000 0.000000
-46.819261 -25.835095 9.906347 -0.246845
-42.937885 -25.835095 9.976190 -0.640078
-39.056509 -25.835095 10.322909 -0.590402
-35.175133 -25.835095 9.818744 0.301618
-31.293757 -25.835095 10.179786 -0.040367
-27.412381 -25.835095 10.319788 0.066534
-23.531005 -25.835095 10.156496 -0.044861
-19.649629 -25.835095 10.243761 0.063645
-15.768253 -25.835095 10.289411 0.259758
-11.886877 -25.835095 10.333919 0.055709
-8.005501 -25.835095 10.295857 0.208557
-4.124125 -25.835095 10.230879 0.154312
-0.242749 -25.835095 10.265513 0.198572
3.638627 -25.835095 10.205499 0.114824
7.520003 -25.835095 10.175880 0.181627
11.401379 -25.835095 10.359758 -0.103485
15.282755 -25.835095 10.296542 0.283394
19.164131 -25.835095 10.411007 0.425116
23.045507 -25.835095 10.227489 0.258849
26.926883 -25.835095 10.293482 0.020627
30.808259 -25.835095 10.308628 0.270992
34.689635 -25.835095 10.304963 0.242877
38.571011 -25.835095 10.149500 0.384630
42.452387 -25.835095 10.211720 0.343044
46.333763 -25.835095 10.169986 0.425552
50.215140 -25.835095 10.163184 0.236816
54.096516 -25.835095 10.013385 0.355270
57.977892 -25.835095 10.263052 0.330482
61.859268 -25.835095 10.097780 0.272152
65.740644 -25.835095 10.172315 0.407176
69.622020 -25.835095 9.914034 0.285534
73.503396 -25.835095 10.063640 0.302284
77.384772 -25.835095 10.192392 0.342495
81.266148 -25.835095 9.976354 0.350940
85.147524 -25.835095 9.920333 0.374667
89.028900 -25.835095 9.988954 0.269579
92.910276 -25.835095 9.992850 0.342591
96.791652 -25.835095 9.966840 -0.007957
100.673028 -25.835095 10.141141 0.335717
104.554404 -25.835095 9.772813 0.404706
108.435780 -25.835095 9.969703 0.221986
112.317156 -25.835095 9.858227 0.187147
116.198532 -25.835095 9.804191 0.198751
120.079908 -25.835095 10.043820 0.066912
123.961284 -25.835095 9.932869 0.201527
127.842660 -25.835095 9.996441 0.193518
131.724036 -25.835095 9.690108 0.182899
135.605412 -25.835095 10.147566 0.223818
139.486788 -25.835095 9.821013 0.210716
-54.582013 -29.716471 0.000000 0.000000
-50.700637 -29.716471 0.000000 0.000000
-46.819261 -29.716471 9.375758 -0.385796
-42.937885 -29.716471 10.293491 -0.660093
-39.056509 -29.716471 10.402817 -0.674623
-35.175133 -29.716471 10.137051 -0.008908
-31.293757 -29.716471 10.162443 -0.068240
-27.412381 -29.716471 10.061499 -0.377970
-23.531005 -29.716471 10.150447 0.081470
-19.649629 -29.716471 10.574098 -0.110513
-15.768253 -29.716471 10.292362 -0.162275
-11.886877 -29.716471 10.146656 0.087633
-8.005501 -29.716471 10.308233 0.092112
-4.124125 -29.716471 10.302671 0.184693
-0.242749 -29.716471 10.381252 0.118351
3.638627 -29.716471 10.247585 0.162741
7.520003 -29.716471 10.112698 0.067378
11.401379 -29.716471 10.254646 0.227580
15.282755 -29.716471 10.342544 0.301439
19.164131 -29.716471 10.147578 0.265654
23.045507 -29.716471 10.417559 0.257150
26.926883 -29.716471 10.229701 0.308907
30.808259 -29.716471 10.062606 0.171784
34.689635 -29.716471 10.128241 0.368155
38.571011 -29.716471 10.085315 0.155797
42.452387 -29.716471 10.112783 0.186960
46.333763 -29.716471 10.162246 0.343322
50.215140 -29.716471 10.143587 0.300307
54.096516 -29.716471 10.082990 0.350583
57.977892 -29.716471 10.115307 0.342650
61.859268 -29.716471 10.067806 0.229918
65.740644 -29.716471 10.073920 0.243816
69.622020 -29.716471 10.013230 0.339883
73.503396 -29.716471 9.933943 0.404555
77.384772 -29.716471 10.102956 0.435688
81.266148 -29.716471 10.020815 0.255041
85.147524 -29.716471 10.146595 0.414107
89.028900 -29.716471 9.975082 0.221957
92.910276 -29.716471 10.095877 0.244880
96.791652 -29.716471 10.047149 0.139993
100.673028 -29.716471 10.094279 0.236825
104.554404 -29.716471 10.030014 0.285516
108.435780 -29.716471 9.893864 0.157361
112.317156 -29.716471 9.953120 0.407228
116.198532 -29.716471 9.962296 0.257625
120.079908 -29.716471 9.961951 0.281961
123.961284 -29.716471 9.928763 0.136360
127.842660 -29.716471 9.978364 0.128778
131.724036 -29.716471 9.964810 0.341437
135.605412 -29.716471 9.892642 0.336375
139.486788 -29.716471 9.976079 0.229158
-54.582013 -33.597847 0.000000 0.000000
-50.700637 -33.597847 0.000000 0.000000
-46.819261 -33.597847 0.000000 0.000000
-42.937885 -33.597847 10.436884 0.884154
-39.056509 -33.597847 9.993193 0.688481
-35.175133 -33.597847 10.244069 0.169009
-31.293757 -33.597847 10.304161 -0.060061
-27.412381 -33.597847 10.175346 -0.458325
-23.531005 -33.597847 10.188046 0.060709
-19.649629 -33.597847 8.414594 0.501600
-15.768253 -33.597847 0.000000 0.000000
-11.886877 -33.597847 10.046717 0.048290
-8.005501 -33.597847 10.085759 0.052450
-4.124125 -33.597847 10.163483 -0.011776
-0.242749 -33.597847 10.259798 -0.035928
3.638627 -33.597847 10.324991 0.176276
7.520003 -33.597847 10.152585 0.023337
11.401379 -33.597847 10.088498 0.197659
15.282755 -33.597847 10.233544 0.089638
19.164131 -33.597847 10.254196 0.265136
23.045507 -33.597847 10.192821 -0.011048
26.926883 -33.597847 10.194764 0.096000
30.808259 -33.597847 10.185366 0.298519
34.689635 -33.597847 10.222742 0.166413
38.571011 -33.597847 10.297760 0.281273
42.452387 -33.597847 10.078671 0.262796
46.333763 -33.597847 10.237737 0.384149
50.215140 -33.597847 10.170553 0.236031
54.096516 -33.597847 10.044215 0.339152
57.977892 -33.597847 10.076786 0.325881
61.859268 -33.597847 10.138124 0.349214
65.740644 -33.597847 10.054515 0.375263
69.622020 -33.597847 10.140949 0.345330
73.503396 -33.597847 10.054272 0.416832
77.384772 -33.597847 10.082224 0.179194
81.266148 -33.597847 10.015244 0.445365
85.147524 -33.597847 9.916715 0.298976
89.028900 -33.597847 10.003563 0.247501
92.910276 -33.597847 10.009032 0.222696
96.791652 -33.597847 10.063849 0.206898
100.673028 -33.597847 10.103832 0.254258
104.554404 -33.597847 9.927989 0.146433
108.435780 -33.597847 9.975302 -0.006942
112.317156 -33.597847 9.907202 0.253670
116.198532 -33.597847 10.015149 0.326327
120.079908 -33.597847 9.971362 0.219824
123.961284 -33.597847 9.887704 0.176202
127.842660 -33.597847 10.108185 0.229442
131.724036 -33.597847 9.710981 0.659370
135.605412 -33.597847 9.881964 0.404480
139.486788 -33.597847 9.980472 -0.152722
-54.582013 -37.479223 0.000000 0.000000
-50.700637 -37.479223 12.295275 1.100486
-46.819261 -37.479223 11.107907 0.714384
-42.937885 -37.479223 10.518035 -0.098827
-39.056509 -37.479223 10.310325 -0.003055
-35.175133 -37.479223 10.366264 0.514001
-31.293757 -37.479223 10.067440 0.024879
-27.412381 -37.479223 10.030264 -0.140993
-23.531005 -37.479223 10.428466 -0.134399
-19.649629 -37.479223 10.221011 -0.111434
-15.768253 -37.479223 9.962041 -0.002156
-11.886877 -37.479223 10.271282 0.115774
-8.005501 -37.479223 10.295990 0.274286
-4.124125 -37.479223 10.207640 -0.005233
-0.242749 -37.479223 10.265958 0.114147
3.638627 -37.479223 10.207205 0.171966
7.520003 -37.479223 10.158002 0.142082
11.401379 -37.479223 10.004056 0.293402
15.282755 -37.479223 10.071061 0.179068
19.164131 -37.479223 10.366449 0.266496
23.045507 -37.479223 10.258255 0.428140
26.926883 -37.479223 10.265548 0.166313
30.808259 -37.479223 10.180276 0.217734
34.689635 -37.479223 10.174427 0.400224
38.571011 -37.479223 10.243209 0.236054
42.452387 -37.479223 10.135956 0.184753
46.333763 -37.479223 10.093255 0.270645
50.215140 -37.479223 10.192750 0.293445
54.096516 -37.479223 10.039588 0.157170
57.977892 -37.479223 10.240401 0.267147
61.859268 -37.479223 10.050712 0.134628
65.740644 -37.479223 10.013030 0.209058
69.622020 -37.479223 10.154109 0.302827
73.503396 -37.479223 10.034934 0.141998
77.384772 -37.479223 10.002743 0.243554
81.266148 -37.479223 9.991736 0.270998
85.147524 -37.479223 10.099079 0.205636
89.028900 -37.479223 10.208812 0.214524
92.910276 -37.479223 10.081336 0.267219
96.791652 -37.479223 9.904870 0.274855
100.673028 -37.479223 9.701576 0.246088
104.554404 -37.479223 10.137800 0.277166
108.435780 -37.479223 9.795871 0.082099
112.317156 -37.479223 9.872025 -0.041206
116.198532 -37.479223 9.936574 0.024679
120.079908 -37.479223 9.843526 0.309972
123.961284 -37.479223 9.607291 0.387045
127.842660 -37.479223 9.889700 0.286643
131.724036 -37.479223 9.827127 0.212485
135.605412 -37.479223 10.050505 0.106443
139.486788 -37.479223 9.842582 0.178362
-54.582013 -41.360599 0.000000 0.000000
-50.700637 -41.360599 0.000000 0.000000
-46.819261 -41.360599 13.159440 2.056917
-42.937885 -41.360599 0.000000 0.000000
-39.056509 -41.360599 9.678794 0.321503
-35.175133 -41.360599 10.354484 -0.029060
-31.293757 -41.360599 10.257185 0.127670
-27.412381 -41.360599 10.209701 0.338144
-23.531005 -41.360599 10.281739 0.410894
-19.649629 -41.360599 10.216088 0.254435
-15.768253 -41.360599 10.215601 0.280835
-11.886877 -41.360599 10.141878 -0.053080
-8.005501 -41.360599 10.213220 0.207040
-4.124125 -41.360599 10.100627 -0.059933
-0.242749 -41.360599 10.269116 0.147836
3.638627 -41.360599 10.270295 0.025518
7.520003 -41.360599 10.145956 0.174259
11.401379 -41.360599 10.079226 0.239007
15.282755 -41.360599 10.067690 0.016773
19.164131 -41.360599 10.185418 0.218712
23.045507 -41.360599 10.022209 0.166483
26.926883 -41.360599 10.268200 0.154928
30.808259 -41.360599 10.197272 0.180980
34.689635 -41.360599 10.282907 0.104380
38.571011 -41.360599 10.320013 0.444736
42.452387 -41.360599 10.145064 0.350836
46.333763 -41.360599 10.140598 0.265023
50.215140 -41.360599 9.996187 0.364549
54.096516 -41.360599 10.158643 0.383620
57.977892 -41.360599 10.126955 0.230386
61.859268 -41.360599 9.998467 0.367735
65.740644 -41.360599 9.927826 0.228720
69.622020 -41.360599 10.138729 0.417549
73.503396 -41.360599 10.101889 0.314072
77.384772 -41.360599 10.053223 0.283668
81.266148 -41.360599 9.901300 0.335046
85.147524 -41.360599 9.982309 0.282103
89.028900 -41.360599 9.997122 0.208343
92.910276 -41.360599 10.060712 0.547959
96.791652 -41.360599 10.074655 0.229084
100.673028 -41.360599 9.740236 0.226932
104.554404 -41.360599 9.867599 0.375017
108.435780 -41.360599 9.997998 0.344510
112.317156 -41.360599 10.003847 0.445441
116.198532 -41.360599 10.033370 0.249871
120.079908 -41.360599 9.944325 0.146237
123.961284 -41.360599 10.053700 0.188566
127.842660 -41.360599 9.948663 0.098085
131.724036 -41.360599 9.843853 0.158623
135.605412 -41.360599 10.104190 0.506003
139.486788 -41.360599 9.949440 0.318679
-54.582013 -45.241975 0.000000 0.000000
-50.700637 -45.241975 0.000000 0.000000
-46.819261 -45.241975 0.000000 0.000000
-42.937885 -45.241975 0.000000 0.000000
-39.056509 -45.241975 0.000000 0.000000
-35.175133 -45.241975 0.000000 0.000000
-31.293757 -45.241975 0.000000 0.000000
-27.412381 -45.241975 0.000000 0.000000
-23.531005 -45.241975 0.000000 0.000000
-19.649629 -45.241975 0.000000 0.000000
-15.768253 -45.241975 0.000000 0.000000
-11.886877 -45.241975 0.000000 0.000000
-8.005501 -45.241975 0.000000 0.000000
-4.124125 -45.241975 0.000000 0.000000
-0.242749 -45.241975 0.000000 0.000000
3.638627 -45.241975 0.000000 0.000000
7.520003 -45.241975 0.000000 0.000000
11.401379 -45.241975 0.000000 0.000000
15.282755 -45.241975 0.000000 0.000000
19.164131 -45.241975 0.000000 0.000000
23.045507 -45.241975 0.000000 0.000000
26.926883 -45.241975 0.000000 0.000000
30.808259 -45.241975 0.000000 0.000000
34.689635 -45.241975 0.000000 0.000000
38.571011 -45.241975 0.000000 0.000000
42.452387 -45.241975 0.000000 0.000000
46.333763 -45.241975 0.000000 0.000000
50.215140 -45.241975 0.000000 0.000000
54.096516 -45.241975 0.000000 0.000000
57.977892 -45.241975 0.000000 0.000000
61.859268 -45.241975 0.000000 0.000000
65.740644 -45.241975 0.000000 0.000000
69.622020 -45.241975 0.000000 0.000000
73.503396 -45.241975 0.000000 0.000000
77.384772 -45.241975 0.000000 0.000000
81.266148 -45.241975 0.000000 0.000000
85.147524 -45.241975 0.000000 0.000000
89.028900 -45.241975 0.000000 0.000000
92.910276 -45.241975 0.000000 0.000000
96.791652 -45.241975 0.000000 0.000000
100.673028 -45.241975 0.000000 0.000000
104.554404 -45.241975 0.000000 0.000000
108.435780 -45.241975 0.000000 0.000000
112.317156 -45.241975 0.000000 0.000000
116.198532 -45.241975 0.000000 0.000000
120.079908 -45.241975 0.000000 0.000000
123.961284 -45.241975 0.000000 0.000000
127.842660 -45.241975 0.000000 0.000000
131.724036 -45.241975 0.000000 0.000000
135.605412 -45.241975 0.000000 0.000000
139.486788 -45.241975 0.000000 0.000000
