TITLE = "B00017"
VARIABLES = "position", "position(2)", "Vx", "Vy"
ZONE T="Frame 0", I=51, J=39
-54.582013 102.250314 0.000000 0.000000
-50.700637 102.250314 0.000000 0.000000
-46.819261 102.250314 0.000000 0.000000
-42.937885 102.250314 0.000000 0.000000
-39.056509 102.250314 0.000000 0.000000
-35.175133 102.250314 0.000000 0.000000
-31.293757 102.250314 0.000000 0.000000
-27.412381 102.250314 0.000000 0.000000
-23.531005 102.250314 0.000000 0.000000
-19.649629 102.250314 0.000000 0.000000
-15.768253 102.250314 0.000000 0.000000
-11.886877 102.250314 10.422281 -0.354609
-8.005501 102.250314 9.103490 -0.971239
-4.124125 102.250314 11.621710 -0.466051
-0.242749 102.250314 8.957349 1.135033
3.638627 102.250314 11.615075 -0.600285
7.520003 102.250314 9.286501 1.866138
11.401379 102.250314 -3.692632 10.560854
15.282755 102.250314 8.738000 0.529798
19.164131 102.250314 8.887275 1.472610
23.045507 102.250314 7.870667 -0.030112
26.926883 102.250314 0.000000 0.000000
30.808259 102.250314 10.918489 0.055138
34.689635 102.250314 0.000000 0.000000
38.571011 102.250314 0.000000 0.000000
42.452387 102.250314 0.000000 0.000000
46.333763 102.250314 0.000000 0.000000
50.215140 102.250314 13.545939 2.076284
54.096516 102.250314 7.598077 -0.590231
57.977892 102.250314 0.000000 0.000000
61.859268 102.250314 0.000000 0.000000
65.740644 102.250314 0.000000 0.000000
69.622020 102.250314 9.425970 -2.257139
73.503396 102.250314 10.857885 -0.510607
77.384772 102.250314 9.069558 -0.151542
81.266148 102.250314 9.225224 0.219534
85.147524 102.250314 10.346294 0.418259
89.028900 102.250314 9.990429 -0.189543
92.910276 102.250314 0.000000 0.000000
96.791652 102.250314 10.273913 -0.213641
100.673028 102.250314 8.905064 0.607458
104.554404 102.250314 10.110366 -1.001254
108.435780 102.250314 9.774050 -0.285567
112.317156 102.250314 10.057970 -0.839894
116.198532 102.250314 10.619723 -0.513324
120.079908 102.250314 10.483610 -0.687522
123.961284 102.250314 0.000000 0.000000
127.842660 102.250314 10.283883 1.284680
131.724036 102.250314 9.713169 -0.661018
135.605412 102.250314 9.623285 0.614901
139.486788 102.250314 9.435048 -0.119683
-54.582013 98.368938 0.000000 0.000000
-50.700637 98.368938 0.000000 0.000000
-46.819261 98.368938 0.000000 0.000000
-42.937885 98.368938 10.068880 0.423942
-39.056509 98.368938 6.536489 -0.233245
-35.175133 98.368938 0.000000 0.000000
-31.293757 98.368938 0.000000 0.000000
-27.412381 98.368938 0.000000 0.000000
-23.531005 98.368938 0.000000 0.000000
-19.649629 98.368938 0.000000 0.000000
-15.768253 98.368938 9.808342 0.223343
-11.886877 98.368938 9.930290 0.136756
-8.005501 98.368938 10.542872 -0.321202
-4.124125 98.368938 8.586729 0.651151
-0.242749 98.368938 10.777996 0.336821
3.638627 98.368938 9.331216 1.177878
7.520003 98.368938 0.000000 0.000000
11.401379 98.368938 15.919580 6.071653
15.282755 98.368938 9.117658 -1.248314
19.164131 98.368938 0.000000 0.000000
23.045507 98.368938 9.990607 1.142676
26.926883 98.368938 9.066597 2.412469
30.808259 98.368938 10.196566 -2.434068
34.689635 98.368938 0.000000 0.000000
38.571011 98.368938 10.436961 -0.823941
42.452387 98.368938 8.606594 1.432172
46.333763 98.368938 0.000000 0.000000
50.215140 98.368938 10.312382 0.240122
54.096516 98.368938 9.577713 -2.175461
57.977892 98.368938 9.387474 0.227336
61.859268 98.368938 0.000000 0.000000
65.740644 98.368938 0.000000 0.000000
69.622020 98.368938 0.000000 0.000000
73.503396 98.368938 9.692782 -0.441687
77.384772 98.368938 9.772798 0.296167
81.266148 98.368938 9.821665 0.052882
85.147524 98.368938 9.668253 -0.543504
89.028900 98.368938 9.527119 0.209162
92.910276 98.368938 0.000000 0.000000
96.791652 98.368938 10.019328 0.181887
100.673028 98.368938 9.103313 0.907530
104.554404 98.368938 9.595009 -0.424684
108.435780 98.368938 9.753010 -0.671188
112.317156 98.368938 9.369644 0.011580
116.198532 98.368938 9.781537 -0.373464
120.079908 98.368938 9.575520 -0.701861
123.961284 98.368938 8.853554 0.682910
127.842660 98.368938 10.327904 -0.318913
131.724036 98.368938 8.994713 0.046618
135.605412 98.368938 10.115896 -0.467510
139.486788 98.368938 11.851371 -0.168670
-54.582013 94.487562 0.000000 0.000000
-50.700637 94.487562 0.000000 0.000000
-46.819261 94.487562 10.003448 -0.301246
-42.937885 94.487562 10.994726 0.478821
-39.056509 94.487562 9.051649 2.830539
-35.175133 94.487562 0.000000 0.000000
-31.293757 94.487562 0.000000 0.000000
-27.412381 94.487562 0.000000 0.000000
-23.531005 94.487562 0.000000 0.000000
-19.649629 94.487562 0.000000 0.000000
-15.768253 94.487562 9.986862 0.299864
-11.886877 94.487562 10.127648 -0.384869
-8.005501 94.487562 11.405930 -0.078006
-4.124125 94.487562 11.185878 0.397337
-0.242749 94.487562 9.613920 0.265987
3.638627 94.487562 9.740703 -0.019641
7.520003 94.487562 0.000000 0.000000
11.401379 94.487562 0.000000 0.000000
15.282755 94.487562 12.923120 -1.705161
19.164131 94.487562 12.011865 -0.209862
23.045507 94.487562 8.999565 0.881427
26.926883 94.487562 8.181479 0.402695
30.808259 94.487562 11.290197 -0.610079
34.689635 94.487562 0.000000 0.000000
38.571011 94.487562 8.970671 0.308318
42.452387 94.487562 10.537897 -1.396491
46.333763 94.487562 0.000000 0.000000
50.215140 94.487562 8.673324 1.066701
54.096516 94.487562 9.238560 -2.031859
57.977892 94.487562 0.000000 0.000000
61.859268 94.487562 0.000000 0.000000
65.740644 94.487562 0.000000 0.000000
69.622020 94.487562 0.000000 0.000000
73.503396 94.487562 9.381804 1.494493
77.384772 94.487562 8.981430 0.215257
81.266148 94.487562 10.012833 -0.965906
85.147524 94.487562 10.739003 -1.568507
89.028900 94.487562 8.851681 0.552714
92.910276 94.487562 10.577982 0.174426
96.791652 94.487562 10.475645 0.472710
100.673028 94.487562 8.957537 -0.283702
104.554404 94.487562 9.141721 -0.134836
108.435780 94.487562 10.115943 -0.122510
112.317156 94.487562 9.205190 -0.753826
116.198532 94.487562 10.169402 -0.789912
120.079908 94.487562 9.961754 -0.342424
123.961284 94.487562 8.701474 -0.491886
127.842660 94.487562 10.634829 -0.053548
131.724036 94.487562 9.526422 -0.804957
135.605412 94.487562 10.059882 0.471913
139.486788 94.487562 9.492882 0.417747
-54.582013 90.606186 0.000000 0.000000
-50.700637 90.606186 0.000000 0.000000
-46.819261 90.606186 0.000000 0.000000
-42.937885 90.606186 9.195442 1.350439
-39.056509 90.606186 10.229886 -0.089495
-35.175133 90.606186 0.000000 0.000000
-31.293757 90.606186 0.000000 0.000000
-27.412381 90.606186 0.000000 0.000000
-23.531005 90.606186 0.000000 0.000000
-19.649629 90.606186 0.000000 0.000000
-15.768253 90.606186 10.507886 0.010488
-11.886877 90.606186 10.487448 -0.418052
-8.005501 90.606186 10.155926 1.643853
-4.124125 90.606186 9.582855 0.714389
-0.242749 90.606186 0.000000 0.000000
3.638627 90.606186 11.214654 -0.011689
7.520003 90.606186 10.266047 2.249261
11.401379 90.606186 10.871859 0.624226
15.282755 90.606186 9.833062 0.715740
19.164131 90.606186 10.060021 0.286941
23.045507 90.606186 8.996070 0.747637
26.926883 90.606186 9.936324 -0.936768
30.808259 90.606186 11.449112 -0.833351
34.689635 90.606186 9.658852 -0.955210
38.571011 90.606186 9.805399 -0.546780
42.452387 90.606186 9.642790 0.180434
46.333763 90.606186 9.949553 -0.560343
50.215140 90.606186 11.008838 -0.150603
54.096516 90.606186 0.000000 0.000000
57.977892 90.606186 10.227881 -0.275002
61.859268 90.606186 0.000000 0.000000
65.740644 90.606186 0.000000 0.000000
69.622020 90.606186 0.000000 0.000000
73.503396 90.606186 10.860254 -0.519972
77.384772 90.606186 10.721045 0.877622
81.266148 90.606186 10.586701 0.824265
85.147524 90.606186 10.031279 -0.748693
89.028900 90.606186 9.138303 0.811492
92.910276 90.606186 10.829284 0.172920
96.791652 90.606186 9.571815 0.303396
100.673028 90.606186 9.527224 0.356976
104.554404 90.606186 10.597628 -0.126879
108.435780 90.606186 10.358873 -0.074348
112.317156 90.606186 10.523205 -0.545787
116.198532 90.606186 10.544013 0.647970
120.079908 90.606186 10.027139 0.813753
123.961284 90.606186 10.415647 -0.482122
127.842660 90.606186 9.900193 0.891378
131.724036 90.606186 9.802897 -0.149492
135.605412 90.606186 9.372659 0.274049
139.486788 90.606186 10.071888 -0.740215
-54.582013 86.724810 0.000000 0.000000
-50.700637 86.724810 0.000000 0.000000
-46.819261 86.724810 9.713403 0.671392
-42.937885 86.724810 10.137288 0.276535
-39.056509 86.724810 8.796198 0.671347
-35.175133 86.724810 0.000000 0.000000
-31.293757 86.724810 0.000000 0.000000
-27.412381 86.724810 0.000000 0.000000
-23.531005 86.724810 0.000000 0.000000
-19.649629 86.724810 0.000000 0.000000
-15.768253 86.724810 10.493382 0.350332
-11.886877 86.724810 10.048216 -0.365939
-8.005501 86.724810 9.923881 -0.529664
-4.124125 86.724810 10.164541 -0.078088
-0.242749 86.724810 9.268940 1.480700
3.638627 86.724810 11.418071 -0.184151
7.520003 86.724810 10.131316 0.596454
11.401379 86.724810 10.896384 0.003247
15.282755 86.724810 10.227085 0.377844
19.164131 86.724810 11.377718 -0.082782
23.045507 86.724810 9.624232 2.090038
26.926883 86.724810 9.745755 -0.685594
30.808259 86.724810 9.883576 -0.594526
34.689635 86.724810 10.672147 -0.656749
38.571011 86.724810 10.444719 -0.583296
42.452387 86.724810 10.976289 -0.493822
46.333763 86.724810 9.716663 0.497482
50.215140 86.724810 10.271834 -0.320875
54.096516 86.724810 10.914880 0.253986
57.977892 86.724810 10.568191 -0.051626
61.859268 86.724810 0.000000 0.000000
65.740644 86.724810 0.000000 0.000000
69.622020 86.724810 0.000000 0.000000
73.503396 86.724810 10.478755 -0.384352
77.384772 86.724810 9.569122 1.161745
81.266148 86.724810 9.732268 0.413727
85.147524 86.724810 9.987458 0.790441
89.028900 86.724810 9.702765 0.005816
92.910276 86.724810 9.332148 0.681363
96.791652 86.724810 10.450215 -0.200713
100.673028 86.724810 9.505375 0.661460
104.554404 86.724810 9.620247 0.461454
108.435780 86.724810 9.596116 -0.921458
112.317156 86.724810 9.275776 0.225797
116.198532 86.724810 10.124965 0.283992
120.079908 86.724810 10.442511 0.457423
123.961284 86.724810 9.667495 0.297393
127.842660 86.724810 9.887254 0.833110
131.724036 86.724810 10.257302 0.465079
135.605412 86.724810 9.807337 -0.473258
139.486788 86.724810 9.440406 -0.367701
-54.582013 82.843434 0.000000 0.000000
-50.700637 82.843434 10.492984 -0.444103
-46.819261 82.843434 9.959067 1.118372
-42.937885 82.843434 9.677196 0.253966
-39.056509 82.843434 10.780837 0.956137
-35.175133 82.843434 0.000000 0.000000
-31.293757 82.843434 0.000000 0.000000
-27.412381 82.843434 0.000000 0.000000
-23.531005 82.843434 0.000000 0.000000
-19.649629 82.843434 0.000000 0.000000
-15.768253 82.843434 10.690416 -0.213511
-11.886877 82.843434 10.016423 1.271950
-8.005501 82.843434 10.430672 0.860158
-4.124125 82.843434 10.281316 -0.302435
-0.242749 82.843434 10.228865 -0.587032
3.638627 82.843434 11.094600 0.960559
7.520003 82.843434 10.560494 0.567637
11.401379 82.843434 9.139132 0.751216
15.282755 82.843434 9.956182 -0.057669
19.164131 82.843434 10.874243 0.070774
23.045507 82.843434 10.721368 0.091387
26.926883 82.843434 10.426800 0.049504
30.808259 82.843434 10.985873 -0.828087
34.689635 82.843434 10.359981 -0.285770
38.571011 82.843434 10.313289 -0.239194
42.452387 82.843434 10.724159 -0.391549
46.333763 82.843434 10.510339 0.573313
50.215140 82.843434 10.694341 -0.133139
54.096516 82.843434 10.203794 0.091054
57.977892 82.843434 10.013850 0.277622
61.859268 82.843434 0.000000 0.000000
65.740644 82.843434 0.000000 0.000000
69.622020 82.843434 9.676119 0.595390
73.503396 82.843434 10.018551 -0.050755
77.384772 82.843434 10.251568 -0.424534
81.266148 82.843434 9.611271 0.335490
85.147524 82.843434 9.804542 -0.267014
89.028900 82.843434 10.405433 0.518520
92.910276 82.843434 10.229618 0.336673
96.791652 82.843434 9.303840 -0.674201
100.673028 82.843434 9.935892 -0.388720
104.554404 82.843434 10.122883 0.576112
108.435780 82.843434 10.044570 -0.455219
112.317156 82.843434 10.184172 0.539942
116.198532 82.843434 10.300330 0.668008
120.079908 82.843434 9.275806 -0.103792
123.961284 82.843434 9.685151 0.206589
127.842660 82.843434 9.430945 0.430428
131.724036 82.843434 9.396715 -0.594924
135.605412 82.843434 10.087320 0.750794
139.486788 82.843434 9.210794 0.150049
-54.582013 78.962058 0.000000 0.000000
-50.700637 78.962058 11.002388 0.461388
-46.819261 78.962058 10.274903 0.740095
-42.937885 78.962058 9.558792 0.846501
-39.056509 78.962058 9.606412 0.831829
-35.175133 78.962058 0.000000 0.000000
-31.293757 78.962058 0.000000 0.000000
-27.412381 78.962058 0.000000 0.000000
-23.531005 78.962058 0.000000 0.000000
-19.649629 78.962058 0.000000 0.000000
-15.768253 78.962058 10.828297 0.548545
-11.886877 78.962058 10.147640 0.005673
-8.005501 78.962058 10.632555 -0.255322
-4.124125 78.962058 10.470544 0.415051
-0.242749 78.962058 11.496011 0.230686
3.638627 78.962058 9.772588 0.443982
7.520003 78.962058 10.764220 0.153351
11.401379 78.962058 10.831474 0.094180
15.282755 78.962058 10.413333 0.158760
19.164131 78.962058 8.989198 -2.340613
23.045507 78.962058 10.783446 -0.613533
26.926883 78.962058 10.065703 0.321589
30.808259 78.962058 10.417768 -0.536026
34.689635 78.962058 9.820209 -0.425943
38.571011 78.962058 10.077400 0.429007
42.452387 78.962058 9.959922 -0.020101
46.333763 78.962058 9.841107 0.393196
50.215140 78.962058 10.380922 0.846741
54.096516 78.962058 10.372572 -0.037886
57.977892 78.962058 10.276270 0.040205
61.859268 78.962058 0.000000 0.000000
65.740644 78.962058 0.000000 0.000000
69.622020 78.962058 9.643080 0.697985
73.503396 78.962058 9.997794 0.595562
77.384772 78.962058 10.329033 -0.147548
81.266148 78.962058 9.665918 -0.058964
85.147524 78.962058 9.013674 0.161873
89.028900 78.962058 10.397216 -0.318730
92.910276 78.962058 9.625349 0.343041
96.791652 78.962058 8.917772 0.024045
100.673028 78.962058 9.390885 0.293821
104.554404 78.962058 10.250640 -0.072148
108.435780 78.962058 9.398681 -0.586523
112.317156 78.962058 9.786388 0.304741
116.198532 78.962058 9.225882 0.394583
120.079908 78.962058 9.604562 -0.318750
123.961284 78.962058 10.049690 0.022857
127.842660 78.962058 10.450397 -0.308173
131.724036 78.962058 9.617146 -0.572981
135.605412 78.962058 9.920469 -0.375652
139.486788 78.962058 10.087329 0.214580
-54.582013 75.080682 11.222977 -1.120926
-50.700637 75.080682 9.465293 0.468094
-46.819261 75.080682 10.155617 0.524403
-42.937885 75.080682 9.534682 0.675623
-39.056509 75.080682 10.232974 0.933522
-35.175133 75.080682 0.000000 0.000000
-31.293757 75.080682 0.000000 0.000000
-27.412381 75.080682 0.000000 0.000000
-23.531005 75.080682 0.000000 0.000000
-19.649629 75.080682 0.000000 0.000000
-15.768253 75.080682 10.466842 0.409830
-11.886877 75.080682 10.643829 0.580862
-8.005501 75.080682 10.451447 0.271999
-4.124125 75.080682 10.340535 -0.773083
-0.242749 75.080682 10.739876 0.172194
3.638627 75.080682 10.733768 -0.205696
7.520003 75.080682 10.759676 0.414064
11.401379 75.080682 10.492546 -0.650643
15.282755 75.080682 10.418163 0.222577
19.164131 75.080682 10.166161 -1.204301
23.045507 75.080682 10.307147 -0.266464
26.926883 75.080682 9.900471 -0.190362
30.808259 75.080682 10.633132 -0.222403
34.689635 75.080682 10.556589 -0.361805
38.571011 75.080682 11.021281 -1.080132
42.452387 75.080682 10.082878 -0.358873
46.333763 75.080682 10.184239 -0.714127
50.215140 75.080682 9.572561 0.759648
54.096516 75.080682 10.063278 -0.565805
57.977892 75.080682 10.285181 0.465776
61.859268 75.080682 0.000000 0.000000
65.740644 75.080682 0.000000 0.000000
69.622020 75.080682 9.938101 -0.620297
73.503396 75.080682 10.231330 -0.696782
77.384772 75.080682 9.965539 -0.445508
81.266148 75.080682 10.235908 0.300632
85.147524 75.080682 9.983945 -0.546490
89.028900 75.080682 9.506310 -0.493849
92.910276 75.080682 10.528495 0.048804
96.791652 75.080682 10.082314 -0.566656
100.673028 75.080682 9.620749 -0.035600
104.554404 75.080682 9.600869 -0.562574
108.435780 75.080682 9.649144 -0.519224
112.317156 75.080682 10.487506 -0.081026
116.198532 75.080682 9.830943 -0.386549
120.079908 75.080682 9.787582 -0.187122
123.961284 75.080682 10.028668 0.117170
127.842660 75.080682 9.614580 -0.242940
131.724036 75.080682 9.889598 -0.113473
135.605412 75.080682 9.950779 0.122826
139.486788 75.080682 10.068103 0.122121
-54.582013 71.199306 0.000000 0.000000
-50.700637 71.199306 11.160001 0.609201
-46.819261 71.199306 11.648876 0.067106
-42.937885 71.199306 8.909404 1.768412
-39.056509 71.199306 10.947855 0.016996
-35.175133 71.199306 0.000000 0.000000
-31.293757 71.199306 0.000000 0.000000
-27.412381 71.199306 0.000000 0.000000
-23.531005 71.199306 0.000000 0.000000
-19.649629 71.199306 0.000000 0.000000
-15.768253 71.199306 10.395494 0.228120
-11.886877 71.199306 10.546222 0.735354
-8.005501 71.199306 10.622520 0.219059
-4.124125 71.199306 10.292554 0.377583
-0.242749 71.199306 10.527428 -0.609004
3.638627 71.199306 10.615839 0.224696
7.520003 71.199306 10.896335 0.410745
11.401379 71.199306 10.101636 -0.273117
15.282755 71.199306 10.179853 -0.103877
19.164131 71.199306 10.566781 -0.113058
23.045507 71.199306 10.363272 -0.339264
26.926883 71.199306 10.758124 -0.614147
30.808259 71.199306 9.578033 0.112156
34.689635 71.199306 10.011207 -0.384925
38.571011 71.199306 10.140286 -0.490833
42.452387 71.199306 10.575992 0.014974
46.333763 71.199306 10.486541 -0.471938
50.215140 71.199306 10.342627 0.001447
54.096516 71.199306 10.324458 -0.536669
57.977892 71.199306 10.064512 -0.284479
61.859268 71.199306 0.000000 0.000000
65.740644 71.199306 0.000000 0.000000
69.622020 71.199306 10.050218 -0.631165
73.503396 71.199306 10.306725 0.193874
77.384772 71.199306 9.665110 0.264631
81.266148 71.199306 10.031300 -0.639390
85.147524 71.199306 10.002461 -0.449910
89.028900 71.199306 9.624985 -0.101304
92.910276 71.199306 10.172685 0.579505
96.791652 71.199306 10.245269 -0.041911
100.673028 71.199306 9.702280 0.349423
104.554404 71.199306 10.022756 -0.489725
108.435780 71.199306 10.214842 0.328827
112.317156 71.199306 9.928970 -0.270501
116.198532 71.199306 9.912724 -0.034178
120.079908 71.199306 9.821807 -0.180422
123.961284 71.199306 10.153831 -0.279525
127.842660 71.199306 9.820188 0.019712
131.724036 71.199306 10.109992 -0.126814
135.605412 71.199306 10.097471 -0.382486
139.486788 71.199306 9.928149 -0.042772
-54.582013 67.317930 0.000000 0.000000
-50.700637 67.317930 12.773163 -0.163790
-46.819261 67.317930 9.381635 0.640177
-42.937885 67.317930 10.069225 0.773341
-39.056509 67.317930 10.257148 0.931222
-35.175133 67.317930 0.000000 0.000000
-31.293757 67.317930 0.000000 0.000000
-27.412381 67.317930 0.000000 0.000000
-23.531005 67.317930 0.000000 0.000000
-19.649629 67.317930 10.329489 0.939682
-15.768253 67.317930 10.678674 0.643205
-11.886877 67.317930 11.037920 0.578723
-8.005501 67.317930 9.419683 0.466101
-4.124125 67.317930 11.370712 0.440166
-0.242749 67.317930 10.524611 -0.606187
3.638627 67.317930 10.752612 -0.135120
7.520003 67.317930 11.104804 -0.491346
11.401379 67.317930 10.658444 0.241188
15.282755 67.317930 10.473474 0.112889
19.164131 67.317930 11.054648 -0.580363
23.045507 67.317930 10.212939 0.129149
26.926883 67.317930 10.473021 -0.288096
30.808259 67.317930 10.450950 -0.206716
34.689635 67.317930 10.165029 0.154854
38.571011 67.317930 10.423448 -0.302666
42.452387 67.317930 10.693624 -0.070868
46.333763 67.317930 10.331512 -0.729912
50.215140 67.317930 10.124475 -1.116341
54.096516 67.317930 10.270181 -0.402512
57.977892 67.317930 10.131344 -0.243489
61.859268 67.317930 0.000000 0.000000
65.740644 67.317930 0.000000 0.000000
69.622020 67.317930 10.024218 -0.369191
73.503396 67.317930 10.533609 0.086715
77.384772 67.317930 9.772449 -0.451787
81.266148 67.317930 9.956239 -0.230688
85.147524 67.317930 10.020985 -0.196054
89.028900 67.317930 9.234315 0.193549
92.910276 67.317930 9.673633 -0.075671
96.791652 67.317930 9.489591 -0.397265
100.673028 67.317930 10.292732 -0.621672
104.554404 67.317930 9.963500 -0.013847
108.435780 67.317930 9.870337 0.194186
112.317156 67.317930 10.368618 -0.318352
116.198532 67.317930 9.064275 -0.454648
120.079908 67.317930 9.771567 -0.371361
123.961284 67.317930 9.770484 -0.075609
127.842660 67.317930 9.843942 0.161230
131.724036 67.317930 9.670049 -0.409679
135.605412 67.317930 9.647170 0.049544
139.486788 67.317930 10.157206 0.076781
-54.582013 63.436554 0.000000 0.000000
-50.700637 63.436554 9.033116 0.902529
-46.819261 63.436554 0.000000 0.000000
-42.937885 63.436554 10.307055 1.133968
-39.056509 63.436554 9.036605 1.144144
-35.175133 63.436554 0.000000 0.000000
-31.293757 63.436554 0.000000 0.000000
-27.412381 63.436554 0.000000 0.000000
-23.531005 63.436554 0.000000 0.000000
-19.649629 63.436554 10.445379 0.775485
-15.768253 63.436554 10.531647 0.461632
-11.886877 63.436554 10.564545 -0.002417
-8.005501 63.436554 10.499539 1.749551
-4.124125 63.436554 11.085353 0.239732
-0.242749 63.436554 10.920527 1.164020
3.638627 63.436554 11.046748 0.633059
7.520003 63.436554 10.620793 0.296227
11.401379 63.436554 10.692677 -0.712387
15.282755 63.436554 10.155186 0.793090
19.164131 63.436554 10.628055 -0.452779
23.045507 63.436554 10.536009 -0.500575
26.926883 63.436554 10.267450 -0.661569
30.808259 63.436554 10.221450 -0.416601
34.689635 63.436554 10.738871 -0.223223
38.571011 63.436554 10.691870 -0.733635
42.452387 63.436554 10.488157 -0.405962
46.333763 63.436554 10.346025 -0.562680
50.215140 63.436554 10.145099 0.007523
54.096516 63.436554 10.405874 0.143386
57.977892 63.436554 9.899333 -1.051088
61.859268 63.436554 0.000000 0.000000
65.740644 63.436554 0.000000 0.000000
69.622020 63.436554 10.296418 -0.522518
73.503396 63.436554 9.954397 -0.485999
77.384772 63.436554 10.160611 -0.370126
81.266148 63.436554 10.134151 -0.310637
85.147524 63.436554 9.895205 0.223274
89.028900 63.436554 10.245772 -0.318241
92.910276 63.436554 9.992387 -0.200455
96.791652 63.436554 9.704094 0.175841
100.673028 63.436554 10.717105 -0.372733
104.554404 63.436554 10.242638 -0.605988
108.435780 63.436554 10.126520 0.559114
112.317156 63.436554 10.039672 0.055352
116.198532 63.436554 9.620589 -0.046953
120.079908 63.436554 9.268342 -0.125627
123.961284 63.436554 9.962377 -0.312363
127.842660 63.436554 9.261586 -0.447231
131.724036 63.436554 9.290462 0.050755
135.605412 63.436554 9.572750 0.101158
139.486788 63.436554 9.777817 0.295171
-54.582013 59.555178 8.874643 2.734491
-50.700637 59.555178 9.199622 0.750257
-46.819261 59.555178 10.305268 0.341450
-42.937885 59.555178 9.485640 1.145108
-39.056509 59.555178 9.955458 0.862496
-35.175133 59.555178 0.000000 0.000000
-31.293757 59.555178 0.000000 0.000000
-27.412381 59.555178 0.000000 0.000000
-23.531005 59.555178 0.000000 0.000000
-19.649629 59.555178 10.542095 0.816092
-15.768253 59.555178 10.512313 0.699354
-11.886877 59.555178 10.933043 0.360257
-8.005501 59.555178 10.868897 -0.189974
-4.124125 59.555178 10.596107 0.393083
-0.242749 59.555178 11.080383 0.178231
3.638627 59.555178 10.863086 -0.029198
7.520003 59.555178 10.888460 0.154647
11.401379 59.555178 11.157045 -0.051210
15.282755 59.555178 10.761968 -0.559554
19.164131 59.555178 10.453923 -0.272486
23.045507 59.555178 10.805622 0.190009
26.926883 59.555178 10.757995 -0.435463
30.808259 59.555178 10.058038 0.115514
34.689635 59.555178 10.791907 -0.595570
38.571011 59.555178 10.075904 -0.793567
42.452387 59.555178 10.895142 -0.569869
46.333763 59.555178 10.105541 -0.636958
50.215140 59.555178 9.920090 -1.123582
54.096516 59.555178 10.307551 -0.433810
57.977892 59.555178 10.460839 -0.733128
61.859268 59.555178 0.000000 0.000000
65.740644 59.555178 0.000000 0.000000
69.622020 59.555178 9.942814 -0.500424
73.503396 59.555178 9.882435 0.228470
77.384772 59.555178 10.032558 -0.388981
81.266148 59.555178 9.951735 -0.405491
85.147524 59.555178 9.650677 -0.424666
89.028900 59.555178 10.002409 -0.261176
92.910276 59.555178 9.693662 -0.179335
96.791652 59.555178 9.892192 -0.272021
100.673028 59.555178 9.649135 0.113721
104.554404 59.555178 9.586886 0.307620
108.435780 59.555178 9.477351 -0.154121
112.317156 59.555178 9.704886 -0.186491
116.198532 59.555178 9.531666 0.362729
120.079908 59.555178 10.466361 0.293733
123.961284 59.555178 10.436140 0.686095
127.842660 59.555178 9.722490 0.548964
131.724036 59.555178 9.433169 -0.373115
135.605412 59.555178 10.311175 -0.689269
139.486788 59.555178 9.641379 -0.608652
-54.582013 55.673802 0.000000 0.000000
-50.700637 55.673802 9.252685 0.979919
-46.819261 55.673802 10.235666 0.913448
-42.937885 55.673802 9.491744 0.935136
-39.056509 55.673802 9.925475 1.277583
-35.175133 55.673802 0.000000 0.000000
-31.293757 55.673802 0.000000 0.000000
-27.412381 55.673802 0.000000 0.000000
-23.531005 55.673802 10.474313 0.922004
-19.649629 55.673802 10.624436 0.829293
-15.768253 55.673802 10.776602 0.914964
-11.886877 55.673802 11.068890 0.499565
-8.005501 55.673802 10.932098 0.363670
-4.124125 55.673802 11.185458 0.642094
-0.242749 55.673802 11.275560 -0.275935
3.638627 55.673802 10.760503 0.011779
7.520003 55.673802 10.781340 -0.201412
11.401379 55.673802 10.976421 -0.516816
15.282755 55.673802 10.710547 -0.060073
19.164131 55.673802 10.917008 -0.936208
23.045507 55.673802 10.747190 0.159882
26.926883 55.673802 10.392956 -0.400564
30.808259 55.673802 10.439098 -0.109030
34.689635 55.673802 10.274956 -0.280398
38.571011 55.673802 10.704072 -0.192519
42.452387 55.673802 10.367797 -0.126873
46.333763 55.673802 10.840420 -0.600223
50.215140 55.673802 10.395330 -0.583892
54.096516 55.673802 10.470479 -0.732786
57.977892 55.673802 9.886510 -0.766112
61.859268 55.673802 0.000000 0.000000
65.740644 55.673802 0.000000 0.000000
69.622020 55.673802 10.174100 -0.721433
73.503396 55.673802 9.277528 -0.574602
77.384772 55.673802 9.940347 -0.522780
81.266148 55.673802 9.414017 -0.139276
85.147524 55.673802 10.205791 -0.482123
89.028900 55.673802 9.742242 0.219972
92.910276 55.673802 10.042833 -0.560405
96.791652 55.673802 9.806090 -0.144198
100.673028 55.673802 10.160251 0.527430
104.554404 55.673802 9.850503 -0.458632
108.435780 55.673802 9.446088 -0.059060
112.317156 55.673802 9.640513 -0.724617
116.198532 55.673802 10.257969 -0.055433
120.079908 55.673802 9.575381 -0.012214
123.961284 55.673802 9.476515 -0.357300
127.842660 55.673802 9.958238 -0.061404
131.724036 55.673802 9.478381 0.046930
135.605412 55.673802 9.472339 0.099213
139.486788 55.673802 9.989827 -0.137675
-54.582013 51.792426 9.539620 -0.038941
-50.700637 51.792426 9.471435 0.942250
-46.819261 51.792426 9.106105 0.762164
-42.937885 51.792426 9.623325 1.157383
-39.056509 51.792426 9.860106 1.559772
-35.175133 51.792426 0.000000 0.000000
-31.293757 51.792426 0.000000 0.000000
-27.412381 51.792426 0.000000 0.000000
-23.531005 51.792426 10.777012 1.396403
-19.649629 51.792426 10.954919 1.046074
-15.768253 51.792426 11.325038 0.746330
-11.886877 51.792426 11.268022 0.690748
-8.005501 51.792426 11.301339 0.276657
-4.124125 51.792426 11.073909 0.174566
-0.242749 51.792426 11.357498 0.031264
3.638627 51.792426 11.171257 0.323314
7.520003 51.792426 11.324865 -0.367779
11.401379 51.792426 10.964018 -0.502701
15.282755 51.792426 10.594607 -0.610214
19.164131 51.792426 10.629989 -0.441432
23.045507 51.792426 10.654946 -0.453365
26.926883 51.792426 10.303162 -0.362626
30.808259 51.792426 10.685843 -0.132903
34.689635 51.792426 10.588395 -0.677669
38.571011 51.792426 10.667458 -0.237582
42.452387 51.792426 10.957306 -0.370475
46.333763 51.792426 10.633018 -0.633415
50.215140 51.792426 10.104097 -0.546873
54.096516 51.792426 10.047414 -0.659376
57.977892 51.792426 10.492210 -0.817260
61.859268 51.792426 0.000000 0.000000
65.740644 51.792426 0.000000 0.000000
69.622020 51.792426 9.579934 -0.743838
73.503396 51.792426 9.657516 -0.233571
77.384772 51.792426 9.402657 -0.252626
81.266148 51.792426 9.371055 -0.287269
85.147524 51.792426 9.732855 -0.273540
89.028900 51.792426 9.650587 0.021051
92.910276 51.792426 9.418006 -0.216471
96.791652 51.792426 9.513648 0.025606
100.673028 51.792426 9.160479 -0.041792
104.554404 51.792426 9.699939 -0.304721
108.435780 51.792426 9.849701 -0.634472
112.317156 51.792426 9.911462 -0.317053
116.198532 51.792426 9.491167 0.242070
120.079908 51.792426 9.660378 0.208627
123.961284 51.792426 10.081123 0.166103
127.842660 51.792426 10.097983 -0.245823
131.724036 51.792426 9.834102 -0.338914
135.605412 51.792426 9.546574 0.027520
139.486788 51.792426 9.767156 0.231077
-54.582013 47.911049 8.667648 0.799756
-50.700637 47.911049 10.154399 0.737971
-46.819261 47.911049 8.895594 1.130994
-42.937885 47.911049 9.772132 1.335062
-39.056509 47.911049 9.567836 1.411080
-35.175133 47.911049 0.000000 0.000000
-31.293757 47.911049 0.000000 0.000000
-27.412381 47.911049 0.000000 0.000000
-23.531005 47.911049 10.936383 1.226862
-19.649629 47.911049 11.174042 1.331428
-15.768253 47.911049 11.410772 0.824868
-11.886877 47.911049 11.753106 0.699970
-8.005501 47.911049 11.125706 0.383196
-4.124125 47.911049 11.341924 0.232685
-0.242749 47.911049 11.220663 0.357221
3.638627 47.911049 11.057600 -0.153416
7.520003 47.911049 10.909293 -0.187191
11.401379 47.911049 10.896526 -0.263803
15.282755 47.911049 10.768822 -0.340433
19.164131 47.911049 10.632897 -0.829440
23.045507 47.911049 10.780491 -0.314970
26.926883 47.911049 10.148852 -0.381624
30.808259 47.911049 10.456737 -0.722063
34.689635 47.911049 10.716620 -0.421658
38.571011 47.911049 10.425039 -0.187258
42.452387 47.911049 10.653462 -0.376744
46.333763 47.911049 10.619387 -0.625812
50.215140 47.911049 10.435428 -0.720806
54.096516 47.911049 10.369226 -0.722580
57.977892 47.911049 9.943255 -0.707126
61.859268 47.911049 0.000000 0.000000
65.740644 47.911049 0.000000 0.000000
69.622020 47.911049 9.718782 -0.633937
73.503396 47.911049 9.653250 -0.388959
77.384772 47.911049 9.452057 -0.565533
81.266148 47.911049 9.780645 -0.318173
85.147524 47.911049 9.499952 -0.345281
89.028900 47.911049 9.169174 -0.009067
92.910276 47.911049 9.337395 0.826104
96.791652 47.911049 9.986875 -0.358429
100.673028 47.911049 10.028891 -0.248602
104.554404 47.911049 10.387215 -0.456965
108.435780 47.911049 9.228133 -0.406974
112.317156 47.911049 9.072177 0.207245
116.198532 47.911049 9.848739 0.906159
120.079908 47.911049 10.828636 0.112276
123.961284 47.911049 10.402623 -0.297500
127.842660 47.911049 9.906434 -0.678940
131.724036 47.911049 9.597628 -0.418974
135.605412 47.911049 9.622900 0.190643
139.486788 47.911049 9.488141 0.423484
-54.582013 44.029673 9.043975 1.856239
-50.700637 44.029673 0.000000 0.000000
-46.819261 44.029673 8.866018 1.026149
-42.937885 44.029673 9.105405 1.673104
-39.056509 44.029673 9.516563 1.554523
-35.175133 44.029673 0.000000 0.000000
-31.293757 44.029673 0.000000 0.000000
-27.412381 44.029673 11.090994 2.237739
-23.531005 44.029673 11.657584 1.491104
-19.649629 44.029673 11.565918 1.067275
-15.768253 44.029673 12.021578 0.594731
-11.886877 44.029673 11.776574 0.851045
-8.005501 44.029673 11.916910 0.473588
-4.124125 44.029673 11.307336 0.127712
-0.242749 44.029673 0.000000 0.000000
3.638627 44.029673 0.000000 0.000000
7.520003 44.029673 10.980749 0.077719
11.401379 44.029673 11.568447 -0.149209
15.282755 44.029673 11.719298 -0.469215
19.164131 44.029673 10.934970 -0.554520
23.045507 44.029673 11.732717 -1.269664
26.926883 44.029673 10.984812 -0.580576
30.808259 44.029673 10.605910 -0.798857
34.689635 44.029673 10.727834 -0.412501
38.571011 44.029673 10.601301 -0.655602
42.452387 44.029673 10.510114 -1.226711
46.333763 44.029673 10.621543 -0.516808
50.215140 44.029673 10.451449 -0.525610
54.096516 44.029673 10.664179 -0.674281
57.977892 44.029673 10.563475 -1.023644
61.859268 44.029673 0.000000 0.000000
65.740644 44.029673 0.000000 0.000000
69.622020 44.029673 9.346146 -0.926202
73.503396 44.029673 9.392347 -0.572488
77.384772 44.029673 9.735023 -0.383899
81.266148 44.029673 9.911872 -0.596958
85.147524 44.029673 9.415183 -0.507206
89.028900 44.029673 8.431253 -0.513918
92.910276 44.029673 0.000000 0.000000
96.791652 44.029673 0.000000 0.000000
100.673028 44.029673 10.587895 0.193441
104.554404 44.029673 9.800054 -1.111211
108.435780 44.029673 9.453454 -0.838091
112.317156 44.029673 8.621249 -0.255013
116.198532 44.029673 8.038681 1.308353
120.079908 44.029673 9.183502 2.181214
123.961284 44.029673 10.774673 -0.428091
127.842660 44.029673 9.943416 -1.356467
131.724036 44.029673 9.574388 -0.968267
135.605412 44.029673 9.874588 -0.787196
139.486788 44.029673 9.308146 0.078003
-54.582013 40.148297 0.000000 0.000000
-50.700637 40.148297 0.000000 0.000000
-46.819261 40.148297 9.088005 0.695515
-42.937885 40.148297 8.582009 1.098835
-39.056509 40.148297 8.699719 1.381589
-35.175133 40.148297 0.000000 0.000000
-31.293757 40.148297 0.000000 0.000000
-27.412381 40.148297 0.000000 0.000000
-23.531005 40.148297 0.000000 0.000000
-19.649629 40.148297 0.000000 0.000000
-15.768253 40.148297 0.000000 0.000000
-11.886877 40.148297 0.000000 0.000000
-8.005501 40.148297 0.000000 0.000000
-4.124125 40.148297 0.000000 0.000000
-0.242749 40.148297 0.000000 0.000000
3.638627 40.148297 0.000000 0.000000
7.520003 40.148297 0.000000 0.000000
11.401379 40.148297 0.000000 0.000000
15.282755 40.148297 0.000000 0.000000
19.164131 40.148297 0.000000 0.000000
23.045507 40.148297 0.000000 0.000000
26.926883 40.148297 0.000000 0.000000
30.808259 40.148297 0.000000 0.000000
34.689635 40.148297 0.000000 0.000000
38.571011 40.148297 0.000000 0.000000
42.452387 40.148297 10.734471 -0.712264
46.333763 40.148297 10.886409 -0.670132
50.215140 40.148297 10.435640 -0.499880
54.096516 40.148297 10.634782 -0.454240
57.977892 40.148297 9.935652 -0.945663
61.859268 40.148297 9.673605 -0.575185
65.740644 40.148297 0.000000 0.000000
69.622020 40.148297 8.088081 -1.306459
73.503396 40.148297 8.719852 0.011452
77.384772 40.148297 10.208053 -0.574221
81.266148 40.148297 10.203645 -1.489118
85.147524 40.148297 9.431840 -1.286856
89.028900 40.148297 7.062071 -0.489963
92.910276 40.148297 0.000000 0.000000
96.791652 40.148297 8.288864 3.144439
100.673028 40.148297 8.558911 -0.935915
104.554404 40.148297 9.009473 -1.632935
108.435780 40.148297 9.117108 -1.216172
112.317156 40.148297 8.257789 -1.430416
116.198532 40.148297 8.787558 3.122633
120.079908 40.148297 8.135345 2.927552
123.961284 40.148297 9.006956 -0.892752
127.842660 40.148297 9.347374 -1.122311
131.724036 40.148297 8.825271 -1.626596
135.605412 40.148297 9.263277 -1.580036
139.486788 40.148297 0.000000 0.000000
-54.582013 36.266921 0.000000 0.000000
-50.700637 36.266921 9.181846 0.784463
-46.819261 36.266921 8.658280 1.129171
-42.937885 36.266921 0.000000 0.000000
-39.056509 36.266921 6.722227 1.230862
-35.175133 36.266921 0.000000 0.000000
-31.293757 36.266921 0.000000 0.000000
-27.412381 36.266921 0.000000 0.000000
-23.531005 36.266921 0.000000 0.000000
-19.649629 36.266921 0.000000 0.000000
-15.768253 36.266921 0.000000 0.000000
-11.886877 36.266921 0.000000 0.000000
-8.005501 36.266921 0.000000 0.000000
-4.124125 36.266921 0.000000 0.000000
-0.242749 36.266921 0.000000 0.000000
3.638627 36.266921 0.000000 0.000000
7.520003 36.266921 0.000000 0.000000
11.401379 36.266921 0.000000 0.000000
15.282755 36.266921 0.000000 0.000000
19.164131 36.266921 0.000000 0.000000
23.045507 36.266921 0.000000 0.000000
26.926883 36.266921 0.000000 0.000000
30.808259 36.266921 0.000000 0.000000
34.689635 36.266921 0.000000 0.000000
38.571011 36.266921 0.000000 0.000000
42.452387 36.266921 0.000000 0.000000
46.333763 36.266921 0.000000 0.000000
50.215140 36.266921 0.000000 0.000000
54.096516 36.266921 0.000000 0.000000
57.977892 36.266921 0.000000 0.000000
61.859268 36.266921 0.000000 0.000000
65.740644 36.266921 0.000000 0.000000
69.622020 36.266921 6.203190 -2.285407
73.503396 36.266921 6.615777 0.820508
77.384772 36.266921 7.602954 0.759113
81.266148 36.266921 10.510807 -2.886317
85.147524 36.266921 8.973826 -2.109595
89.028900 36.266921 9.082739 -2.718281
92.910276 36.266921 9.621012 1.028976
96.791652 36.266921 8.455894 3.153520
100.673028 36.266921 7.879868 1.248764
104.554404 36.266921 8.718187 -1.322780
108.435780 36.266921 9.018033 -1.284654
112.317156 36.266921 9.541901 -1.540582
116.198532 36.266921 10.470701 0.708749
120.079908 36.266921 9.048161 2.226424
123.961284 36.266921 7.926823 0.350574
127.842660 36.266921 8.712558 -0.945168
131.724036 36.266921 9.221061 -1.082636
135.605412 36.266921 9.029723 -0.920381
139.486788 36.266921 9.734836 1.487562
-54.582013 32.385545 0.000000 0.000000
-50.700637 32.385545 0.000000 0.000000
-46.819261 32.385545 0.000000 0.000000
-42.937885 32.385545 0.000000 0.000000
-39.056509 32.385545 0.000000 0.000000
-35.175133 32.385545 0.000000 0.000000
-31.293757 32.385545 0.000000 0.000000
-27.412381 32.385545 0.000000 0.000000
-23.531005 32.385545 0.000000 0.000000
-19.649629 32.385545 0.000000 0.000000
-15.768253 32.385545 0.000000 0.000000
-11.886877 32.385545 0.000000 0.000000
-8.005501 32.385545 0.000000 0.000000
-4.124125 32.385545 0.000000 0.000000
-0.242749 32.385545 0.000000 0.000000
3.638627 32.385545 0.000000 0.000000
7.520003 32.385545 0.000000 0.000000
11.401379 32.385545 0.000000 0.000000
15.282755 32.385545 0.000000 0.000000
19.164131 32.385545 0.000000 0.000000
23.045507 32.385545 0.000000 0.000000
26.926883 32.385545 0.000000 0.000000
30.808259 32.385545 0.000000 0.000000
34.689635 32.385545 0.000000 0.000000
38.571011 32.385545 0.000000 0.000000
42.452387 32.385545 0.000000 0.000000
46.333763 32.385545 0.000000 0.000000
50.215140 32.385545 0.000000 0.000000
54.096516 32.385545 0.000000 0.000000
57.977892 32.385545 0.000000 0.000000
61.859268 32.385545 0.000000 0.000000
65.740644 32.385545 0.000000 0.000000
69.622020 32.385545 0.000000 0.000000
73.503396 32.385545 0.000000 0.000000
77.384772 32.385545 8.788153 1.221624
81.266148 32.385545 8.340673 0.248994
85.147524 32.385545 8.372032 -1.012644
89.028900 32.385545 9.046562 -1.210251
92.910276 32.385545 10.253459 0.297100
96.791652 32.385545 9.333872 1.784181
100.673028 32.385545 8.235240 0.737237
104.554404 32.385545 8.711271 -0.791162
108.435780 32.385545 9.052642 -1.004038
112.317156 32.385545 9.729709 -0.989286
116.198532 32.385545 11.078989 0.609181
120.079908 32.385545 9.631296 0.631340
123.961284 32.385545 8.918544 0.595903
127.842660 32.385545 8.711934 -0.179083
131.724036 32.385545 9.398499 -0.245901
135.605412 32.385545 10.611101 -0.049923
139.486788 32.385545 10.804163 0.980610
-54.582013 28.504169 0.000000 0.000000
-50.700637 28.504169 0.000000 0.000000
-46.819261 28.504169 0.000000 0.000000
-42.937885 28.504169 0.000000 0.000000
-39.056509 28.504169 0.000000 0.000000
-35.175133 28.504169 0.000000 0.000000
-31.293757 28.504169 0.000000 0.000000
-27.412381 28.504169 0.000000 0.000000
-23.531005 28.504169 0.000000 0.000000
-19.649629 28.504169 0.000000 0.000000
-15.768253 28.504169 0.000000 0.000000
-11.886877 28.504169 0.000000 0.000000
-8.005501 28.504169 0.000000 0.000000
-4.124125 28.504169 0.000000 0.000000
-0.242749 28.504169 0.000000 0.000000
3.638627 28.504169 0.000000 0.000000
7.520003 28.504169 0.000000 0.000000
11.401379 28.504169 0.000000 0.000000
15.282755 28.504169 0.000000 0.000000
19.164131 28.504169 0.000000 0.000000
23.045507 28.504169 0.000000 0.000000
26.926883 28.504169 0.000000 0.000000
30.808259 28.504169 0.000000 0.000000
34.689635 28.504169 0.000000 0.000000
38.571011 28.504169 0.000000 0.000000
42.452387 28.504169 0.000000 0.000000
46.333763 28.504169 0.000000 0.000000
50.215140 28.504169 0.000000 0.000000
54.096516 28.504169 0.000000 0.000000
57.977892 28.504169 0.000000 0.000000
61.859268 28.504169 0.000000 0.000000
65.740644 28.504169 0.000000 0.000000
69.622020 28.504169 0.000000 0.000000
73.503396 28.504169 0.000000 0.000000
77.384772 28.504169 0.000000 0.000000
81.266148 28.504169 8.861972 -0.180013
85.147524 28.504169 9.490754 0.328395
89.028900 28.504169 10.082141 -0.257840
92.910276 28.504169 9.660878 0.257284
96.791652 28.504169 9.138858 0.703417
100.673028 28.504169 9.325458 0.132024
104.554404 28.504169 9.815573 -0.303678
108.435780 28.504169 9.620672 -0.102811
112.317156 28.504169 9.993655 -0.406423
116.198532 28.504169 9.834960 0.448971
120.079908 28.504169 9.723742 0.199838
123.961284 28.504169 9.184813 0.231198
127.842660 28.504169 9.810319 0.008110
131.724036 28.504169 9.969758 -0.126706
135.605412 28.504169 10.284373 0.038058
139.486788 28.504169 10.204160 0.404361
-54.582013 24.622793 0.000000 0.000000
-50.700637 24.622793 0.000000 0.000000
-46.819261 24.622793 0.000000 0.000000
-42.937885 24.622793 0.000000 0.000000
-39.056509 24.622793 0.000000 0.000000
-35.175133 24.622793 0.000000 0.000000
-31.293757 24.622793 0.000000 0.000000
-27.412381 24.622793 0.000000 0.000000
-23.531005 24.622793 0.000000 0.000000
-19.649629 24.622793 0.000000 0.000000
-15.768253 24.622793 0.000000 0.000000
-11.886877 24.622793 0.000000 0.000000
-8.005501 24.622793 0.000000 0.000000
-4.124125 24.622793 0.000000 0.000000
-0.242749 24.622793 0.000000 0.000000
3.638627 24.622793 0.000000 0.000000
7.520003 24.622793 0.000000 0.000000
11.401379 24.622793 0.000000 0.000000
15.282755 24.622793 0.000000 0.000000
19.164131 24.622793 0.000000 0.000000
23.045507 24.622793 0.000000 0.000000
26.926883 24.622793 0.000000 0.000000
30.808259 24.622793 0.000000 0.000000
34.689635 24.622793 0.000000 0.000000
38.571011 24.622793 0.000000 0.000000
42.452387 24.622793 0.000000 0.000000
46.333763 24.622793 0.000000 0.000000
50.215140 24.622793 0.000000 0.000000
54.096516 24.622793 0.000000 0.000000
57.977892 24.622793 0.000000 0.000000
61.859268 24.622793 0.000000 0.000000
65.740644 24.622793 0.000000 0.000000
69.622020 24.622793 9.824789 0.803358
73.503396 24.622793 9.676973 0.434942
77.384772 24.622793 9.319849 0.646555
81.266148 24.622793 9.355795 0.599079
85.147524 24.622793 9.533143 0.187939
89.028900 24.622793 9.713169 0.314033
92.910276 24.622793 9.940525 0.169789
96.791652 24.622793 10.157323 0.142325
100.673028 24.622793 9.820163 0.221753
104.554404 24.622793 9.695993 0.179670
108.435780 24.622793 10.107775 0.135772
112.317156 24.622793 9.724079 0.117923
116.198532 24.622793 9.964582 -0.234400
120.079908 24.622793 9.506732 0.135605
123.961284 24.622793 0.000000 0.000000
127.842660 24.622793 9.768112 0.020655
131.724036 24.622793 9.918433 0.057458
135.605412 24.622793 10.236984 0.187961
139.486788 24.622793 9.852690 0.221813
-54.582013 20.741417 0.000000 0.000000
-50.700637 20.741417 9.204024 0.017057
-46.819261 20.741417 9.667581 -1.069038
-42.937885 20.741417 9.285813 -0.694149
-39.056509 20.741417 8.760779 -1.765670
-35.175133 20.741417 8.660461 -1.334446
-31.293757 20.741417 0.000000 0.000000
-27.412381 20.741417 0.000000 0.000000
-23.531005 20.741417 0.000000 0.000000
-19.649629 20.741417 0.000000 0.000000
-15.768253 20.741417 0.000000 0.000000
-11.886877 20.741417 0.000000 0.000000
-8.005501 20.741417 0.000000 0.000000
-4.124125 20.741417 0.000000 0.000000
-0.242749 20.741417 0.000000 0.000000
3.638627 20.741417 0.000000 0.000000
7.520003 20.741417 0.000000 0.000000
11.401379 20.741417 10.873345 0.347068
15.282755 20.741417 10.664502 0.443466
19.164131 20.741417 10.810240 0.514308
23.045507 20.741417 10.589219 0.344557
26.926883 20.741417 10.408011 -0.052931
30.808259 20.741417 10.115270 0.909730
34.689635 20.741417 10.582337 0.478983
38.571011 20.741417 10.354123 0.559776
42.452387 20.741417 10.360330 0.516043
46.333763 20.741417 10.113774 0.914556
50.215140 20.741417 10.260214 0.663171
54.096516 20.741417 9.944076 0.672259
57.977892 20.741417 9.965110 0.670647
61.859268 20.741417 9.723107 0.519813
65.740644 20.741417 9.913038 0.972177
69.622020 20.741417 9.771262 0.590699
73.503396 20.741417 10.310707 0.605544
77.384772 20.741417 9.848958 0.608152
81.266148 20.741417 9.496380 0.405923
85.147524 20.741417 9.657413 0.149829
89.028900 20.741417 9.546901 0.109138
92.910276 20.741417 9.690641 0.001365
96.791652 20.741417 10.051338 -0.183317
100.673028 20.741417 9.281393 -0.113162
104.554404 20.741417 9.876957 -0.031203
108.435780 20.741417 9.681283 0.152269
112.317156 20.741417 9.655301 0.168346
116.198532 20.741417 9.816945 0.090147
120.079908 20.741417 9.957546 0.057467
123.961284 20.741417 10.055412 -0.006635
127.842660 20.741417 9.890730 0.348754
131.724036 20.741417 10.100599 0.176060
135.605412 20.741417 10.089779 0.034340
139.486788 20.741417 9.883611 -0.147432
-54.582013 16.860041 0.000000 0.000000
-50.700637 16.860041 9.387285 0.285041
-46.819261 16.860041 10.232215 -0.931566
-42.937885 16.860041 0.000000 0.000000
-39.056509 16.860041 9.359484 -0.787006
-35.175133 16.860041 9.876044 -0.638644
-31.293757 16.860041 10.007401 -0.913248
-27.412381 16.860041 9.943699 -0.870242
-23.531005 16.860041 10.357421 -0.831767
-19.649629 16.860041 10.495717 -0.731297
-15.768253 16.860041 10.474837 -0.668918
-11.886877 16.860041 10.688199 -0.393250
-8.005501 16.860041 10.864452 -0.403034
-4.124125 16.860041 10.841197 -0.381174
-0.242749 16.860041 11.012685 -0.071300
3.638627 16.860041 10.793379 0.027223
7.520003 16.860041 10.937938 0.149360
11.401379 16.860041 10.696102 0.231723
15.282755 16.860041 10.680198 0.353507
19.164131 16.860041 10.794323 -0.049566
23.045507 16.860041 10.438997 0.712714
26.926883 16.860041 10.601832 0.375876
30.808259 16.860041 10.407688 0.563038
34.689635 16.860041 10.341618 0.633392
38.571011 16.860041 10.448276 0.320513
42.452387 16.860041 10.225173 0.571962
46.333763 16.860041 10.293519 0.640088
50.215140 16.860041 9.912745 0.612218
54.096516 16.860041 10.436517 0.730754
57.977892 16.860041 9.981279 0.804665
61.859268 16.860041 9.887327 0.595709
65.740644 16.860041 9.977081 0.623722
69.622020 16.860041 9.930285 0.512698
73.503396 16.860041 9.668611 0.729311
77.384772 16.860041 9.757032 0.664095
81.266148 16.860041 9.806667 0.250453
85.147524 16.860041 9.743152 0.295973
89.028900 16.860041 9.688470 0.108763
92.910276 16.860041 9.766708 0.243873
96.791652 16.860041 9.668337 0.169364
100.673028 16.860041 9.483348 0.340390
104.554404 16.860041 9.443691 0.092892
108.435780 16.860041 9.812864 0.360146
112.317156 16.860041 9.089149 0.448687
116.198532 16.860041 9.777737 0.019325
120.079908 16.860041 9.911427 0.081174
123.961284 16.860041 9.684954 0.259387
127.842660 16.860041 9.572988 0.171159
131.724036 16.860041 9.675891 -0.009874
135.605412 16.860041 9.957524 0.021241
139.486788 16.860041 9.869061 0.101610
-54.582013 12.978665 0.000000 0.000000
-50.700637 12.978665 9.132241 -0.911598
-46.819261 12.978665 9.780226 -0.348025
-42.937885 12.978665 10.015710 -0.613367
-39.056509 12.978665 10.095152 -0.614190
-35.175133 12.978665 9.654030 -0.641078
-31.293757 12.978665 9.823065 -0.543325
-27.412381 12.978665 10.090331 -0.306425
-23.531005 12.978665 10.069602 0.014108
-19.649629 12.978665 10.352007 -0.778660
-15.768253 12.978665 10.700047 -0.723836
-11.886877 12.978665 10.696919 -0.276547
-8.005501 12.978665 10.941476 -0.233418
-4.124125 12.978665 10.704566 -0.198187
-0.242749 12.978665 10.686481 -0.033576
3.638627 12.978665 10.669789 0.071021
7.520003 12.978665 10.773486 0.133064
11.401379 12.978665 10.696176 0.406616
15.282755 12.978665 10.478268 0.257864
19.164131 12.978665 10.656868 0.309922
23.045507 12.978665 10.764920 0.561275
26.926883 12.978665 10.226391 0.113186
30.808259 12.978665 10.140885 0.378160
34.689635 12.978665 10.453053 0.426623
38.571011 12.978665 10.150552 0.390526
42.452387 12.978665 10.188610 0.380123
46.333763 12.978665 10.262565 0.597106
50.215140 12.978665 10.087564 0.623710
54.096516 12.978665 10.014295 0.651055
57.977892 12.978665 10.080309 0.495864
61.859268 12.978665 10.024325 0.609087
65.740644 12.978665 10.029400 0.668341
69.622020 12.978665 9.963444 0.481841
73.503396 12.978665 10.063491 0.351743
77.384772 12.978665 10.003103 0.551381
81.266148 12.978665 9.277858 0.583094
85.147524 12.978665 10.077332 0.519116
89.028900 12.978665 10.066906 0.317692
92.910276 12.978665 10.180498 0.255337
96.791652 12.978665 9.566729 0.036949
100.673028 12.978665 9.381440 0.000349
104.554404 12.978665 9.773560 0.296878
108.435780 12.978665 10.102796 0.044599
112.317156 12.978665 9.874662 0.223599
116.198532 12.978665 9.829234 0.010816
120.079908 12.978665 9.756798 0.163148
123.961284 12.978665 9.952534 0.226905
127.842660 12.978665 9.771653 0.217901
131.724036 12.978665 9.946318 -0.098601
135.605412 12.978665 9.838759 0.119170
139.486788 12.978665 9.977837 0.142143
-54.582013 9.097289 0.000000 0.000000
-50.700637 9.097289 10.059262 0.083654
-46.819261 9.097289 8.855910 0.270585
-42.937885 9.097289 9.962577 -0.481182
-39.056509 9.097289 10.053741 -0.255411
-35.175133 9.097289 10.072526 -0.359334
-31.293757 9.097289 10.151299 -0.808549
-27.412381 9.097289 10.078652 -0.583008
-23.531005 9.097289 10.089856 -0.432849
-19.649629 9.097289 10.584746 -0.554279
-15.768253 9.097289 10.567493 -0.464760
-11.886877 9.097289 10.632040 -0.202076
-8.005501 9.097289 10.439666 -0.277190
-4.124125 9.097289 10.603359 -0.021960
-0.242749 9.097289 10.464020 -0.342998
3.638627 9.097289 10.640726 0.154459
7.520003 9.097289 10.619689 0.041650
11.401379 9.097289 10.652717 0.009143
15.282755 9.097289 10.600296 0.369907
19.164131 9.097289 10.542810 0.226815
23.045507 9.097289 10.545247 0.367482
26.926883 9.097289 10.341269 0.300484
30.808259 9.097289 10.415877 0.350202
34.689635 9.097289 10.217952 0.375280
38.571011 9.097289 10.217942 0.568977
42.452387 9.097289 10.261081 0.373735
46.333763 9.097289 10.121850 0.512976
50.215140 9.097289 10.227465 0.609175
54.096516 9.097289 10.062778 0.554310
57.977892 9.097289 10.271375 0.453613
61.859268 9.097289 10.029610 0.523989
65.740644 9.097289 10.103286 0.464147
69.622020 9.097289 9.857891 0.512905
73.503396 9.097289 10.066493 0.562645
77.384772 9.097289 9.855423 0.421979
81.266148 9.097289 9.810618 0.148980
85.147524 9.097289 9.988238 0.329674
89.028900 9.097289 9.765259 0.470435
92.910276 9.097289 9.785131 0.316533
96.791652 9.097289 9.659009 0.221951
100.673028 9.097289 9.636207 -0.345964
104.554404 9.097289 9.844380 0.221105
108.435780 9.097289 9.967102 0.446678
112.317156 9.097289 9.928640 0.069734
116.198532 9.097289 10.043565 0.593179
120.079908 9.097289 9.920253 0.311630
123.961284 9.097289 9.812013 0.140171
127.842660 9.097289 9.863637 -0.001726
131.724036 9.097289 9.931059 0.285949
135.605412 9.097289 10.004004 0.123136
139.486788 9.097289 9.644727 0.200772
-54.582013 5.215913 0.000000 0.000000
-50.700637 5.215913 0.000000 0.000000
-46.819261 5.215913 10.083385 0.105327
-42.937885 5.215913 10.033185 -0.790632
-39.056509 5.215913 10.391817 0.163185
-35.175133 5.215913 10.106324 -0.790044
-31.293757 5.215913 10.104295 -0.455896
-27.412381 5.215913 10.360400 -0.695702
-23.531005 5.215913 10.270650 -0.346194
-19.649629 5.215913 10.382634 -0.210770
-15.768253 5.215913 10.465330 -0.126848
-11.886877 5.215913 10.668704 -0.346778
-8.005501 5.215913 10.374250 -0.262475
-4.124125 5.215913 10.572988 -0.061494
-0.242749 5.215913 10.575267 -0.185416
3.638627 5.215913 10.615969 0.311720
7.520003 5.215913 10.502913 0.166227
11.401379 5.215913 10.668244 0.142842
15.282755 5.215913 10.428793 0.417407
19.164131 5.215913 10.655391 -0.026860
23.045507 5.215913 10.588633 0.261463
26.926883 5.215913 10.443204 0.411053
30.808259 5.215913 10.428176 0.331843
34.689635 5.215913 10.441851 0.362319
38.571011 5.215913 10.161253 0.339454
42.452387 5.215913 9.436566 0.642255
46.333763 5.215913 10.398320 0.300745
50.215140 5.215913 10.200159 0.397601
54.096516 5.215913 10.260233 0.500983
57.977892 5.215913 10.148377 0.471854
61.859268 5.215913 10.205376 0.526237
65.740644 5.215913 9.955070 0.378573
69.622020 5.215913 9.887266 0.463367
73.503396 5.215913 9.980247 0.228425
77.384772 5.215913 9.676064 0.345645
81.266148 5.215913 9.900317 0.234194
85.147524 5.215913 9.965677 0.322214
89.028900 5.215913 9.774488 0.402347
92.910276 5.215913 10.003591 0.069448
96.791652 5.215913 9.726664 0.217887
100.673028 5.215913 9.921302 0.401967
104.554404 5.215913 9.773017 0.167329
108.435780 5.215913 9.959715 0.136121
112.317156 5.215913 9.825317 0.148438
116.198532 5.215913 9.764339 0.316225
120.079908 5.215913 10.000937 0.181084
123.961284 5.215913 9.938964 0.044234
127.842660 5.215913 9.831465 0.233382
131.724036 5.215913 9.869246 0.293556
135.605412 5.215913 10.085395 0.173078
139.486788 5.215913 9.822960 0.137248
-54.582013 1.334537 0.000000 0.000000
-50.700637 1.334537 0.000000 0.000000
-46.819261 1.334537 0.000000 0.000000
-42.937885 1.334537 9.866611 -0.593607
-39.056509 1.334537 9.800273 -0.351521
-35.175133 1.334537 9.910653 -0.320701
-31.293757 1.334537 10.032750 -0.228475
-27.412381 1.334537 10.156446 -0.465517
-23.531005 1.334537 10.221363 -0.487853
-19.649629 1.334537 10.148251 -0.352880
-15.768253 1.334537 10.485800 -0.166210
-11.886877 1.334537 10.576633 -0.040247
-8.005501 1.334537 10.374429 0.064742
-4.124125 1.334537 10.656295 -0.095337
-0.242749 1.334537 10.450787 -0.270927
3.638627 1.334537 10.416957 0.035657
7.520003 1.334537 10.621173 0.066019
11.401379 1.334537 10.463178 -0.111841
15.282755 1.334537 10.631231 -0.144967
19.164131 1.334537 10.402749 0.212007
23.045507 1.334537 10.509925 0.261763
26.926883 1.334537 10.384189 0.378800
30.808259 1.334537 10.387564 0.235739
34.689635 1.334537 10.266165 0.444518
38.571011 1.334537 10.220469 0.468387
42.452387 1.334537 10.526234 0.551164
46.333763 1.334537 10.245078 0.297665
50.215140 1.334537 10.273941 0.318261
54.096516 1.334537 9.918088 0.395877
57.977892 1.334537 10.085491 0.590487
61.859268 1.334537 10.170695 0.461115
65.740644 1.334537 10.088477 0.459576
69.622020 1.334537 9.942894 0.389635
73.503396 1.334537 9.786907 0.459866
77.384772 1.334537 9.896285 0.238363
81.266148 1.334537 9.669626 0.289043
85.147524 1.334537 10.002542 0.294754
89.028900 1.334537 9.822902 0.244811
92.910276 1.334537 9.967069 0.365729
96.791652 1.334537 9.942481 0.215089
100.673028 1.334537 9.954295 0.185436
104.554404 1.334537 9.806112 0.397058
108.435780 1.334537 9.840632 0.144585
112.317156 1.334537 9.722198 0.160873
116.198532 1.334537 9.864875 0.289296
120.079908 1.334537 9.653915 0.198487
123.961284 1.334537 9.865106 0.312246
127.842660 1.334537 9.887442 0.233836
131.724036 1.334537 9.990132 0.109571
135.605412 1.334537 9.945069 0.267754
139.486788 1.334537 9.916533 0.196546
-54.582013 -2.546839 0.000000 0.000000
-50.700637 -2.546839 0.000000 0.000000
-46.819261 -2.546839 10.157934 -0.374020
-42.937885 -2.546839 10.508630 0.153888
-39.056509 -2.546839 10.297837 -0.915076
-35.175133 -2.546839 10.397197 -0.792580
-31.293757 -2.546839 10.105384 0.147942
-27.412381 -2.546839 10.133633 -0.243150
-23.531005 -2.546839 10.129200 -0.358529
-19.649629 -2.546839 10.385180 0.147255
-15.768253 -2.546839 10.448815 -0.283478
-11.886877 -2.546839 10.423154 -0.220578
-8.005501 -2.546839 10.272325 -0.147753
-4.124125 -2.546839 10.506165 -0.191411
-0.242749 -2.546839 10.446712 -0.354871
3.638627 -2.546839 10.329952 0.158825
7.520003 -2.546839 10.482515 0.239922
11.401379 -2.546839 10.291385 0.176252
15.282755 -2.546839 10.517276 0.170036
19.164131 -2.546839 10.494909 0.325443
23.045507 -2.546839 10.298519 -0.063900
26.926883 -2.546839 10.340356 0.242055
30.808259 -2.546839 10.168190 0.467434
34.689635 -2.546839 10.345408 0.540659
38.571011 -2.546839 10.242857 0.515041
42.452387 -2.546839 10.236243 0.445012
46.333763 -2.546839 10.162163 0.594976
50.215140 -2.546839 10.188367 0.410055
54.096516 -2.546839 10.034012 0.246457
57.977892 -2.546839 10.113792 0.413559
61.859268 -2.546839 10.049178 0.487509
65.740644 -2.546839 9.968311 0.363656
69.622020 -2.546839 9.866580 0.348486
73.503396 -2.546839 9.864896 0.453501
77.384772 -2.546839 9.959455 0.345292
81.266148 -2.546839 9.935765 0.365457
85.147524 -2.546839 9.835228 0.313794
89.028900 -2.546839 10.019937 0.235138
92.910276 -2.546839 10.051785 0.146345
96.791652 -2.546839 9.941694 0.239376
100.673028 -2.546839 9.837461 0.262478
104.554404 -2.546839 9.930812 0.228573
108.435780 -2.546839 10.034165 0.344362
112.317156 -2.546839 9.911699 0.259207
116.198532 -2.546839 9.988615 0.146855
120.079908 -2.546839 9.946324 0.187387
123.961284 -2.546839 9.781836 0.263643
127.842660 -2.546839 9.862694 0.182600
131.724036 -2.546839 9.839339 0.064824
135.605412 -2.546839 9.939233 0.237237
139.486788 -2.546839 9.730693 0.171073
-54.582013 -6.428215 0.000000 0.000000
-50.700637 -6.428215 0.000000 0.000000
-46.819261 -6.428215 9.506414 0.432328
-42.937885 -6.428215 10.062603 -0.442470
-39.056509 -6.428215 10.110656 -0.404233
-35.175133 -6.428215 9.538526 -0.332740
-31.293757 -6.428215 10.333965 -0.079974
-27.412381 -6.428215 10.275603 0.221152
-23.531005 -6.428215 10.241093 -0.193322
-19.649629 -6.428215 10.165131 -0.362913
-15.768253 -6.428215 10.367769 -0.108468
-11.886877 -6.428215 10.385842 -0.228610
-8.005501 -6.428215 10.260951 -0.142500
-4.124125 -6.428215 10.326907 -0.356794
-0.242749 -6.428215 10.454343 -0.004690
3.638627 -6.428215 10.464661 -0.236607
7.520003 -6.428215 10.465160 0.222725
11.401379 -6.428215 10.349318 0.159204
15.282755 -6.428215 10.303902 0.265284
19.164131 -6.428215 10.187213 0.284057
23.045507 -6.428215 10.150376 0.305085
26.926883 -6.428215 10.426276 0.259025
30.808259 -6.428215 10.322447 0.348606
34.689635 -6.428215 10.244763 0.236644
38.571011 -6.428215 10.200551 0.187722
42.452387 -6.428215 10.237576 0.491308
46.333763 -6.428215 10.248137 0.440456
50.215140 -6.428215 10.096093 0.409779
54.096516 -6.428215 10.143294 0.545111
57.977892 -6.428215 10.234812 0.534030
61.859268 -6.428215 10.051177 0.505742
65.740644 -6.428215 10.159732 0.431333
69.622020 -6.428215 9.779603 0.305682
73.503396 -6.428215 10.010155 0.443215
77.384772 -6.428215 10.069827 0.425734
81.266148 -6.428215 9.896405 0.339833
85.147524 -6.428215 9.946846 0.293035
89.028900 -6.428215 9.819616 0.214238
92.910276 -6.428215 9.949243 0.203969
96.791652 -6.428215 9.995315 0.331455
100.673028 -6.428215 9.942978 -0.006498
104.554404 -6.428215 9.887259 0.247328
108.435780 -6.428215 9.905206 0.136958
112.317156 -6.428215 9.898704 0.355870
116.198532 -6.428215 9.906517 0.241174
120.079908 -6.428215 9.951029 0.195053
123.961284 -6.428215 9.642040 0.197300
127.842660 -6.428215 10.004887 0.170249
131.724036 -6.428215 9.846839 0.396213
135.605412 -6.428215 9.839256 0.158999
139.486788 -6.428215 10.109224 0.201854
-54.582013 -10.309591 0.000000 0.000000
-50.700637 -10.309591 10.325583 0.042418
-46.819261 -10.309591 9.841705 0.317918
-42.937885 -10.309591 10.050545 -0.215892
-39.056509 -10.309591 10.042541 -0.170335
-35.175133 -10.309591 9.975937 -0.263569
-31.293757 -10.309591 9.933279 -0.479264
-27.412381 -10.309591 10.054537 -0.349302
-23.531005 -10.309591 9.964181 -0.043657
-19.649629 -10.309591 10.117682 0.062314
-15.768253 -10.309591 10.419083 -0.241398
-11.886877 -10.309591 10.467961 0.214751
-8.005501 -10.309591 10.498666 -0.368841
-4.124125 -10.309591 10.363683 0.213642
-0.242749 -10.309591 10.348463 0.121826
3.638627 -10.309591 10.272198 0.145023
7.520003 -10.309591 10.441011 0.272044
11.401379 -10.309591 10.382474 0.186052
15.282755 -10.309591 10.353818 0.160756
19.164131 -10.309591 10.382874 0.202812
23.045507 -10.309591 10.364485 0.309042
26.926883 -10.309591 10.287007 0.225176
30.808259 -10.309591 10.280660 0.363485
34.689635 -10.309591 10.331423 0.303265
38.571011 -10.309591 10.176688 0.257876
42.452387 -10.309591 10.195174 0.303297
46.333763 -10.309591 10.150136 0.447591
50.215140 -10.309591 10.031461 0.332586
54.096516 -10.309591 10.123765 0.334154
57.977892 -10.309591 10.080105 0.306063
61.859268 -10.309591 10.216276 0.285363
65.740644 -10.309591 10.088985 0.272855
69.622020 -10.309591 9.987751 0.210528
73.503396 -10.309591 10.019917 0.336358
77.384772 -10.309591 9.815721 0.387002
81.266148 -10.309591 9.988291 0.522715
85.147524 -10.309591 9.732278 0.363483
89.028900 -10.309591 10.097771 0.355682
92.910276 -10.309591 9.888786 0.255746
96.791652 -10.309591 9.906829 0.201376
100.673028 -10.309591 9.905326 0.146820
104.554404 -10.309591 9.846943 0.290849
108.435780 -10.309591 9.957447 0.332170
112.317156 -10.309591 10.012366 0.327225
116.198532 -10.309591 9.902430 0.220649
120.079908 -10.309591 9.773131 0.096480
123.961284 -10.309591 9.796861 0.224847
127.842660 -10.309591 9.844701 0.184651
131.724036 -10.309591 9.914260 0.341252
135.605412 -10.309591 9.764831 0.005585
139.486788 -10.309591 9.941512 0.171608
-54.582013 -14.190967 0.000000 0.000000
-50.700637 -14.190967 0.000000 0.000000
-46.819261 -14.190967 0.000000 0.000000
-42.937885 -14.190967 10.594586 -0.579081
-39.056509 -14.190967 10.373813 -0.474071
-35.175133 -14.190967 9.943316 0.099571
-31.293757 -14.190967 9.957593 0.286323
-27.412381 -14.190967 10.165078 -0.284219
-23.531005 -14.190967 10.192762 -0.279963
-19.649629 -14.190967 10.211745 -0.085656
-15.768253 -14.190967 10.046822 0.022931
-11.886877 -14.190967 10.282627 -0.028022
-8.005501 -14.190967 10.154676 -0.317678
-4.124125 -14.190967 10.355103 -0.012798
-0.242749 -14.190967 10.249023 -0.125838
3.638627 -14.190967 10.307323 -0.131602
7.520003 -14.190967 10.357485 -0.115966
11.401379 -14.190967 10.338361 0.125292
15.282755 -14.190967 10.260378 0.245389
19.164131 -14.190967 10.154831 0.256368
23.045507 -14.190967 10.442273 0.120412
26.926883 -14.190967 10.336720 0.300640
30.808259 -14.190967 10.276751 0.228435
34.689635 -14.190967 10.316062 0.261042
38.571011 -14.190967 10.115193 0.498237
42.452387 -14.190967 10.187213 0.215245
46.333763 -14.190967 10.187118 0.340250
50.215140 -14.190967 10.062770 0.152785
54.096516 -14.190967 10.164615 0.469553
57.977892 -14.190967 10.130332 0.330579
61.859268 -14.190967 10.137822 0.299261
65.740644 -14.190967 10.226653 0.374910
69.622020 -14.190967 10.013396 0.282749
73.503396 -14.190967 10.009532 0.265216
77.384772 -14.190967 10.158924 0.271533
81.266148 -14.190967 9.883404 0.343647
85.147524 -14.190967 9.969897 0.344258
89.028900 -14.190967 10.007703 0.248232
92.910276 -14.190967 9.812886 0.348558
96.791652 -14.190967 10.126504 0.280715
100.673028 -14.190967 9.974922 0.288277
104.554404 -14.190967 9.744339 0.226959
108.435780 -14.190967 9.876932 0.215596
112.317156 -14.190967 9.795488 0.122048
116.198532 -14.190967 9.910480 0.208714
120.079908 -14.190967 9.929251 0.257588
123.961284 -14.190967 9.932641 0.324703
127.842660 -14.190967 9.847884 0.303398
131.724036 -14.190967 9.854488 0.216155
135.605412 -14.190967 9.949582 0.203731
139.486788 -14.190967 10.081567 0.266811
-54.582013 -18.072343 0.000000 0.000000
-50.700637 -18.072343 0.000000 0.000000
-46.819261 -18.072343 0.000000 0.000000
-42.937885 -18.072343 10.558600 0.376005
-39.056509 -18.072343 10.276343 -0.215817
-35.175133 -18.072343 9.873199 -0.566917
-31.293757 -18.072343 10.058849 -0.147673
-27.412381 -18.072343 9.823839 -0.091453
-23.531005 -18.072343 10.029575 -0.172473
-19.649629 -18.072343 10.072329 -0.299189
-15.768253 -18.072343 10.114712 -0.265407
-11.886877 -18.072343 10.146891 -0.037023
-8.005501 -18.072343 10.227261 -0.047032
-4.124125 -18.072343 10.241287 0.063553
-0.242749 -18.072343 10.199234 0.082368
3.638627 -18.072343 10.401651 0.334215
7.520003 -18.072343 10.281880 0.155656
11.401379 -18.072343 10.244486 0.378450
15.282755 -18.072343 10.350437 0.262733
19.164131 -18.072343 10.260649 0.123062
23.045507 -18.072343 10.272852 0.302056
26.926883 -18.072343 10.241497 0.275907
30.808259 -18.072343 10.119650 0.238737
34.689635 -18.072343 10.107660 0.296944
38.571011 -18.072343 10.351177 0.337540
42.452387 -18.072343 10.212279 0.232101
46.333763 -18.072343 10.060894 0.278056
50.215140 -18.072343 10.201323 0.447746
54.096516 -18.072343 10.261532 0.433663
57.977892 -18.072343 10.132045 0.279877
61.859268 -18.072343 9.985120 0.355095
65.740644 -18.072343 10.079162 0.469226
69.622020 -18.072343 10.037151 0.302440
73.503396 -18.072343 9.961735 0.415392
77.384772 -18.072343 9.984111 0.419978
81.266148 -18.072343 9.950692 0.149287
85.147524 -18.072343 10.041384 0.249242
89.028900 -18.072343 9.914701 0.368008
92.910276 -18.072343 9.926167 0.300324
96.791652 -18.072343 10.018675 0.375990
100.673028 -18.072343 9.943480 0.291898
104.554404 -18.072343 10.057930 0.253255
108.435780 -18.072343 9.902421 0.159183
112.317156 -18.072343 9.775778 0.149290
116.198532 -18.072343 9.838618 0.261949
120.079908 -18.072343 9.790325 0.258422
123.961284 -18.072343 9.868412 0.192243
127.842660 -18.072343 9.947971 0.093205
131.724036 -18.072343 9.949381 0.336405
135.605412 -18.072343 9.878469 0.226451
139.486788 -18.072343 9.932514 -0.141261
-54.582013 -21.953719 0.000000 0.000000
-50.700637 -21.953719 0.000000 0.000000
-46.819261 -21.953719 0.000000 0.000000
-42.937885 -21.953719 10.066006 -0.877824
-39.056509 -21.953719 9.928930 -0.271640
-35.175133 -21.953719 9.899663 0.117173
-31.293757 -21.953719 10.360560 0.054755
-27.412381 -21.953719 10.014803 -0.378189
-23.531005 -21.953719 10.189912 0.049744
-19.649629 -21.953719 10.348741 -0.293951
-15.768253 -21.953719 10.315478 0.317624
-11.886877 -21.953719 10.039687 0.203827
-8.005501 -21.953719 10.236435 0.216528
-4.124125 -21.953719 10.139374 0.148621
-0.242749 -21.953719 10.128130 0.147457
3.638627 -21.953719 10.535901 0.134261
7.520003 -21.953719 10.238832 0.221948
11.401379 -21.953719 10.299423 0.210894
15.282755 -21.953719 10.268811 0.101531
19.164131 -21.953719 10.305737 0.392528
23.045507 -21.953719 10.280946 0.225202
26.926883 -21.953719 10.286949 0.438778
30.808259 -21.953719 10.231160 0.212595
34.689635 -21.953719 10.159550 0.262355
38.571011 -21.953719 10.220488 0.423870
42.452387 -21.953719 10.187420 0.182680
46.333763 -21.953719 10.236910 0.394964
50.215140 -21.953719 10.175004 0.469595
54.096516 -21.953719 10.134392 0.290774
57.977892 -21.953719 10.131196 0.327237
61.859268 -21.953719 9.981242 0.362573
65.740644 -21.953719 10.188999 0.412228
69.622020 -21.953719 10.137255 0.341036
73.503396 -21.953719 10.041516 0.148897
77.384772 -21.953719 9.928473 0.339918
81.266148 -21.953719 9.966816 0.193132
85.147524 -21.953719 9.961519 0.215747
89.028900 -21.953719 9.872429 0.335543
92.910276 -21.953719 9.997619 0.339755
96.791652 -21.953719 9.989864 0.263390
100.673028 -21.953719 9.824209 0.311290
104.554404 -21.953719 9.936148 0.179708
108.435780 -21.953719 9.969987 0.215852
112.317156 -21.953719 9.856722 0.322828
116.198532 -21.953719 9.980252 0.273935
120.079908 -21.953719 9.926752 0.108528
123.961284 -21.953719 9.919618 0.319595
127.842660 -21.953719 9.917486 0.310560
131.724036 -21.953719 9.858274 0.232122
135.605412 -21.953719 10.013412 0.197238
139.486788 -21.953719 9.766400 0.297859
-54.582013 -25.835095 0.000000 0.000000
-50.700637 -25.835095 0.000000 0.000000
-46.819261 -25.835095 0.000000 0.000000
-42.937885 -25.835095 9.506119 -0.225537
-39.056509 -25.835095 10.116016 -0.066096
-35.175133 -25.835095 10.386796 -0.319917
-31.293757 -25.835095 10.199934 0.019433
-27.412381 -25.835095 10.170288 0.100093
-23.531005 -25.835095 10.124851 -0.142575
-19.649629 -25.835095 10.208620 -0.007121
-15.768253 -25.835095 10.142270 0.104312
-11.886877 -25.835095 10.314350 -0.160452
-8.005501 -25.835095 10.142230 0.162106
-4.124125 -25.835095 10.188885 0.013404
-0.242749 -25.835095 10.451295 0.238808
3.638627 -25.835095 10.195264 0.131480
7.520003 -25.835095 10.274718 0.311674
11.401379 -25.835095 10.257728 0.242917
15.282755 -25.835095 10.251864 0.184330
19.164131 -25.835095 10.373479 0.061158
23.045507 -25.835095 10.203589 0.190615
26.926883 -25.835095 10.238832 0.194951
30.808259 -25.835095 10.243856 0.288523
34.689635 -25.835095 10.140438 0.303212
38.571011 -25.835095 10.192568 0.321523
42.452387 -25.835095 10.200699 0.316924
46.333763 -25.835095 10.135502 0.365203
50.215140 -25.835095 10.139019 0.225816
54.096516 -25.835095 10.145104 0.320176
57.977892 -25.835095 10.133864 0.369853
61.859268 -25.835095 9.963968 0.301408
65.740644 -25.835095 10.061021 0.221375
69.622020 -25.835095 9.993853 0.320935
73.503396 -25.835095 9.955745 0.263384
77.384772 -25.835095 10.159630 0.238373
81.266148 -25.835095 9.957766 0.248696
85.147524 -25.835095 9.970480 0.212382
89.028900 -25.835095 9.948286 0.334412
92.910276 -25.835095 9.959428 0.310159
96.791652 -25.835095 9.930426 0.260146
100.673028 -25.835095 10.052470 0.110641
104.554404 -25.835095 9.949159 0.248030
108.435780 -25.835095 10.040659 0.188741
112.317156 -25.835095 9.888716 0.198046
116.198532 -25.835095 9.814688 0.188885
120.079908 -25.835095 9.981257 0.180279
123.961284 -25.835095 9.837757 0.258845
127.842660 -25.835095 9.969398 0.153900
131.724036 -25.835095 9.921138 0.246811
135.605412 -25.835095 9.932916 0.189960
139.486788 -25.835095 9.817025 0.436441
-54.582013 -29.716471 0.000000 0.000000
-50.700637 -29.716471 0.000000 0.000000
-46.819261 -29.716471 0.000000 0.000000
-42.937885 -29.716471 0.000000 0.000000
-39.056509 -29.716471 10.169538 -0.510668
-35.175133 -29.716471 9.994565 0.215383
-31.293757 -29.716471 10.280872 -0.339307
-27.412381 -29.716471 10.402647 0.677213
-23.531005 -29.716471 10.229944 0.024457
-19.649629 -29.716471 10.223735 0.292186
-15.768253 -29.716471 10.184085 -0.161139
-11.886877 -29.716471 10.236728 -0.055048
-8.005501 -29.716471 10.263494 -0.027796
-4.124125 -29.716471 10.268339 0.036144
-0.242749 -29.716471 10.363833 0.146713
3.638627 -29.716471 10.193120 0.086007
7.520003 -29.716471 10.318801 0.196974
11.401379 -29.716471 10.286412 0.141849
15.282755 -29.716471 10.127911 0.149745
19.164131 -29.716471 10.231675 0.189460
23.045507 -29.716471 10.289753 0.248098
26.926883 -29.716471 10.338543 0.223636
30.808259 -29.716471 10.211918 0.311973
34.689635 -29.716471 10.363506 0.338707
38.571011 -29.716471 10.170445 0.242584
42.452387 -29.716471 10.124780 0.271616
46.333763 -29.716471 10.175001 0.224901
50.215140 -29.716471 10.218439 0.134574
54.096516 -29.716471 10.093267 0.270289
57.977892 -29.716471 10.127473 0.415973
61.859268 -29.716471 10.087076 0.264280
65.740644 -29.716471 10.112151 0.297362
69.622020 -29.716471 10.039048 0.246615
73.503396 -29.716471 10.087076 0.352587
77.384772 -29.716471 9.855960 0.328789
81.266148 -29.716471 10.111136 0.365049
85.147524 -29.716471 9.942524 0.277084
89.028900 -29.716471 10.154402 0.252348
92.910276 -29.716471 10.020229 0.323724
96.791652 -29.716471 9.850275 0.232423
100.673028 -29.716471 9.966747 0.456010
104.554404 -29.716471 10.043947 0.323119
108.435780 -29.716471 9.804758 0.174307
112.317156 -29.716471 9.958373 0.337494
116.198532 -29.716471 9.826992 0.226121
120.079908 -29.716471 9.948277 0.328084
123.961284 -29.716471 10.025747 0.092040
127.842660 -29.716471 9.889598 0.248963
131.724036 -29.716471 9.984562 0.104767
135.605412 -29.716471 9.768002 0.275284
139.486788 -29.716471 9.672822 0.325471
-54.582013 -33.597847 0.000000 0.000000
-50.700637 -33.597847 0.000000 0.000000
-46.819261 -33.597847 10.732038 -0.009963
-42.937885 -33.597847 9.390321 0.404298
-39.056509 -33.597847 9.570877 -0.510576
-35.175133 -33.597847 9.953049 -0.381371
-31.293757 -33.597847 10.199959 0.169003
-27.412381 -33.597847 10.166321 0.400459
-23.531005 -33.597847 10.182688 -0.176776
-19.649629 -33.597847 10.293099 0.192145
-15.768253 -33.597847 10.288624 0.122753
-11.886877 -33.597847 10.025368 -0.007146
-8.005501 -33.597847 10.307899 -0.026755
-4.124125 -33.597847 10.317052 -0.195332
-0.242749 -33.597847 10.158103 0.145900
3.638627 -33.597847 10.239418 0.295089
7.520003 -33.597847 10.252268 0.146377
11.401379 -33.597847 10.382277 0.265612
15.282755 -33.597847 10.210119 0.183932
19.164131 -33.597847 10.304087 0.161469
23.045507 -33.597847 10.218414 0.280883
26.926883 -33.597847 10.102206 0.260021
30.808259 -33.597847 10.228612 0.206347
34.689635 -33.597847 10.367859 0.332146
38.571011 -33.597847 10.228498 0.176182
42.452387 -33.597847 10.153557 0.283602
46.333763 -33.597847 10.142338 0.172040
50.215140 -33.597847 10.122371 0.371099
54.096516 -33.597847 10.114656 0.262069
57.977892 -33.597847 10.154769 0.349954
61.859268 -33.597847 10.106149 0.506191
65.740644 -33.597847 10.012061 0.246230
69.622020 -33.597847 9.974380 0.113422
73.503396 -33.597847 10.091596 0.243432
77.384772 -33.597847 9.977615 0.345582
81.266148 -33.597847 10.015911 0.117599
85.147524 -33.597847 10.074265 0.218841
89.028900 -33.597847 10.179958 0.327754
92.910276 -33.597847 9.969210 0.101341
96.791652 -33.597847 9.976165 0.269030
100.673028 -33.597847 9.906422 0.211056
104.554404 -33.597847 10.139052 0.210892
108.435780 -33.597847 10.080142 0.279723
112.317156 -33.597847 9.806979 0.354840
116.198532 -33.597847 10.082051 0.106149
120.079908 -33.597847 9.991989 0.067463
123.961284 -33.597847 9.888444 0.190662
127.842660 -33.597847 9.667007 0.113183
131.724036 -33.597847 9.346785 0.342494
135.605412 -33.597847 9.798487 0.211600
139.486788 -33.597847 9.890763 0.070399
-54.582013 -37.479223 0.000000 0.000000
-50.700637 -37.479223 0.000000 0.000000
-46.819261 -37.479223 10.007511 -0.105367
-42.937885 -37.479223 9.031772 -0.629418
-39.056509 -37.479223 9.589555 0.136815
-35.175133 -37.479223 10.194786 0.036178
-31.293757 -37.479223 10.175498 0.104631
-27.412381 -37.479223 10.182802 -0.136660
-23.531005 -37.479223 10.030260 -0.112643
-19.649629 -37.479223 10.136721 0.108524
-15.768253 -37.479223 10.201875 -0.031668
-11.886877 -37.479223 10.035612 0.170507
-8.005501 -37.479223 10.250056 -0.139339
-4.124125 -37.479223 10.168205 0.302238
-0.242749 -37.479223 10.290376 0.324555
3.638627 -37.479223 10.288177 0.306018
7.520003 -37.479223 10.209676 0.217919
11.401379 -37.479223 10.201091 0.179492
15.282755 -37.479223 10.111611 0.176998
19.164131 -37.479223 10.158532 0.168856
23.045507 -37.479223 10.273071 0.383462
26.926883 -37.479223 10.101726 0.341405
30.808259 -37.479223 10.192583 0.171315
34.689635 -37.479223 10.154161 0.279055
38.571011 -37.479223 10.192503 0.286765
42.452387 -37.479223 10.057390 0.248620
46.333763 -37.479223 10.166493 0.199010
50.215140 -37.479223 10.227782 0.216337
54.096516 -37.479223 10.074294 0.206649
57.977892 -37.479223 10.076715 0.059621
61.859268 -37.479223 10.087419 0.483106
65.740644 -37.479223 10.016342 0.261867
69.622020 -37.479223 10.165309 0.281446
73.503396 -37.479223 9.931293 0.325266
77.384772 -37.479223 9.990355 0.212774
81.266148 -37.479223 10.103024 0.304693
85.147524 -37.479223 9.977011 0.143646
89.028900 -37.479223 9.945402 0.298427
92.910276 -37.479223 9.978981 0.282208
96.791652 -37.479223 9.972985 0.241091
100.673028 -37.479223 9.922819 0.114388
104.554404 -37.479223 9.943903 0.060811
108.435780 -37.479223 10.098413 0.156390
112.317156 -37.479223 9.847477 0.334212
116.198532 -37.479223 9.826816 0.288335
120.079908 -37.479223 9.848692 0.291398
123.961284 -37.479223 9.597673 0.555138
127.842660 -37.479223 9.922776 0.146181
131.724036 -37.479223 10.145858 0.462312
135.605412 -37.479223 9.838778 0.188663
139.486788 -37.479223 10.064987 0.042440
-54.582013 -41.360599 0.000000 0.000000
-50.700637 -41.360599 0.000000 0.000000
-46.819261 -41.360599 0.000000 0.000000
-42.937885 -41.360599 0.000000 0.000000
-39.056509 -41.360599 10.121338 0.414758
-35.175133 -41.360599 0.000000 0.000000
-31.293757 -41.360599 9.755940 0.174419
-27.412381 -41.360599 9.989330 0.069147
-23.531005 -41.360599 9.926570 0.182069
-19.649629 -41.360599 10.131810 0.201708
-15.768253 -41.360599 10.097771 0.230702
-11.886877 -41.360599 10.224417 0.060123
-8.005501 -41.360599 10.001299 0.096739
-4.124125 -41.360599 10.186455 -0.037605
-0.242749 -41.360599 10.090349 0.157198
3.638627 -41.360599 10.170639 0.133483
7.520003 -41.360599 10.121943 0.306559
11.401379 -41.360599 10.143177 0.005879
15.282755 -41.360599 10.197902 0.296866
19.164131 -41.360599 10.283504 0.281299
23.045507 -41.360599 10.109082 0.274786
26.926883 -41.360599 10.226511 0.351168
30.808259 -41.360599 10.253074 0.247481
34.689635 -41.360599 10.159485 0.287848
38.571011 -41.360599 10.001080 0.350400
42.452387 -41.360599 10.099307 0.148004
46.333763 -41.360599 10.065731 0.189906
50.215140 -41.360599 10.238874 0.330741
54.096516 -41.360599 10.111923 0.324483
57.977892 -41.360599 10.051683 0.265534
61.859268 -41.360599 10.042648 0.302787
65.740644 -41.360599 10.066529 0.331395
69.622020 -41.360599 10.219392 0.324040
73.503396 -41.360599 10.119447 0.070873
77.384772 -41.360599 9.945923 0.107776
81.266148 -41.360599 9.800550 0.038455
85.147524 -41.360599 10.243764 0.236237
89.028900 -41.360599 10.060866 0.187708
92.910276 -41.360599 9.915777 0.229553
96.791652 -41.360599 10.112620 0.297103
100.673028 -41.360599 10.012653 0.474131
104.554404 -41.360599 9.817979 0.301871
108.435780 -41.360599 9.709208 0.263078
112.317156 -41.360599 9.912866 0.188652
116.198532 -41.360599 9.749262 0.280460
120.079908 -41.360599 10.071067 -0.143886
123.961284 -41.360599 9.948409 -0.062535
127.842660 -41.360599 10.215246 0.150089
131.724036 -41.360599 9.847419 -0.115995
135.605412 -41.360599 10.056359 0.151931
139.486788 -41.360599 9.699387 0.280866
-54.582013 -45.241975 0.000000 0.000000
-50.700637 -45.241975 0.000000 0.000000
-46.819261 -45.241975 0.000000 0.000000
-42.937885 -45.241975 0.000000 0.000000
-39.056509 -45.241975 0.000000 0.000000
-35.175133 -45.241975 0.000000 0.000000
-31.293757 -45.241975 0.000000 0.000000
-27.412381 -45.241975 0.000000 0.000000
-23.531005 -45.241975 0.000000 0.000000
-19.649629 -45.241975 0.000000 0.000000
-15.768253 -45.241975 0.000000 0.000000
-11.886877 -45.241975 0.000000 0.000000
-8.005501 -45.241975 0.000000 0.000000
-4.124125 -45.241975 0.000000 0.000000
-0.242749 -45.241975 0.000000 0.000000
3.638627 -45.241975 0.000000 0.000000
7.520003 -45.241975 0.000000 0.000000
11.401379 -45.241975 0.000000 0.000000
15.282755 -45.241975 0.000000 0.000000
19.164131 -45.241975 0.000000 0.000000
23.045507 -45.241975 0.000000 0.000000
26.926883 -45.241975 0.000000 0.000000
30.808259 -45.241975 0.000000 0.000000
34.689635 -45.241975 0.000000 0.000000
38.571011 -45.241975 0.000000 0.000000
42.452387 -45.241975 0.000000 0.000000
46.333763 -45.241975 0.000000 0.000000
50.215140 -45.241975 0.000000 0.000000
54.096516 -45.241975 0.000000 0.000000
57.977892 -45.241975 0.000000 0.000000
61.859268 -45.241975 0.000000 0.000000
65.740644 -45.241975 0.000000 0.000000
69.622020 -45.241975 0.000000 0.000000
73.503396 -45.241975 0.000000 0.000000
77.384772 -45.241975 0.000000 0.000000
81.266148 -45.241975 0.000000 0.000000
85.147524 -45.241975 0.000000 0.000000
89.028900 -45.241975 0.000000 0.000000
92.910276 -45.241975 0.000000 0.000000
96.791652 -45.241975 0.000000 0.000000
100.673028 -45.241975 0.000000 0.000000
104.554404 -45.241975 0.000000 0.000000
108.435780 -45.241975 0.000000 0.000000
112.317156 -45.241975 0.000000 0.000000
116.198532 -45.241975 0.000000 0.000000
120.079908 -45.241975 0.000000 0.000000
123.961284 -45.241975 0.000000 0.000000
127.842660 -45.241975 0.000000 0.000000
131.724036 -45.241975 0.000000 0.000000
135.605412 -45.241975 0.000000 0.000000
139.486788 -45.241975 0.000000 0.000000
