TITLE = "B00013"
VARIABLES = "position", "position(2)", "Vx", "Vy"
ZONE T="Frame 0", I=51, J=39
-54.582013 102.250314 0.000000 0.000000
-50.700637 102.250314 0.000000 0.000000
-46.819261 102.250314 0.000000 0.000000
-42.937885 102.250314 0.000000 0.000000
-39.056509 102.250314 0.000000 0.000000
-35.175133 102.250314 0.000000 0.000000
-31.293757 102.250314 0.000000 0.000000
-27.412381 102.250314 0.000000 0.000000
-23.531005 102.250314 0.000000 0.000000
-19.649629 102.250314 0.000000 0.000000
-15.768253 102.250314 10.289593 0.474112
-11.886877 102.250314 9.727031 1.062589
-8.005501 102.250314 10.654808 -0.565957
-4.124125 102.250314 0.000000 0.000000
-0.242749 102.250314 0.000000 0.000000
3.638627 102.250314 0.000000 0.000000
7.520003 102.250314 10.244402 -0.918317
11.401379 102.250314 8.710176 1.073575
15.282755 102.250314 0.000000 0.000000
19.164131 102.250314 10.641506 2.143123
23.045507 102.250314 9.413878 -0.457559
26.926883 102.250314 0.000000 0.000000
30.808259 102.250314 0.000000 0.000000
34.689635 102.250314 0.000000 0.000000
38.571011 102.250314 0.000000 0.000000
42.452387 102.250314 9.612523 -0.130696
46.333763 102.250314 0.000000 0.000000
50.215140 102.250314 0.000000 0.000000
54.096516 102.250314 0.000000 0.000000
57.977892 102.250314 0.000000 0.000000
61.859268 102.250314 0.000000 0.000000
65.740644 102.250314 0.000000 0.000000
69.622020 102.250314 0.000000 0.000000
73.503396 102.250314 9.678855 -0.302133
77.384772 102.250314 10.116269 0.261352
81.266148 102.250314 9.731760 -0.502520
85.147524 102.250314 10.455225 0.203990
89.028900 102.250314 9.520927 -0.085172
92.910276 102.250314 10.342605 -0.075239
96.791652 102.250314 9.632441 -2.381000
100.673028 102.250314 10.274064 1.691591
104.554404 102.250314 9.547711 -0.236208
108.435780 102.250314 10.871057 0.085849
112.317156 102.250314 9.960837 0.380386
116.198532 102.250314 10.396697 -0.582164
120.079908 102.250314 9.066671 -0.215061
123.961284 102.250314 0.000000 0.000000
127.842660 102.250314 11.877688 0.846496
131.724036 102.250314 10.134441 0.020923
135.605412 102.250314 9.598306 -0.642298
139.486788 102.250314 9.485143 0.658902
-54.582013 98.368938 0.000000 0.000000
-50.700637 98.368938 0.000000 0.000000
-46.819261 98.368938 0.000000 0.000000
-42.937885 98.368938 10.810103 -0.311285
-39.056509 98.368938 0.000000 0.000000
-35.175133 98.368938 0.000000 0.000000
-31.293757 98.368938 0.000000 0.000000
-27.412381 98.368938 0.000000 0.000000
-23.531005 98.368938 0.000000 0.000000
-19.649629 98.368938 0.000000 0.000000
-15.768253 98.368938 10.819663 0.018130
-11.886877 98.368938 9.486697 0.566363
-8.005501 98.368938 9.436502 0.398924
-4.124125 98.368938 11.268037 -0.422238
-0.242749 98.368938 9.891115 0.246085
3.638627 98.368938 0.000000 0.000000
7.520003 98.368938 0.000000 0.000000
11.401379 98.368938 9.755499 -0.216253
15.282755 98.368938 9.328906 -3.759112
19.164131 98.368938 9.481694 -1.023407
23.045507 98.368938 10.135561 -3.035157
26.926883 98.368938 10.693591 0.381784
30.808259 98.368938 0.000000 0.000000
34.689635 98.368938 0.000000 0.000000
38.571011 98.368938 11.870687 1.459265
42.452387 98.368938 10.981234 -0.082758
46.333763 98.368938 10.923850 0.955933
50.215140 98.368938 0.000000 0.000000
54.096516 98.368938 0.000000 0.000000
57.977892 98.368938 0.000000 0.000000
61.859268 98.368938 0.000000 0.000000
65.740644 98.368938 0.000000 0.000000
69.622020 98.368938 0.000000 0.000000
73.503396 98.368938 9.711753 0.794597
77.384772 98.368938 9.852589 0.403520
81.266148 98.368938 9.160809 0.217842
85.147524 98.368938 9.979706 -0.521415
89.028900 98.368938 10.295935 0.728703
92.910276 98.368938 9.571926 -1.060126
96.791652 98.368938 8.893657 -1.248588
100.673028 98.368938 9.436467 -0.157169
104.554404 98.368938 10.252990 0.397103
108.435780 98.368938 9.246453 -0.462158
112.317156 98.368938 9.200254 0.157556
116.198532 98.368938 9.417913 -0.473586
120.079908 98.368938 10.285891 -0.207589
123.961284 98.368938 10.737105 0.714546
127.842660 98.368938 10.370376 -0.166324
131.724036 98.368938 10.070752 -0.264344
135.605412 98.368938 10.301370 -0.239491
139.486788 98.368938 9.050095 -0.360502
-54.582013 94.487562 0.000000 0.000000
-50.700637 94.487562 0.000000 0.000000
-46.819261 94.487562 0.000000 0.000000
-42.937885 94.487562 10.528914 -1.046517
-39.056509 94.487562 9.413949 1.154883
-35.175133 94.487562 0.000000 0.000000
-31.293757 94.487562 0.000000 0.000000
-27.412381 94.487562 0.000000 0.000000
-23.531005 94.487562 0.000000 0.000000
-19.649629 94.487562 0.000000 0.000000
-15.768253 94.487562 8.807468 -0.087840
-11.886877 94.487562 9.521112 0.039678
-8.005501 94.487562 11.086821 -0.711997
-4.124125 94.487562 9.486457 -0.410273
-0.242749 94.487562 10.018329 -0.733990
3.638627 94.487562 0.000000 0.000000
7.520003 94.487562 0.000000 0.000000
11.401379 94.487562 8.994315 0.805370
15.282755 94.487562 0.000000 0.000000
19.164131 94.487562 10.222822 -1.728207
23.045507 94.487562 11.362471 -0.727861
26.926883 94.487562 0.000000 0.000000
30.808259 94.487562 0.000000 0.000000
34.689635 94.487562 0.000000 0.000000
38.571011 94.487562 10.324233 -1.993313
42.452387 94.487562 9.711713 1.840961
46.333763 94.487562 0.000000 0.000000
50.215140 94.487562 0.000000 0.000000
54.096516 94.487562 0.000000 0.000000
57.977892 94.487562 0.000000 0.000000
61.859268 94.487562 0.000000 0.000000
65.740644 94.487562 0.000000 0.000000
69.622020 94.487562 0.000000 0.000000
73.503396 94.487562 10.224275 0.060771
77.384772 94.487562 9.054666 -0.750421
81.266148 94.487562 9.695411 0.236240
85.147524 94.487562 10.128152 0.471213
89.028900 94.487562 9.899348 -0.786344
92.910276 94.487562 10.387187 -0.779061
96.791652 94.487562 10.211388 -0.619743
100.673028 94.487562 9.069303 -0.303075
104.554404 94.487562 10.186584 -0.110652
108.435780 94.487562 10.468523 0.332262
112.317156 94.487562 8.828130 -0.258715
116.198532 94.487562 9.313994 -0.109287
120.079908 94.487562 10.375135 0.410686
123.961284 94.487562 10.177928 0.716415
127.842660 94.487562 10.030794 -0.621483
131.724036 94.487562 10.195011 0.370154
135.605412 94.487562 9.101777 0.568356
139.486788 94.487562 9.626469 -0.359461
-54.582013 90.606186 0.000000 0.000000
-50.700637 90.606186 0.000000 0.000000
-46.819261 90.606186 0.000000 0.000000
-42.937885 90.606186 10.215496 -0.400369
-39.056509 90.606186 10.096919 1.091722
-35.175133 90.606186 0.000000 0.000000
-31.293757 90.606186 0.000000 0.000000
-27.412381 90.606186 0.000000 0.000000
-23.531005 90.606186 0.000000 0.000000
-19.649629 90.606186 0.000000 0.000000
-15.768253 90.606186 10.137507 0.919311
-11.886877 90.606186 9.432842 0.872495
-8.005501 90.606186 9.504910 0.909266
-4.124125 90.606186 10.161308 0.931867
-0.242749 90.606186 10.453415 0.089257
3.638627 90.606186 9.957044 -0.673784
7.520003 90.606186 9.512880 0.200081
11.401379 90.606186 0.000000 0.000000
15.282755 90.606186 10.937366 -0.035618
19.164131 90.606186 10.508775 -0.292811
23.045507 90.606186 11.096800 -0.449545
26.926883 90.606186 9.562391 1.115813
30.808259 90.606186 10.724936 -0.289205
34.689635 90.606186 10.115409 -0.811140
38.571011 90.606186 10.417361 -2.555794
42.452387 90.606186 9.749579 0.455544
46.333763 90.606186 10.138809 -0.404794
50.215140 90.606186 9.998208 -0.697396
54.096516 90.606186 0.000000 0.000000
57.977892 90.606186 9.665449 -1.081857
61.859268 90.606186 0.000000 0.000000
65.740644 90.606186 0.000000 0.000000
69.622020 90.606186 0.000000 0.000000
73.503396 90.606186 8.885211 -1.436739
77.384772 90.606186 9.603518 0.135644
81.266148 90.606186 10.417553 0.070897
85.147524 90.606186 9.884721 0.300314
89.028900 90.606186 10.134897 0.542130
92.910276 90.606186 9.047062 0.282965
96.791652 90.606186 9.113894 0.382742
100.673028 90.606186 10.045122 0.560863
104.554404 90.606186 9.218383 0.031601
108.435780 90.606186 9.806793 -0.232559
112.317156 90.606186 10.526289 -0.514301
116.198532 90.606186 10.487460 -0.844789
120.079908 90.606186 10.074572 0.341786
123.961284 90.606186 9.811535 0.595044
127.842660 90.606186 10.412984 -0.044365
131.724036 90.606186 10.168527 -0.286062
135.605412 90.606186 9.564205 -0.411701
139.486788 90.606186 9.061480 -0.550528
-54.582013 86.724810 0.000000 0.000000
-50.700637 86.724810 0.000000 0.000000
-46.819261 86.724810 12.077067 0.140737
-42.937885 86.724810 9.683895 0.709301
-39.056509 86.724810 8.873055 0.959653
-35.175133 86.724810 0.000000 0.000000
-31.293757 86.724810 0.000000 0.000000
-27.412381 86.724810 0.000000 0.000000
-23.531005 86.724810 0.000000 0.000000
-19.649629 86.724810 0.000000 0.000000
-15.768253 86.724810 0.000000 0.000000
-11.886877 86.724810 9.347290 0.654462
-8.005501 86.724810 10.376070 0.274403
-4.124125 86.724810 10.262392 0.955083
-0.242749 86.724810 10.640532 0.253718
3.638627 86.724810 10.621191 0.026036
7.520003 86.724810 11.424524 -0.743886
11.401379 86.724810 10.649727 0.314109
15.282755 86.724810 11.643040 0.212134
19.164131 86.724810 11.381771 -0.095183
23.045507 86.724810 10.502584 -0.066772
26.926883 86.724810 10.855056 0.717998
30.808259 86.724810 9.457609 -0.539581
34.689635 86.724810 0.000000 0.000000
38.571011 86.724810 10.565594 -0.591810
42.452387 86.724810 10.164442 -0.251125
46.333763 86.724810 10.148103 0.156431
50.215140 86.724810 10.193996 0.205778
54.096516 86.724810 9.230327 0.731098
57.977892 86.724810 10.090861 -0.359772
61.859268 86.724810 0.000000 0.000000
65.740644 86.724810 0.000000 0.000000
69.622020 86.724810 0.000000 0.000000
73.503396 86.724810 9.595234 0.416291
77.384772 86.724810 10.916046 0.887308
81.266148 86.724810 9.665794 -0.788167
85.147524 86.724810 10.086833 0.285746
89.028900 86.724810 9.828778 -0.766795
92.910276 86.724810 9.751767 -1.157807
96.791652 86.724810 0.000000 0.000000
100.673028 86.724810 10.870310 -0.325872
104.554404 86.724810 8.700716 -0.239396
108.435780 86.724810 10.212125 -1.146697
112.317156 86.724810 10.425135 -0.825988
116.198532 86.724810 9.722573 -0.958643
120.079908 86.724810 9.042534 0.579615
123.961284 86.724810 10.217850 -0.464403
127.842660 86.724810 10.158402 -0.055706
131.724036 86.724810 9.945365 0.262086
135.605412 86.724810 0.000000 0.000000
139.486788 86.724810 9.505915 0.265628
-54.582013 82.843434 0.000000 0.000000
-50.700637 82.843434 10.431396 0.636170
-46.819261 82.843434 10.219651 0.934203
-42.937885 82.843434 0.000000 0.000000
-39.056509 82.843434 8.555855 2.315073
-35.175133 82.843434 0.000000 0.000000
-31.293757 82.843434 0.000000 0.000000
-27.412381 82.843434 0.000000 0.000000
-23.531005 82.843434 0.000000 0.000000
-19.649629 82.843434 0.000000 0.000000
-15.768253 82.843434 10.638187 0.347459
-11.886877 82.843434 10.497223 0.311138
-8.005501 82.843434 10.138741 0.290197
-4.124125 82.843434 11.857738 0.415550
-0.242749 82.843434 9.324039 1.113719
3.638627 82.843434 10.051949 0.127265
7.520003 82.843434 10.590397 0.197969
11.401379 82.843434 10.599389 -0.177538
15.282755 82.843434 11.901607 0.437638
19.164131 82.843434 9.215517 0.227006
23.045507 82.843434 9.485032 -0.427966
26.926883 82.843434 10.029125 -0.168210
30.808259 82.843434 10.418496 -0.071065
34.689635 82.843434 10.251555 0.717969
38.571011 82.843434 10.978007 0.384033
42.452387 82.843434 10.410359 -0.789504
46.333763 82.843434 10.880458 -0.473380
50.215140 82.843434 9.705503 -0.734538
54.096516 82.843434 10.486371 -0.749352
57.977892 82.843434 9.623563 -0.857997
61.859268 82.843434 0.000000 0.000000
65.740644 82.843434 0.000000 0.000000
69.622020 82.843434 9.516890 0.152997
73.503396 82.843434 10.164449 0.165358
77.384772 82.843434 8.885109 0.375506
81.266148 82.843434 10.186895 -1.322657
85.147524 82.843434 9.919787 -0.305469
89.028900 82.843434 10.022789 0.237341
92.910276 82.843434 9.302458 0.879363
96.791652 82.843434 9.576936 -0.334559
100.673028 82.843434 10.587161 1.098573
104.554404 82.843434 9.905453 0.315796
108.435780 82.843434 10.118558 0.625827
112.317156 82.843434 9.561296 0.235997
116.198532 82.843434 10.103496 0.830271
120.079908 82.843434 0.000000 0.000000
123.961284 82.843434 9.169177 -0.253123
127.842660 82.843434 10.072705 0.039957
131.724036 82.843434 10.278527 -0.282299
135.605412 82.843434 9.521397 -0.226616
139.486788 82.843434 10.200521 -0.272332
-54.582013 78.962058 0.000000 0.000000
-50.700637 78.962058 0.000000 0.000000
-46.819261 78.962058 9.870745 1.090231
-42.937885 78.962058 9.772958 1.300432
-39.056509 78.962058 10.431140 0.551230
-35.175133 78.962058 0.000000 0.000000
-31.293757 78.962058 0.000000 0.000000
-27.412381 78.962058 0.000000 0.000000
-23.531005 78.962058 0.000000 0.000000
-19.649629 78.962058 0.000000 0.000000
-15.768253 78.962058 10.251358 0.823897
-11.886877 78.962058 10.367334 0.412497
-8.005501 78.962058 10.064278 1.242109
-4.124125 78.962058 10.684679 0.561352
-0.242749 78.962058 10.437544 0.226831
3.638627 78.962058 10.221273 0.491619
7.520003 78.962058 10.283411 -0.324122
11.401379 78.962058 10.663179 -0.172553
15.282755 78.962058 10.696336 0.652585
19.164131 78.962058 11.460192 -0.487660
23.045507 78.962058 10.290851 -1.015242
26.926883 78.962058 10.413166 -0.707067
30.808259 78.962058 10.476244 -0.306218
34.689635 78.962058 10.805915 0.777642
38.571011 78.962058 10.667362 -0.098693
42.452387 78.962058 10.232992 -0.021119
46.333763 78.962058 9.482117 -0.780431
50.215140 78.962058 10.484202 -0.692710
54.096516 78.962058 9.915422 -0.450027
57.977892 78.962058 10.484038 -0.285215
61.859268 78.962058 0.000000 0.000000
65.740644 78.962058 0.000000 0.000000
69.622020 78.962058 9.968472 -0.421114
73.503396 78.962058 9.978553 -0.636229
77.384772 78.962058 10.126899 -0.555578
81.266148 78.962058 9.948354 -0.074542
85.147524 78.962058 9.844121 -0.297068
89.028900 78.962058 10.285928 -0.488365
92.910276 78.962058 9.420360 0.480732
96.791652 78.962058 9.581069 -0.953263
100.673028 78.962058 9.725841 0.096125
104.554404 78.962058 9.397511 0.423009
108.435780 78.962058 9.916536 0.324441
112.317156 78.962058 9.935408 0.273520
116.198532 78.962058 9.753377 0.152500
120.079908 78.962058 9.747278 0.097435
123.961284 78.962058 9.943221 -0.020132
127.842660 78.962058 9.993291 0.389578
131.724036 78.962058 10.323998 0.412352
135.605412 78.962058 9.492876 -0.584396
139.486788 78.962058 9.976002 -0.579013
-54.582013 75.080682 0.000000 0.000000
-50.700637 75.080682 9.570288 2.441246
-46.819261 75.080682 10.526749 0.786719
-42.937885 75.080682 10.332561 0.597769
-39.056509 75.080682 10.716590 0.101190
-35.175133 75.080682 0.000000 0.000000
-31.293757 75.080682 0.000000 0.000000
-27.412381 75.080682 0.000000 0.000000
-23.531005 75.080682 0.000000 0.000000
-19.649629 75.080682 0.000000 0.000000
-15.768253 75.080682 10.443204 0.825428
-11.886877 75.080682 10.448426 0.737911
-8.005501 75.080682 10.616993 0.496545
-4.124125 75.080682 10.374793 -0.803580
-0.242749 75.080682 10.847030 0.369554
3.638627 75.080682 10.297162 0.316446
7.520003 75.080682 10.648891 -0.086492
11.401379 75.080682 10.694091 -0.473893
15.282755 75.080682 10.723277 -0.537540
19.164131 75.080682 10.528140 -0.039901
23.045507 75.080682 11.193092 0.283369
26.926883 75.080682 10.439703 0.172376
30.808259 75.080682 10.402281 0.062735
34.689635 75.080682 10.203892 -0.006328
38.571011 75.080682 10.414715 -0.189590
42.452387 75.080682 10.413666 -0.214339
46.333763 75.080682 10.660070 -0.539257
50.215140 75.080682 10.265650 -0.810992
54.096516 75.080682 9.813771 -0.740849
57.977892 75.080682 9.882669 -0.200341
61.859268 75.080682 0.000000 0.000000
65.740644 75.080682 0.000000 0.000000
69.622020 75.080682 9.733558 -0.667684
73.503396 75.080682 10.847434 -0.270227
77.384772 75.080682 9.906752 0.068087
81.266148 75.080682 10.239011 0.240253
85.147524 75.080682 9.892077 -0.516759
89.028900 75.080682 9.790821 -0.467974
92.910276 75.080682 10.406137 -0.373599
96.791652 75.080682 10.430002 0.380563
100.673028 75.080682 10.073927 0.351984
104.554404 75.080682 9.503613 -0.302912
108.435780 75.080682 9.564489 0.211855
112.317156 75.080682 9.854118 0.009726
116.198532 75.080682 10.125548 -0.201928
120.079908 75.080682 9.518223 -0.608178
123.961284 75.080682 10.176417 -0.478514
127.842660 75.080682 9.231305 -0.727250
131.724036 75.080682 10.174711 0.082113
135.605412 75.080682 9.787672 -0.049003
139.486788 75.080682 9.295197 -0.329352
-54.582013 71.199306 0.000000 0.000000
-50.700637 71.199306 11.778983 0.108462
-46.819261 71.199306 9.357439 0.676095
-42.937885 71.199306 10.410865 -0.305945
-39.056509 71.199306 9.674210 1.025045
-35.175133 71.199306 0.000000 0.000000
-31.293757 71.199306 0.000000 0.000000
-27.412381 71.199306 0.000000 0.000000
-23.531005 71.199306 0.000000 0.000000
-19.649629 71.199306 0.000000 0.000000
-15.768253 71.199306 10.530422 0.612485
-11.886877 71.199306 11.196825 0.485991
-8.005501 71.199306 10.066076 -0.043862
-4.124125 71.199306 10.149179 -0.059911
-0.242749 71.199306 9.873900 0.697362
3.638627 71.199306 10.477434 -0.108949
7.520003 71.199306 10.354848 -0.182495
11.401379 71.199306 9.979565 0.672957
15.282755 71.199306 10.941606 -0.467073
19.164131 71.199306 10.053571 -0.393333
23.045507 71.199306 10.607650 -0.326282
26.926883 71.199306 10.539263 -0.175555
30.808259 71.199306 10.748899 -0.389334
34.689635 71.199306 10.251140 -0.060046
38.571011 71.199306 10.579904 -0.636394
42.452387 71.199306 10.477974 -0.484216
46.333763 71.199306 10.244902 -0.451035
50.215140 71.199306 10.077952 -0.570825
54.096516 71.199306 10.085423 -0.122038
57.977892 71.199306 10.478721 -0.776603
61.859268 71.199306 0.000000 0.000000
65.740644 71.199306 0.000000 0.000000
69.622020 71.199306 9.972473 0.110285
73.503396 71.199306 9.572746 -0.324313
77.384772 71.199306 9.964283 -0.702997
81.266148 71.199306 9.738130 -0.050673
85.147524 71.199306 9.656177 -0.341598
89.028900 71.199306 9.435613 0.143414
92.910276 71.199306 9.635658 0.322356
96.791652 71.199306 10.150762 -0.059003
100.673028 71.199306 9.853609 0.370694
104.554404 71.199306 9.397492 -0.005522
108.435780 71.199306 9.585971 0.104161
112.317156 71.199306 9.941216 -0.507305
116.198532 71.199306 9.477444 -0.417102
120.079908 71.199306 9.907069 -0.620000
123.961284 71.199306 10.022996 0.104586
127.842660 71.199306 9.890160 -0.180120
131.724036 71.199306 9.117629 -0.448447
135.605412 71.199306 9.795988 0.007170
139.486788 71.199306 10.271070 0.450461
-54.582013 67.317930 0.000000 0.000000
-50.700637 67.317930 11.730385 2.028176
-46.819261 67.317930 9.942922 0.868988
-42.937885 67.317930 9.241595 1.805412
-39.056509 67.317930 9.799748 1.674909
-35.175133 67.317930 0.000000 0.000000
-31.293757 67.317930 0.000000 0.000000
-27.412381 67.317930 0.000000 0.000000
-23.531005 67.317930 0.000000 0.000000
-19.649629 67.317930 10.748960 0.549427
-15.768253 67.317930 10.728907 0.754046
-11.886877 67.317930 10.930346 0.695471
-8.005501 67.317930 11.875677 0.234402
-4.124125 67.317930 11.650511 0.512934
-0.242749 67.317930 11.796917 0.237940
3.638627 67.317930 11.508105 -0.091162
7.520003 67.317930 10.575927 0.095695
11.401379 67.317930 10.711152 0.217874
15.282755 67.317930 10.773668 -0.508460
19.164131 67.317930 10.346855 -0.150273
23.045507 67.317930 10.137260 -0.150643
26.926883 67.317930 10.572473 0.323127
30.808259 67.317930 10.446067 -0.487575
34.689635 67.317930 10.663127 0.064882
38.571011 67.317930 10.288461 0.128372
42.452387 67.317930 10.165109 -0.628955
46.333763 67.317930 10.445607 -0.053970
50.215140 67.317930 10.290940 -0.310572
54.096516 67.317930 10.401192 -0.487416
57.977892 67.317930 10.333014 -0.284473
61.859268 67.317930 0.000000 0.000000
65.740644 67.317930 0.000000 0.000000
69.622020 67.317930 10.003835 -0.458826
73.503396 67.317930 10.218846 -0.370522
77.384772 67.317930 10.883617 -0.309749
81.266148 67.317930 9.928439 0.089885
85.147524 67.317930 10.287887 -0.027517
89.028900 67.317930 10.003921 -0.058977
92.910276 67.317930 10.215653 -0.007584
96.791652 67.317930 9.896609 -0.018756
100.673028 67.317930 9.571424 1.376747
104.554404 67.317930 9.632968 -0.140817
108.435780 67.317930 10.336593 -0.567742
112.317156 67.317930 9.934677 -0.123301
116.198532 67.317930 9.982970 0.137461
120.079908 67.317930 9.715063 -0.040082
123.961284 67.317930 9.422457 -0.038014
127.842660 67.317930 10.220984 0.308165
131.724036 67.317930 9.610422 -0.345603
135.605412 67.317930 10.166685 -0.115449
139.486788 67.317930 10.477481 0.264048
-54.582013 63.436554 0.000000 0.000000
-50.700637 63.436554 9.522482 1.741509
-46.819261 63.436554 10.047766 0.530331
-42.937885 63.436554 9.803055 0.778034
-39.056509 63.436554 10.108752 0.858497
-35.175133 63.436554 0.000000 0.000000
-31.293757 63.436554 0.000000 0.000000
-27.412381 63.436554 0.000000 0.000000
-23.531005 63.436554 0.000000 0.000000
-19.649629 63.436554 10.272685 0.972478
-15.768253 63.436554 11.143982 0.767412
-11.886877 63.436554 10.809570 0.619615
-8.005501 63.436554 10.540420 -0.242274
-4.124125 63.436554 10.593087 -0.347375
-0.242749 63.436554 10.885100 -0.059831
3.638627 63.436554 10.634742 -0.043077
7.520003 63.436554 11.688859 0.583907
11.401379 63.436554 10.289953 0.005287
15.282755 63.436554 10.867129 -0.422651
19.164131 63.436554 10.704612 0.466800
23.045507 63.436554 10.598492 -0.267293
26.926883 63.436554 11.021195 -0.728319
30.808259 63.436554 10.207917 -0.205466
34.689635 63.436554 10.423987 -0.560738
38.571011 63.436554 10.781978 -0.273259
42.452387 63.436554 10.538760 -0.084223
46.333763 63.436554 10.359126 -0.501923
50.215140 63.436554 10.595231 0.132624
54.096516 63.436554 10.600379 -0.927300
57.977892 63.436554 10.388980 -0.486141
61.859268 63.436554 0.000000 0.000000
65.740644 63.436554 0.000000 0.000000
69.622020 63.436554 10.246737 -0.412418
73.503396 63.436554 9.750604 -0.274112
77.384772 63.436554 9.981048 -0.403721
81.266148 63.436554 10.119854 -0.177260
85.147524 63.436554 9.469550 -0.316890
89.028900 63.436554 10.082866 0.208546
92.910276 63.436554 10.036759 -0.572073
96.791652 63.436554 10.113830 -0.175595
100.673028 63.436554 10.173989 -0.425825
104.554404 63.436554 10.538332 -0.030820
108.435780 63.436554 9.404798 0.048167
112.317156 63.436554 9.842668 -0.385932
116.198532 63.436554 9.425412 0.255545
120.079908 63.436554 9.228747 -0.044012
123.961284 63.436554 9.771592 -0.205087
127.842660 63.436554 10.145086 0.159698
131.724036 63.436554 9.910749 -0.085116
135.605412 63.436554 9.652068 -0.025487
139.486788 63.436554 9.306638 -0.071698
-54.582013 59.555178 0.000000 0.000000
-50.700637 59.555178 9.979481 0.203164
-46.819261 59.555178 10.251192 0.454394
-42.937885 59.555178 9.089270 1.464464
-39.056509 59.555178 10.351594 1.210336
-35.175133 59.555178 0.000000 0.000000
-31.293757 59.555178 0.000000 0.000000
-27.412381 59.555178 0.000000 0.000000
-23.531005 59.555178 0.000000 0.000000
-19.649629 59.555178 10.775975 0.642838
-15.768253 59.555178 10.926142 0.591191
-11.886877 59.555178 10.866250 0.839807
-8.005501 59.555178 10.937346 0.411033
-4.124125 59.555178 11.233147 0.483357
-0.242749 59.555178 10.772194 -0.048793
3.638627 59.555178 11.122692 -0.132636
7.520003 59.555178 10.932160 -0.150000
11.401379 59.555178 10.698298 -0.100456
15.282755 59.555178 11.218411 -0.481896
19.164131 59.555178 11.612407 -0.238094
23.045507 59.555178 10.354533 -0.420134
26.926883 59.555178 10.761360 -0.543620
30.808259 59.555178 10.413286 -0.461283
34.689635 59.555178 10.305435 -0.470124
38.571011 59.555178 10.561183 -0.408652
42.452387 59.555178 9.929868 -0.413083
46.333763 59.555178 10.445317 -0.214213
50.215140 59.555178 10.661541 -0.243239
54.096516 59.555178 10.487185 -0.561346
57.977892 59.555178 10.346562 -0.708323
61.859268 59.555178 0.000000 0.000000
65.740644 59.555178 0.000000 0.000000
69.622020 59.555178 9.801661 -0.487703
73.503396 59.555178 10.173712 -0.606817
77.384772 59.555178 10.062717 -0.373006
81.266148 59.555178 9.726688 -0.391735
85.147524 59.555178 9.583722 -0.274112
89.028900 59.555178 9.485250 0.214884
92.910276 59.555178 9.192920 -0.419045
96.791652 59.555178 9.892392 -0.260472
100.673028 59.555178 9.395312 -0.334141
104.554404 59.555178 10.157813 -0.058025
108.435780 59.555178 9.930620 0.332442
112.317156 59.555178 9.684669 -0.000415
116.198532 59.555178 9.869798 0.155915
120.079908 59.555178 9.950118 0.144586
123.961284 59.555178 10.015464 -0.052397
127.842660 59.555178 10.344459 -0.531720
131.724036 59.555178 10.097758 0.025888
135.605412 59.555178 9.667143 -0.761635
139.486788 59.555178 10.009198 -0.518365
-54.582013 55.673802 0.000000 0.000000
-50.700637 55.673802 9.133340 0.551028
-46.819261 55.673802 9.481796 0.556242
-42.937885 55.673802 9.515407 1.648811
-39.056509 55.673802 10.310950 1.140131
-35.175133 55.673802 0.000000 0.000000
-31.293757 55.673802 0.000000 0.000000
-27.412381 55.673802 0.000000 0.000000
-23.531005 55.673802 10.460160 0.971327
-19.649629 55.673802 10.371428 1.226524
-15.768253 55.673802 10.804623 0.672361
-11.886877 55.673802 11.153779 0.838084
-8.005501 55.673802 11.219031 0.614982
-4.124125 55.673802 10.995426 0.545255
-0.242749 55.673802 10.529917 0.328752
3.638627 55.673802 10.907023 -0.160401
7.520003 55.673802 10.693804 -0.150663
11.401379 55.673802 10.690059 -0.155275
15.282755 55.673802 10.542743 -0.408868
19.164131 55.673802 10.331479 0.024821
23.045507 55.673802 10.560026 -0.492966
26.926883 55.673802 10.344921 -0.335456
30.808259 55.673802 10.919633 -0.334864
34.689635 55.673802 9.831273 -0.458712
38.571011 55.673802 10.411714 -0.504144
42.452387 55.673802 10.561688 -0.392399
46.333763 55.673802 10.245463 -0.410766
50.215140 55.673802 10.364960 -0.687204
54.096516 55.673802 9.930805 -0.990521
57.977892 55.673802 10.075509 -1.004294
61.859268 55.673802 0.000000 0.000000
65.740644 55.673802 0.000000 0.000000
69.622020 55.673802 10.384223 0.031718
73.503396 55.673802 9.868693 -0.521525
77.384772 55.673802 10.017681 -0.361418
81.266148 55.673802 9.561149 -0.102328
85.147524 55.673802 9.906116 -0.390222
89.028900 55.673802 9.783604 -0.191718
92.910276 55.673802 9.749777 0.132977
96.791652 55.673802 9.784526 -0.210780
100.673028 55.673802 10.150768 -0.261775
104.554404 55.673802 9.935164 -0.553505
108.435780 55.673802 9.335485 0.207094
112.317156 55.673802 9.687332 0.401298
116.198532 55.673802 10.135792 -0.233501
120.079908 55.673802 9.866087 -0.363116
123.961284 55.673802 9.593201 -0.212751
127.842660 55.673802 9.978725 -0.120677
131.724036 55.673802 9.693800 0.109509
135.605412 55.673802 9.766573 -0.073311
139.486788 55.673802 10.006200 0.391809
-54.582013 51.792426 10.146481 0.602068
-50.700637 51.792426 10.372517 0.711731
-46.819261 51.792426 9.062719 0.658720
-42.937885 51.792426 9.931197 1.404940
-39.056509 51.792426 9.468184 1.482652
-35.175133 51.792426 0.000000 0.000000
-31.293757 51.792426 0.000000 0.000000
-27.412381 51.792426 0.000000 0.000000
-23.531005 51.792426 10.785927 1.607781
-19.649629 51.792426 11.381764 0.978883
-15.768253 51.792426 11.283146 0.681684
-11.886877 51.792426 11.184956 0.696547
-8.005501 51.792426 11.133411 0.388674
-4.124125 51.792426 11.216604 0.241844
-0.242749 51.792426 10.860932 -0.094148
3.638627 51.792426 11.263472 -0.153231
7.520003 51.792426 10.566359 -0.241291
11.401379 51.792426 10.623446 -0.454212
15.282755 51.792426 10.668380 -0.581726
19.164131 51.792426 10.613393 -0.246967
23.045507 51.792426 10.861426 -0.186974
26.926883 51.792426 10.533917 -0.458981
30.808259 51.792426 10.783699 -0.507706
34.689635 51.792426 10.420952 -0.439782
38.571011 51.792426 10.477496 -0.323809
42.452387 51.792426 10.591106 -0.469868
46.333763 51.792426 10.555207 -0.624965
50.215140 51.792426 10.115532 -0.830627
54.096516 51.792426 10.474893 -0.644528
57.977892 51.792426 9.924531 -0.629587
61.859268 51.792426 0.000000 0.000000
65.740644 51.792426 0.000000 0.000000
69.622020 51.792426 9.896079 -0.718454
73.503396 51.792426 9.925830 -0.449935
77.384772 51.792426 9.576522 -0.423944
81.266148 51.792426 10.211208 -0.113743
85.147524 51.792426 9.627813 0.104592
89.028900 51.792426 9.902914 -0.334693
92.910276 51.792426 9.826982 0.082815
96.791652 51.792426 9.685067 0.306948
100.673028 51.792426 9.480565 -0.791192
104.554404 51.792426 9.783939 -0.151724
108.435780 51.792426 9.637645 -0.162417
112.317156 51.792426 10.093008 0.312614
116.198532 51.792426 9.508336 -0.341044
120.079908 51.792426 10.479514 0.558824
123.961284 51.792426 9.747547 -0.362402
127.842660 51.792426 9.688125 -0.508844
131.724036 51.792426 9.650109 -0.257782
135.605412 51.792426 10.133334 0.401622
139.486788 51.792426 10.094640 -0.387992
-54.582013 47.911049 0.000000 0.000000
-50.700637 47.911049 9.350193 0.409736
-46.819261 47.911049 9.217788 0.746790
-42.937885 47.911049 9.292686 1.105541
-39.056509 47.911049 9.696098 1.439259
-35.175133 47.911049 0.000000 0.000000
-31.293757 47.911049 0.000000 0.000000
-27.412381 47.911049 0.000000 0.000000
-23.531005 47.911049 11.102370 1.493586
-19.649629 47.911049 11.479721 1.123351
-15.768253 47.911049 11.312354 0.644187
-11.886877 47.911049 11.480474 0.859948
-8.005501 47.911049 11.526588 0.376110
-4.124125 47.911049 11.465571 0.290948
-0.242749 47.911049 11.147267 0.015513
3.638627 47.911049 11.281020 0.065331
7.520003 47.911049 10.911709 -0.511376
11.401379 47.911049 10.943443 -0.476603
15.282755 47.911049 11.000753 -0.715009
19.164131 47.911049 10.746200 -0.473017
23.045507 47.911049 10.605842 -0.521657
26.926883 47.911049 10.823895 -0.218675
30.808259 47.911049 10.830925 -0.448820
34.689635 47.911049 10.416856 -0.516804
38.571011 47.911049 10.522955 -0.616502
42.452387 47.911049 10.483397 -0.424343
46.333763 47.911049 10.340258 -0.804888
50.215140 47.911049 10.107432 -0.642720
54.096516 47.911049 10.039153 -0.935426
57.977892 47.911049 10.462536 -0.702191
61.859268 47.911049 0.000000 0.000000
65.740644 47.911049 0.000000 0.000000
69.622020 47.911049 9.561552 -0.770461
73.503396 47.911049 9.633027 -0.554422
77.384772 47.911049 9.748960 -0.253863
81.266148 47.911049 9.507195 -0.426109
85.147524 47.911049 9.123111 0.029518
89.028900 47.911049 9.835558 0.543190
92.910276 47.911049 10.073794 0.197289
96.791652 47.911049 9.780210 0.231504
100.673028 47.911049 10.129437 -0.498007
104.554404 47.911049 9.550435 -0.300552
108.435780 47.911049 9.367525 0.244675
112.317156 47.911049 9.328400 0.473842
116.198532 47.911049 9.354496 0.070910
120.079908 47.911049 10.103305 -0.406318
123.961284 47.911049 9.968173 -0.122341
127.842660 47.911049 9.667778 -0.145393
131.724036 47.911049 8.809505 0.139148
135.605412 47.911049 9.434608 0.560124
139.486788 47.911049 9.892957 -0.570952
-54.582013 44.029673 0.000000 0.000000
-50.700637 44.029673 9.497654 0.623207
-46.819261 44.029673 8.952160 0.650844
-42.937885 44.029673 8.753839 0.842923
-39.056509 44.029673 8.859794 0.961032
-35.175133 44.029673 0.000000 0.000000
-31.293757 44.029673 0.000000 0.000000
-27.412381 44.029673 11.234103 2.162174
-23.531005 44.029673 11.276279 1.781761
-19.649629 44.029673 11.493012 1.123872
-15.768253 44.029673 11.581800 0.770623
-11.886877 44.029673 11.627953 0.593621
-8.005501 44.029673 11.693153 0.288150
-4.124125 44.029673 11.786279 0.161737
-0.242749 44.029673 11.624733 0.302008
3.638627 44.029673 0.000000 0.000000
7.520003 44.029673 11.148865 -0.011703
11.401379 44.029673 11.567164 -0.127454
15.282755 44.029673 10.773844 -0.464581
19.164131 44.029673 10.806313 -0.475203
23.045507 44.029673 11.074402 -0.980177
26.926883 44.029673 10.377270 -0.610882
30.808259 44.029673 10.675524 -0.462852
34.689635 44.029673 10.451921 -0.467633
38.571011 44.029673 10.645381 -0.674531
42.452387 44.029673 10.506581 -0.808267
46.333763 44.029673 10.334181 -0.494479
50.215140 44.029673 10.578953 -0.675934
54.096516 44.029673 10.314309 -1.116099
57.977892 44.029673 10.183185 -0.936727
61.859268 44.029673 0.000000 0.000000
65.740644 44.029673 0.000000 0.000000
69.622020 44.029673 9.142177 -0.708514
73.503396 44.029673 9.894490 -0.215666
77.384772 44.029673 9.868903 -0.961828
81.266148 44.029673 9.635997 -0.627053
85.147524 44.029673 8.644578 -0.252809
89.028900 44.029673 7.910801 1.654325
92.910276 44.029673 8.768495 1.931286
96.791652 44.029673 10.125731 -0.519965
100.673028 44.029673 10.000192 -0.983601
104.554404 44.029673 9.555775 -0.715322
108.435780 44.029673 9.098908 -0.804465
112.317156 44.029673 10.154614 -0.504741
116.198532 44.029673 9.211184 0.020471
120.079908 44.029673 10.133902 -0.439480
123.961284 44.029673 9.544970 -0.879021
127.842660 44.029673 9.033666 -0.597720
131.724036 44.029673 0.000000 0.000000
135.605412 44.029673 9.080984 0.903479
139.486788 44.029673 9.588016 0.300988
-54.582013 40.148297 0.000000 0.000000
-50.700637 40.148297 0.000000 0.000000
-46.819261 40.148297 8.670085 0.676273
-42.937885 40.148297 8.774174 1.199267
-39.056509 40.148297 8.679598 1.424903
-35.175133 40.148297 0.000000 0.000000
-31.293757 40.148297 0.000000 0.000000
-27.412381 40.148297 0.000000 0.000000
-23.531005 40.148297 0.000000 0.000000
-19.649629 40.148297 0.000000 0.000000
-15.768253 40.148297 0.000000 0.000000
-11.886877 40.148297 0.000000 0.000000
-8.005501 40.148297 0.000000 0.000000
-4.124125 40.148297 0.000000 0.000000
-0.242749 40.148297 0.000000 0.000000
3.638627 40.148297 0.000000 0.000000
7.520003 40.148297 0.000000 0.000000
11.401379 40.148297 0.000000 0.000000
15.282755 40.148297 0.000000 0.000000
19.164131 40.148297 0.000000 0.000000
23.045507 40.148297 0.000000 0.000000
26.926883 40.148297 0.000000 0.000000
30.808259 40.148297 0.000000 0.000000
34.689635 40.148297 0.000000 0.000000
38.571011 40.148297 0.000000 0.000000
42.452387 40.148297 0.000000 0.000000
46.333763 40.148297 10.141314 -0.739080
50.215140 40.148297 10.612403 -0.160916
54.096516 40.148297 10.040887 -0.935871
57.977892 40.148297 9.293737 -0.246697
61.859268 40.148297 10.798212 -0.923817
65.740644 40.148297 0.000000 0.000000
69.622020 40.148297 8.477262 -0.513259
73.503396 40.148297 10.274188 -0.854078
77.384772 40.148297 9.791732 -1.163111
81.266148 40.148297 9.156940 -1.262642
85.147524 40.148297 7.230582 -0.546682
89.028900 40.148297 6.659958 1.896752
92.910276 40.148297 8.519721 2.740282
96.791652 40.148297 10.561941 -1.311250
100.673028 40.148297 9.393020 -1.869243
104.554404 40.148297 9.146471 -1.310223
108.435780 40.148297 9.989512 -1.323874
112.317156 40.148297 8.757001 0.790012
116.198532 40.148297 9.038816 2.650349
120.079908 40.148297 11.202402 0.934921
123.961284 40.148297 8.903321 -1.418159
127.842660 40.148297 6.796367 -0.540619
131.724036 40.148297 0.000000 0.000000
135.605412 40.148297 8.085793 2.269779
139.486788 40.148297 7.654871 0.329660
-54.582013 36.266921 0.000000 0.000000
-50.700637 36.266921 0.000000 0.000000
-46.819261 36.266921 9.135049 0.297484
-42.937885 36.266921 7.434076 0.323466
-39.056509 36.266921 7.183526 1.652372
-35.175133 36.266921 0.000000 0.000000
-31.293757 36.266921 0.000000 0.000000
-27.412381 36.266921 0.000000 0.000000
-23.531005 36.266921 0.000000 0.000000
-19.649629 36.266921 0.000000 0.000000
-15.768253 36.266921 0.000000 0.000000
-11.886877 36.266921 0.000000 0.000000
-8.005501 36.266921 0.000000 0.000000
-4.124125 36.266921 0.000000 0.000000
-0.242749 36.266921 0.000000 0.000000
3.638627 36.266921 0.000000 0.000000
7.520003 36.266921 0.000000 0.000000
11.401379 36.266921 0.000000 0.000000
15.282755 36.266921 0.000000 0.000000
19.164131 36.266921 0.000000 0.000000
23.045507 36.266921 0.000000 0.000000
26.926883 36.266921 0.000000 0.000000
30.808259 36.266921 0.000000 0.000000
34.689635 36.266921 0.000000 0.000000
38.571011 36.266921 0.000000 0.000000
42.452387 36.266921 0.000000 0.000000
46.333763 36.266921 0.000000 0.000000
50.215140 36.266921 0.000000 0.000000
54.096516 36.266921 0.000000 0.000000
57.977892 36.266921 0.000000 0.000000
61.859268 36.266921 0.000000 0.000000
65.740644 36.266921 0.000000 0.000000
69.622020 36.266921 0.000000 0.000000
73.503396 36.266921 0.000000 0.000000
77.384772 36.266921 9.611650 -1.885770
81.266148 36.266921 9.173393 -2.001222
85.147524 36.266921 8.068222 -1.005477
89.028900 36.266921 6.724667 -0.484393
92.910276 36.266921 0.000000 0.000000
96.791652 36.266921 7.539824 -0.410083
100.673028 36.266921 8.612519 -1.359173
104.554404 36.266921 9.830342 -1.335696
108.435780 36.266921 10.143060 -1.778533
112.317156 36.266921 9.070419 1.946676
116.198532 36.266921 8.024905 1.965383
120.079908 36.266921 8.052275 0.175659
123.961284 36.266921 8.829000 -1.054524
127.842660 36.266921 8.550558 -1.067824
131.724036 36.266921 9.576886 -1.716670
135.605412 36.266921 8.742703 1.334309
139.486788 36.266921 7.711996 0.770400
-54.582013 32.385545 0.000000 0.000000
-50.700637 32.385545 0.000000 0.000000
-46.819261 32.385545 0.000000 0.000000
-42.937885 32.385545 0.000000 0.000000
-39.056509 32.385545 0.000000 0.000000
-35.175133 32.385545 0.000000 0.000000
-31.293757 32.385545 0.000000 0.000000
-27.412381 32.385545 0.000000 0.000000
-23.531005 32.385545 0.000000 0.000000
-19.649629 32.385545 0.000000 0.000000
-15.768253 32.385545 0.000000 0.000000
-11.886877 32.385545 0.000000 0.000000
-8.005501 32.385545 0.000000 0.000000
-4.124125 32.385545 0.000000 0.000000
-0.242749 32.385545 0.000000 0.000000
3.638627 32.385545 0.000000 0.000000
7.520003 32.385545 0.000000 0.000000
11.401379 32.385545 0.000000 0.000000
15.282755 32.385545 0.000000 0.000000
19.164131 32.385545 0.000000 0.000000
23.045507 32.385545 0.000000 0.000000
26.926883 32.385545 0.000000 0.000000
30.808259 32.385545 0.000000 0.000000
34.689635 32.385545 0.000000 0.000000
38.571011 32.385545 0.000000 0.000000
42.452387 32.385545 0.000000 0.000000
46.333763 32.385545 0.000000 0.000000
50.215140 32.385545 0.000000 0.000000
54.096516 32.385545 0.000000 0.000000
57.977892 32.385545 0.000000 0.000000
61.859268 32.385545 0.000000 0.000000
65.740644 32.385545 0.000000 0.000000
69.622020 32.385545 0.000000 0.000000
73.503396 32.385545 0.000000 0.000000
77.384772 32.385545 8.589024 0.835756
81.266148 32.385545 8.811115 -0.301298
85.147524 32.385545 9.861805 -0.937558
89.028900 32.385545 11.039191 -0.337250
92.910276 32.385545 10.287322 1.074149
96.791652 32.385545 8.757680 -0.013167
100.673028 32.385545 8.670443 -0.858781
104.554404 32.385545 9.366687 -1.343279
108.435780 32.385545 9.489551 -1.332224
112.317156 32.385545 10.337395 0.405892
116.198532 32.385545 10.083770 0.901591
120.079908 32.385545 8.692366 0.031343
123.961284 32.385545 9.241441 -0.709711
127.842660 32.385545 9.862080 -0.657226
131.724036 32.385545 10.361542 0.627317
135.605412 32.385545 9.367517 0.773450
139.486788 32.385545 9.100994 0.222424
-54.582013 28.504169 0.000000 0.000000
-50.700637 28.504169 0.000000 0.000000
-46.819261 28.504169 0.000000 0.000000
-42.937885 28.504169 0.000000 0.000000
-39.056509 28.504169 0.000000 0.000000
-35.175133 28.504169 0.000000 0.000000
-31.293757 28.504169 0.000000 0.000000
-27.412381 28.504169 0.000000 0.000000
-23.531005 28.504169 0.000000 0.000000
-19.649629 28.504169 0.000000 0.000000
-15.768253 28.504169 0.000000 0.000000
-11.886877 28.504169 0.000000 0.000000
-8.005501 28.504169 0.000000 0.000000
-4.124125 28.504169 0.000000 0.000000
-0.242749 28.504169 0.000000 0.000000
3.638627 28.504169 0.000000 0.000000
7.520003 28.504169 0.000000 0.000000
11.401379 28.504169 0.000000 0.000000
15.282755 28.504169 0.000000 0.000000
19.164131 28.504169 0.000000 0.000000
23.045507 28.504169 0.000000 0.000000
26.926883 28.504169 0.000000 0.000000
30.808259 28.504169 0.000000 0.000000
34.689635 28.504169 0.000000 0.000000
38.571011 28.504169 0.000000 0.000000
42.452387 28.504169 0.000000 0.000000
46.333763 28.504169 0.000000 0.000000
50.215140 28.504169 0.000000 0.000000
54.096516 28.504169 0.000000 0.000000
57.977892 28.504169 0.000000 0.000000
61.859268 28.504169 0.000000 0.000000
65.740644 28.504169 0.000000 0.000000
69.622020 28.504169 0.000000 0.000000
73.503396 28.504169 0.000000 0.000000
77.384772 28.504169 0.000000 0.000000
81.266148 28.504169 9.135777 0.631167
85.147524 28.504169 10.158070 0.050149
89.028900 28.504169 9.442010 0.442928
92.910276 28.504169 8.745838 -0.392200
96.791652 28.504169 10.025624 -0.252314
100.673028 28.504169 9.411454 -0.071613
104.554404 28.504169 9.874693 -0.136875
108.435780 28.504169 10.268956 -0.137544
112.317156 28.504169 10.112923 0.468299
116.198532 28.504169 10.176426 0.645268
120.079908 28.504169 9.126801 0.538413
123.961284 28.504169 9.351843 0.014825
127.842660 28.504169 9.941321 -0.075194
131.724036 28.504169 10.163869 -0.142264
135.605412 28.504169 10.102592 0.348092
139.486788 28.504169 9.685265 0.002895
-54.582013 24.622793 0.000000 0.000000
-50.700637 24.622793 9.328650 -0.662397
-46.819261 24.622793 8.426140 0.044929
-42.937885 24.622793 0.000000 0.000000
-39.056509 24.622793 0.000000 0.000000
-35.175133 24.622793 0.000000 0.000000
-31.293757 24.622793 0.000000 0.000000
-27.412381 24.622793 0.000000 0.000000
-23.531005 24.622793 0.000000 0.000000
-19.649629 24.622793 0.000000 0.000000
-15.768253 24.622793 0.000000 0.000000
-11.886877 24.622793 0.000000 0.000000
-8.005501 24.622793 0.000000 0.000000
-4.124125 24.622793 0.000000 0.000000
-0.242749 24.622793 0.000000 0.000000
3.638627 24.622793 0.000000 0.000000
7.520003 24.622793 0.000000 0.000000
11.401379 24.622793 0.000000 0.000000
15.282755 24.622793 0.000000 0.000000
19.164131 24.622793 0.000000 0.000000
23.045507 24.622793 0.000000 0.000000
26.926883 24.622793 0.000000 0.000000
30.808259 24.622793 0.000000 0.000000
34.689635 24.622793 0.000000 0.000000
38.571011 24.622793 0.000000 0.000000
42.452387 24.622793 0.000000 0.000000
46.333763 24.622793 0.000000 0.000000
50.215140 24.622793 0.000000 0.000000
54.096516 24.622793 0.000000 0.000000
57.977892 24.622793 0.000000 0.000000
61.859268 24.622793 0.000000 0.000000
65.740644 24.622793 0.000000 0.000000
69.622020 24.622793 9.698612 0.802178
73.503396 24.622793 9.904413 0.577133
77.384772 24.622793 9.574160 0.426501
81.266148 24.622793 9.462221 0.226257
85.147524 24.622793 9.762215 0.303368
89.028900 24.622793 9.664487 0.216158
92.910276 24.622793 9.537671 0.450765
96.791652 24.622793 9.355175 0.300939
100.673028 24.622793 9.815338 0.041015
104.554404 24.622793 9.911952 0.070072
108.435780 24.622793 10.226293 -0.056845
112.317156 24.622793 9.630214 0.187677
116.198532 24.622793 9.830370 -0.263684
120.079908 24.622793 9.263212 -0.100948
123.961284 24.622793 9.998168 -0.307295
127.842660 24.622793 9.815536 -0.014779
131.724036 24.622793 9.607063 0.229098
135.605412 24.622793 10.080981 -0.087527
139.486788 24.622793 9.983541 0.187185
-54.582013 20.741417 0.000000 0.000000
-50.700637 20.741417 9.985268 0.237510
-46.819261 20.741417 9.187528 0.243781
-42.937885 20.741417 9.556401 -0.314618
-39.056509 20.741417 8.735242 0.085647
-35.175133 20.741417 9.424493 -0.867373
-31.293757 20.741417 0.000000 0.000000
-27.412381 20.741417 0.000000 0.000000
-23.531005 20.741417 0.000000 0.000000
-19.649629 20.741417 0.000000 0.000000
-15.768253 20.741417 0.000000 0.000000
-11.886877 20.741417 0.000000 0.000000
-8.005501 20.741417 0.000000 0.000000
-4.124125 20.741417 0.000000 0.000000
-0.242749 20.741417 0.000000 0.000000
3.638627 20.741417 0.000000 0.000000
7.520003 20.741417 0.000000 0.000000
11.401379 20.741417 10.622345 0.350580
15.282755 20.741417 10.618792 0.586924
19.164131 20.741417 10.523322 0.484549
23.045507 20.741417 10.614534 0.333562
26.926883 20.741417 10.610117 0.093375
30.808259 20.741417 10.391731 0.741694
34.689635 20.741417 10.410587 0.589672
38.571011 20.741417 10.343351 0.705499
42.452387 20.741417 10.371462 0.842435
46.333763 20.741417 10.296015 0.429695
50.215140 20.741417 10.123432 0.702320
54.096516 20.741417 10.293735 0.595960
57.977892 20.741417 9.610197 0.199683
61.859268 20.741417 10.347689 0.678100
65.740644 20.741417 10.131406 0.674031
69.622020 20.741417 9.785481 0.595922
73.503396 20.741417 10.242067 0.584624
77.384772 20.741417 9.659012 0.364423
81.266148 20.741417 9.546996 0.339287
85.147524 20.741417 9.700309 0.364305
89.028900 20.741417 9.578093 0.342569
92.910276 20.741417 9.843272 0.148988
96.791652 20.741417 9.513148 0.650529
100.673028 20.741417 9.813848 -0.199643
104.554404 20.741417 9.893540 -0.084251
108.435780 20.741417 9.718835 0.113052
112.317156 20.741417 10.086249 -0.092766
116.198532 20.741417 9.806121 -0.026091
120.079908 20.741417 9.762542 0.103792
123.961284 20.741417 10.088868 0.223755
127.842660 20.741417 9.972683 0.405530
131.724036 20.741417 9.855639 0.224202
135.605412 20.741417 9.697125 0.019063
139.486788 20.741417 9.720803 0.013742
-54.582013 16.860041 0.000000 0.000000
-50.700637 16.860041 9.236296 -0.445144
-46.819261 16.860041 9.198910 -0.745110
-42.937885 16.860041 0.000000 0.000000
-39.056509 16.860041 9.758022 -0.818731
-35.175133 16.860041 10.188367 -0.744429
-31.293757 16.860041 10.018461 -1.047502
-27.412381 16.860041 10.156181 -0.881626
-23.531005 16.860041 10.366872 -0.765090
-19.649629 16.860041 10.908905 -0.763668
-15.768253 16.860041 10.675736 -0.556167
-11.886877 16.860041 10.921947 -0.443537
-8.005501 16.860041 10.788363 -0.218056
-4.124125 16.860041 10.868773 -0.480484
-0.242749 16.860041 10.840324 0.105212
3.638627 16.860041 10.772841 -0.144014
7.520003 16.860041 10.660236 0.291087
11.401379 16.860041 10.628983 0.341124
15.282755 16.860041 10.607418 0.232241
19.164131 16.860041 10.735348 0.527395
23.045507 16.860041 10.668972 0.586654
26.926883 16.860041 10.559832 0.233171
30.808259 16.860041 10.486682 0.484000
34.689635 16.860041 10.503263 0.643109
38.571011 16.860041 10.255254 0.779307
42.452387 16.860041 10.104064 0.553843
46.333763 16.860041 10.317074 0.861264
50.215140 16.860041 10.229241 0.706026
54.096516 16.860041 10.160053 0.633294
57.977892 16.860041 10.339308 0.659751
61.859268 16.860041 9.813484 0.700671
65.740644 16.860041 9.795149 0.364151
69.622020 16.860041 10.053493 0.459758
73.503396 16.860041 9.560482 0.639890
77.384772 16.860041 9.501405 0.390222
81.266148 16.860041 9.622188 0.432736
85.147524 16.860041 9.807305 0.148843
89.028900 16.860041 9.472496 0.205263
92.910276 16.860041 9.666495 0.274058
96.791652 16.860041 9.675049 0.200118
100.673028 16.860041 9.905660 0.550462
104.554404 16.860041 9.753429 -0.069559
108.435780 16.860041 10.115939 0.158304
112.317156 16.860041 9.251389 0.330485
116.198532 16.860041 9.667510 0.038098
120.079908 16.860041 9.802925 0.196081
123.961284 16.860041 9.891050 0.087763
127.842660 16.860041 9.794363 0.317476
131.724036 16.860041 9.829685 0.003364
135.605412 16.860041 9.819345 0.316028
139.486788 16.860041 9.899053 0.097489
-54.582013 12.978665 0.000000 0.000000
-50.700637 12.978665 10.126560 -0.089365
-46.819261 12.978665 9.788227 0.277911
-42.937885 12.978665 9.848242 -0.377224
-39.056509 12.978665 9.677440 -0.470952
-35.175133 12.978665 9.612058 -0.336829
-31.293757 12.978665 9.520702 -0.694354
-27.412381 12.978665 10.260153 -0.816626
-23.531005 12.978665 10.391687 -0.434473
-19.649629 12.978665 10.612736 -0.597948
-15.768253 12.978665 10.547610 -0.213843
-11.886877 12.978665 10.797729 -0.384567
-8.005501 12.978665 10.662763 -0.220866
-4.124125 12.978665 10.614630 0.337981
-0.242749 12.978665 10.715643 0.108854
3.638627 12.978665 10.728991 0.129831
7.520003 12.978665 10.767067 0.139330
11.401379 12.978665 10.761817 0.247188
15.282755 12.978665 10.785843 0.057775
19.164131 12.978665 10.703299 0.308998
23.045507 12.978665 10.391759 0.487526
26.926883 12.978665 10.555776 0.282909
30.808259 12.978665 10.667939 0.425856
34.689635 12.978665 10.427356 0.410344
38.571011 12.978665 10.300246 0.525376
42.452387 12.978665 10.215515 0.572764
46.333763 12.978665 10.287100 0.650026
50.215140 12.978665 10.087234 0.569397
54.096516 12.978665 10.120699 0.566997
57.977892 12.978665 9.978013 0.626689
61.859268 12.978665 10.210141 0.539576
65.740644 12.978665 9.951649 0.567592
69.622020 12.978665 9.886467 0.382366
73.503396 12.978665 9.710590 0.504015
77.384772 12.978665 9.735051 0.484966
81.266148 12.978665 9.880495 0.438628
85.147524 12.978665 9.419631 0.439188
89.028900 12.978665 9.815635 0.098584
92.910276 12.978665 9.696160 0.316439
96.791652 12.978665 9.823617 0.219793
100.673028 12.978665 9.676958 -0.006647
104.554404 12.978665 9.883027 0.244395
108.435780 12.978665 9.882734 -0.006026
112.317156 12.978665 9.842764 0.278731
116.198532 12.978665 9.682143 0.235059
120.079908 12.978665 9.759414 0.008631
123.961284 12.978665 9.794209 0.006495
127.842660 12.978665 9.939020 0.095143
131.724036 12.978665 9.836042 0.165415
135.605412 12.978665 10.081277 0.061185
139.486788 12.978665 9.880483 0.194204
-54.582013 9.097289 0.000000 0.000000
-50.700637 9.097289 0.000000 0.000000
-46.819261 9.097289 9.391823 -0.442970
-42.937885 9.097289 9.878533 0.354741
-39.056509 9.097289 10.006459 -0.145149
-35.175133 9.097289 10.158030 -0.423396
-31.293757 9.097289 10.209296 -0.477394
-27.412381 9.097289 10.046301 -0.455975
-23.531005 9.097289 10.642790 -0.586057
-19.649629 9.097289 10.523402 -0.521270
-15.768253 9.097289 10.538368 -0.559454
-11.886877 9.097289 10.573272 -0.278426
-8.005501 9.097289 10.532918 -0.100316
-4.124125 9.097289 10.466046 -0.557603
-0.242749 9.097289 10.465318 0.002676
3.638627 9.097289 10.724558 0.054569
7.520003 9.097289 10.628162 0.343069
11.401379 9.097289 10.768344 -0.119633
15.282755 9.097289 10.618542 0.297258
19.164131 9.097289 10.589207 0.167069
23.045507 9.097289 10.647040 0.188322
26.926883 9.097289 10.470257 -0.013651
30.808259 9.097289 10.392669 0.261400
34.689635 9.097289 10.509777 0.524460
38.571011 9.097289 10.320346 0.800224
42.452387 9.097289 10.066751 0.353102
46.333763 9.097289 10.335455 0.609676
50.215140 9.097289 10.201726 0.485926
54.096516 9.097289 10.106788 0.485377
57.977892 9.097289 9.990250 0.313179
61.859268 9.097289 9.998011 0.510568
65.740644 9.097289 9.978491 0.448146
69.622020 9.097289 10.001614 0.445877
73.503396 9.097289 9.897054 0.442351
77.384772 9.097289 9.923491 0.429627
81.266148 9.097289 9.891729 0.256499
85.147524 9.097289 9.851910 0.171942
89.028900 9.097289 9.875899 0.410251
92.910276 9.097289 9.876423 0.150965
96.791652 9.097289 9.684176 0.311570
100.673028 9.097289 9.818096 0.624303
104.554404 9.097289 9.802442 0.137464
108.435780 9.097289 9.863261 0.053023
112.317156 9.097289 9.751030 0.322897
116.198532 9.097289 10.089936 0.598315
120.079908 9.097289 10.114508 0.218391
123.961284 9.097289 9.817093 0.110956
127.842660 9.097289 9.821384 0.163282
131.724036 9.097289 9.835351 0.092565
135.605412 9.097289 9.992526 -0.295814
139.486788 9.097289 9.704137 0.196623
-54.582013 5.215913 0.000000 0.000000
-50.700637 5.215913 0.000000 0.000000
-46.819261 5.215913 9.449512 -0.414267
-42.937885 5.215913 8.934149 -0.214614
-39.056509 5.215913 10.204462 0.150649
-35.175133 5.215913 10.091416 -0.630397
-31.293757 5.215913 10.095090 -0.347318
-27.412381 5.215913 10.107050 -0.347969
-23.531005 5.215913 10.192842 -0.623683
-19.649629 5.215913 10.211082 -0.239624
-15.768253 5.215913 10.515184 -0.247649
-11.886877 5.215913 10.674756 -0.132218
-8.005501 5.215913 10.473885 -0.292643
-4.124125 5.215913 10.425387 -0.314459
-0.242749 5.215913 10.886045 -0.357713
3.638627 5.215913 10.536616 0.109978
7.520003 5.215913 10.544445 -0.089131
11.401379 5.215913 10.411124 0.068659
15.282755 5.215913 10.427229 0.277942
19.164131 5.215913 10.407833 0.261940
23.045507 5.215913 10.417713 0.536246
26.926883 5.215913 10.380010 0.670380
30.808259 5.215913 10.429583 0.345162
34.689635 5.215913 10.322499 0.227586
38.571011 5.215913 10.361647 0.492898
42.452387 5.215913 10.955239 -0.154397
46.333763 5.215913 10.165069 0.419280
50.215140 5.215913 10.208879 0.529846
54.096516 5.215913 10.195279 0.463790
57.977892 5.215913 10.183847 0.589962
61.859268 5.215913 10.027814 0.233469
65.740644 5.215913 10.092755 0.472740
69.622020 5.215913 9.821140 0.472894
73.503396 5.215913 9.617745 0.370660
77.384772 5.215913 9.900413 0.368300
81.266148 5.215913 10.011876 0.373147
85.147524 5.215913 9.857320 0.485849
89.028900 5.215913 9.872229 0.062314
92.910276 5.215913 9.996774 0.243364
96.791652 5.215913 9.974311 0.259731
100.673028 5.215913 9.816581 0.040100
104.554404 5.215913 9.830416 0.262410
108.435780 5.215913 9.845293 0.182854
112.317156 5.215913 9.936624 0.088420
116.198532 5.215913 9.911625 0.076515
120.079908 5.215913 9.849559 0.207084
123.961284 5.215913 9.906360 0.139606
127.842660 5.215913 9.792200 0.149637
131.724036 5.215913 9.744249 0.145311
135.605412 5.215913 9.844790 0.194164
139.486788 5.215913 9.799122 0.027122
-54.582013 1.334537 0.000000 0.000000
-50.700637 1.334537 0.000000 0.000000
-46.819261 1.334537 9.609068 0.520306
-42.937885 1.334537 10.051060 -0.338041
-39.056509 1.334537 10.214546 -0.499428
-35.175133 1.334537 10.163079 -0.198750
-31.293757 1.334537 10.356526 -0.348557
-27.412381 1.334537 10.714171 -0.248505
-23.531005 1.334537 10.083443 -0.069349
-19.649629 1.334537 10.192488 -0.387567
-15.768253 1.334537 10.447930 0.059418
-11.886877 1.334537 10.481509 -0.514973
-8.005501 1.334537 10.492346 -0.431574
-4.124125 1.334537 10.426427 0.014282
-0.242749 1.334537 10.541536 0.019976
3.638627 1.334537 10.341750 0.179222
7.520003 1.334537 10.633153 -0.047033
11.401379 1.334537 10.460577 0.232301
15.282755 1.334537 10.716982 0.142274
19.164131 1.334537 10.290688 -0.139717
23.045507 1.334537 10.513497 0.255428
26.926883 1.334537 10.345252 0.481185
30.808259 1.334537 10.312989 0.204398
34.689635 1.334537 10.316472 0.290149
38.571011 1.334537 10.314516 0.289566
42.452387 1.334537 10.165908 0.335428
46.333763 1.334537 9.918221 0.237860
50.215140 1.334537 10.369143 0.686857
54.096516 1.334537 9.834441 0.729871
57.977892 1.334537 10.117210 0.458234
61.859268 1.334537 9.993269 0.773008
65.740644 1.334537 9.951145 0.354219
69.622020 1.334537 10.038308 0.440479
73.503396 1.334537 10.051649 0.350640
77.384772 1.334537 9.983028 0.346689
81.266148 1.334537 9.880955 0.293994
85.147524 1.334537 10.035995 0.376110
89.028900 1.334537 9.990404 0.366812
92.910276 1.334537 9.904573 0.283937
96.791652 1.334537 9.869428 0.203074
100.673028 1.334537 9.957657 0.280725
104.554404 1.334537 9.954795 0.195953
108.435780 1.334537 9.959128 0.221807
112.317156 1.334537 9.882806 0.191305
116.198532 1.334537 9.662096 0.303134
120.079908 1.334537 9.850833 0.125206
123.961284 1.334537 9.893096 0.046606
127.842660 1.334537 9.957996 0.259596
131.724036 1.334537 9.838881 0.289407
135.605412 1.334537 9.940553 0.240145
139.486788 1.334537 9.928103 0.073396
-54.582013 -2.546839 0.000000 0.000000
-50.700637 -2.546839 0.000000 0.000000
-46.819261 -2.546839 10.101846 -1.015721
-42.937885 -2.546839 9.553461 -0.351422
-39.056509 -2.546839 9.532196 -0.490779
-35.175133 -2.546839 9.982442 0.052029
-31.293757 -2.546839 10.210006 -0.391125
-27.412381 -2.546839 10.054352 -0.221138
-23.531005 -2.546839 10.040640 -0.000236
-19.649629 -2.546839 10.290465 -0.158844
-15.768253 -2.546839 10.371415 -0.493413
-11.886877 -2.546839 10.429645 0.045543
-8.005501 -2.546839 10.439182 -0.148269
-4.124125 -2.546839 10.274169 0.094284
-0.242749 -2.546839 10.444370 -0.315853
3.638627 -2.546839 10.366317 0.124092
7.520003 -2.546839 10.417331 0.246921
11.401379 -2.546839 10.535472 0.112141
15.282755 -2.546839 10.311077 0.513144
19.164131 -2.546839 10.442433 0.439905
23.045507 -2.546839 10.218097 0.372942
26.926883 -2.546839 10.443146 0.431742
30.808259 -2.546839 10.284574 0.394626
34.689635 -2.546839 10.416732 0.224858
38.571011 -2.546839 10.203487 0.430178
42.452387 -2.546839 10.109039 0.447483
46.333763 -2.546839 10.154701 0.371110
50.215140 -2.546839 10.193722 0.342531
54.096516 -2.546839 10.221058 0.385938
57.977892 -2.546839 10.109977 0.255331
61.859268 -2.546839 10.086466 0.250514
65.740644 -2.546839 10.012728 0.311549
69.622020 -2.546839 10.085741 0.417090
73.503396 -2.546839 10.041261 0.255081
77.384772 -2.546839 9.971624 0.325682
81.266148 -2.546839 9.909636 0.415968
85.147524 -2.546839 9.882506 0.328803
89.028900 -2.546839 9.905888 0.346919
92.910276 -2.546839 9.844256 0.355107
96.791652 -2.546839 10.048145 0.337259
100.673028 -2.546839 9.919155 0.179139
104.554404 -2.546839 9.792095 0.299932
108.435780 -2.546839 10.033438 0.217714
112.317156 -2.546839 9.849627 0.072336
116.198532 -2.546839 9.895958 0.104460
120.079908 -2.546839 9.925632 0.290260
123.961284 -2.546839 9.897115 0.195620
127.842660 -2.546839 9.948508 0.400573
131.724036 -2.546839 10.047710 0.322957
135.605412 -2.546839 9.798117 0.154076
139.486788 -2.546839 9.893907 0.033877
-54.582013 -6.428215 0.000000 0.000000
-50.700637 -6.428215 0.000000 0.000000
-46.819261 -6.428215 9.031269 -0.340452
-42.937885 -6.428215 9.752316 -0.496598
-39.056509 -6.428215 9.940637 -0.138867
-35.175133 -6.428215 9.547786 0.240145
-31.293757 -6.428215 9.716953 0.167808
-27.412381 -6.428215 10.421362 0.004413
-23.531005 -6.428215 10.293171 -0.228933
-19.649629 -6.428215 10.232233 -0.138457
-15.768253 -6.428215 10.287905 -0.276472
-11.886877 -6.428215 10.349101 -0.297620
-8.005501 -6.428215 10.515385 -0.322299
-4.124125 -6.428215 10.367402 0.002335
-0.242749 -6.428215 10.327123 -0.166108
3.638627 -6.428215 10.375444 0.198733
7.520003 -6.428215 10.330951 0.020090
11.401379 -6.428215 10.352377 0.194061
15.282755 -6.428215 10.368001 0.351331
19.164131 -6.428215 10.396490 0.063999
23.045507 -6.428215 10.340162 0.235464
26.926883 -6.428215 10.276977 0.186783
30.808259 -6.428215 10.332200 0.497677
34.689635 -6.428215 10.277285 0.270838
38.571011 -6.428215 10.149775 0.313878
42.452387 -6.428215 10.161043 0.351504
46.333763 -6.428215 10.279463 0.419346
50.215140 -6.428215 10.216415 0.473721
54.096516 -6.428215 9.982902 0.384982
57.977892 -6.428215 10.072557 0.363628
61.859268 -6.428215 10.146381 0.476102
65.740644 -6.428215 10.094442 0.332203
69.622020 -6.428215 10.063932 0.383982
73.503396 -6.428215 9.900308 0.341328
77.384772 -6.428215 9.979485 0.317848
81.266148 -6.428215 10.002054 0.278066
85.147524 -6.428215 9.875992 0.304588
89.028900 -6.428215 9.820659 0.237707
92.910276 -6.428215 9.999448 0.337597
96.791652 -6.428215 9.816282 0.119160
100.673028 -6.428215 9.846129 0.168847
104.554404 -6.428215 9.910561 0.185447
108.435780 -6.428215 9.877549 0.337406
112.317156 -6.428215 10.047445 0.261246
116.198532 -6.428215 9.978658 0.314459
120.079908 -6.428215 9.873344 0.211554
123.961284 -6.428215 9.727303 0.109500
127.842660 -6.428215 9.810403 0.214457
131.724036 -6.428215 9.891513 0.290734
135.605412 -6.428215 9.669169 0.171390
139.486788 -6.428215 9.941809 0.162129
-54.582013 -10.309591 0.000000 0.000000
-50.700637 -10.309591 10.332771 -0.357269
-46.819261 -10.309591 10.069660 -2.028617
-42.937885 -10.309591 10.058990 0.668186
-39.056509 -10.309591 10.031229 -0.142888
-35.175133 -10.309591 10.217572 -0.262628
-31.293757 -10.309591 10.147655 -0.275579
-27.412381 -10.309591 9.649582 -0.213696
-23.531005 -10.309591 9.956485 0.010327
-19.649629 -10.309591 10.298436 -0.262973
-15.768253 -10.309591 10.299491 -0.331542
-11.886877 -10.309591 10.212477 0.203764
-8.005501 -10.309591 10.362902 -0.127781
-4.124125 -10.309591 10.507294 0.191834
-0.242749 -10.309591 10.547068 0.255408
3.638627 -10.309591 10.463532 -0.053651
7.520003 -10.309591 10.347621 0.127929
11.401379 -10.309591 10.445364 0.192711
15.282755 -10.309591 10.480572 0.334568
19.164131 -10.309591 10.369185 0.203993
23.045507 -10.309591 10.278004 0.329537
26.926883 -10.309591 10.311490 0.322928
30.808259 -10.309591 10.358661 0.469038
34.689635 -10.309591 10.251555 0.364753
38.571011 -10.309591 9.999250 0.481222
42.452387 -10.309591 10.070277 0.346934
46.333763 -10.309591 10.182321 0.399930
50.215140 -10.309591 10.090137 0.337497
54.096516 -10.309591 10.280585 0.456775
57.977892 -10.309591 10.118650 0.294670
61.859268 -10.309591 10.197473 0.339255
65.740644 -10.309591 9.986114 0.461684
69.622020 -10.309591 10.037457 0.293806
73.503396 -10.309591 10.007906 0.454536
77.384772 -10.309591 9.877312 0.134247
81.266148 -10.309591 9.968920 0.376854
85.147524 -10.309591 10.125036 0.242340
89.028900 -10.309591 9.989195 0.363930
92.910276 -10.309591 9.838550 0.266852
96.791652 -10.309591 9.693686 0.363036
100.673028 -10.309591 10.009285 0.298109
104.554404 -10.309591 10.003813 0.331750
108.435780 -10.309591 9.929023 0.389476
112.317156 -10.309591 9.967546 0.115398
116.198532 -10.309591 9.962679 0.278733
120.079908 -10.309591 9.989670 0.099958
123.961284 -10.309591 10.023440 0.135541
127.842660 -10.309591 9.897223 0.262393
131.724036 -10.309591 9.964866 0.098198
135.605412 -10.309591 9.794353 0.280732
139.486788 -10.309591 9.846524 0.069680
-54.582013 -14.190967 0.000000 0.000000
-50.700637 -14.190967 0.000000 0.000000
-46.819261 -14.190967 0.000000 0.000000
-42.937885 -14.190967 9.890347 -0.166856
-39.056509 -14.190967 9.800464 -0.624067
-35.175133 -14.190967 10.305706 -0.152003
-31.293757 -14.190967 10.039394 0.260055
-27.412381 -14.190967 10.231737 0.166244
-23.531005 -14.190967 10.146558 -0.151528
-19.649629 -14.190967 10.054444 -0.302170
-15.768253 -14.190967 10.268160 -0.276118
-11.886877 -14.190967 10.394556 -0.070988
-8.005501 -14.190967 10.354406 0.237582
-4.124125 -14.190967 10.232635 -0.016583
-0.242749 -14.190967 10.339918 -0.025328
3.638627 -14.190967 10.381142 -0.206683
7.520003 -14.190967 10.375586 0.040444
11.401379 -14.190967 10.295336 0.173371
15.282755 -14.190967 10.323653 0.306260
19.164131 -14.190967 10.468141 0.147847
23.045507 -14.190967 10.306542 0.281307
26.926883 -14.190967 10.354116 0.141613
30.808259 -14.190967 10.317637 0.256963
34.689635 -14.190967 10.354712 0.275923
38.571011 -14.190967 10.193682 0.244634
42.452387 -14.190967 10.219522 0.296975
46.333763 -14.190967 10.330917 0.294582
50.215140 -14.190967 10.117118 0.431194
54.096516 -14.190967 10.029684 0.511705
57.977892 -14.190967 10.165941 0.416291
61.859268 -14.190967 10.094452 0.395101
65.740644 -14.190967 10.108265 0.329319
69.622020 -14.190967 9.978476 0.387812
73.503396 -14.190967 10.124897 0.314755
77.384772 -14.190967 9.991416 0.376127
81.266148 -14.190967 10.016580 0.397868
85.147524 -14.190967 10.004350 0.291195
89.028900 -14.190967 9.947096 0.283949
92.910276 -14.190967 9.747633 0.430375
96.791652 -14.190967 9.972538 0.316086
100.673028 -14.190967 9.942286 0.295317
104.554404 -14.190967 9.992517 0.306629
108.435780 -14.190967 9.841930 0.223820
112.317156 -14.190967 9.785176 0.140706
116.198532 -14.190967 9.924001 0.181016
120.079908 -14.190967 10.027157 0.167268
123.961284 -14.190967 9.939078 0.063158
127.842660 -14.190967 9.971002 0.169831
131.724036 -14.190967 10.069969 0.129357
135.605412 -14.190967 9.848467 0.210226
139.486788 -14.190967 9.764911 -0.019794
-54.582013 -18.072343 0.000000 0.000000
-50.700637 -18.072343 0.000000 0.000000
-46.819261 -18.072343 7.828213 -0.316513
-42.937885 -18.072343 10.006574 -0.413481
-39.056509 -18.072343 10.248437 0.132906
-35.175133 -18.072343 10.086206 0.004687
-31.293757 -18.072343 9.731523 -0.201728
-27.412381 -18.072343 10.449170 0.013591
-23.531005 -18.072343 10.183530 -0.440923
-19.649629 -18.072343 10.294929 0.135096
-15.768253 -18.072343 10.270813 0.074707
-11.886877 -18.072343 10.074494 0.159653
-8.005501 -18.072343 10.319097 0.175178
-4.124125 -18.072343 10.265841 0.084416
-0.242749 -18.072343 10.209756 0.091130
3.638627 -18.072343 10.240201 0.164604
7.520003 -18.072343 10.279074 0.263778
11.401379 -18.072343 10.284953 -0.079499
15.282755 -18.072343 10.332623 0.348480
19.164131 -18.072343 10.305531 0.088196
23.045507 -18.072343 10.202263 0.260205
26.926883 -18.072343 10.288756 0.247226
30.808259 -18.072343 10.305663 0.248590
34.689635 -18.072343 10.180865 0.228976
38.571011 -18.072343 10.170364 0.382267
42.452387 -18.072343 10.226912 0.276043
46.333763 -18.072343 10.134607 0.418735
50.215140 -18.072343 10.177768 0.399859
54.096516 -18.072343 10.121649 0.441631
57.977892 -18.072343 10.156965 0.324908
61.859268 -18.072343 10.017391 0.394771
65.740644 -18.072343 9.978176 0.319345
69.622020 -18.072343 10.159417 0.302227
73.503396 -18.072343 9.956547 0.251802
77.384772 -18.072343 9.958854 0.289501
81.266148 -18.072343 9.944081 0.248159
85.147524 -18.072343 9.984228 0.399919
89.028900 -18.072343 9.931521 0.245773
92.910276 -18.072343 0.000000 0.000000
96.791652 -18.072343 10.046761 0.219852
100.673028 -18.072343 9.847245 0.297062
104.554404 -18.072343 9.880767 0.149187
108.435780 -18.072343 9.879727 0.235329
112.317156 -18.072343 9.914500 0.306683
116.198532 -18.072343 9.914300 0.309750
120.079908 -18.072343 9.800588 0.267079
123.961284 -18.072343 9.920401 0.264910
127.842660 -18.072343 10.033565 0.242189
131.724036 -18.072343 9.936472 0.304147
135.605412 -18.072343 9.901107 0.044477
139.486788 -18.072343 9.924195 0.103490
-54.582013 -21.953719 0.000000 0.000000
-50.700637 -21.953719 0.000000 0.000000
-46.819261 -21.953719 0.000000 0.000000
-42.937885 -21.953719 9.829496 -0.292368
-39.056509 -21.953719 10.197738 -0.137251
-35.175133 -21.953719 9.610262 0.300692
-31.293757 -21.953719 10.235753 -0.054143
-27.412381 -21.953719 10.328376 0.399233
-23.531005 -21.953719 10.242971 -0.228452
-19.649629 -21.953719 10.225266 -0.123196
-15.768253 -21.953719 10.306613 -0.089106
-11.886877 -21.953719 10.387524 -0.101057
-8.005501 -21.953719 10.236021 -0.099589
-4.124125 -21.953719 10.298686 -0.005566
-0.242749 -21.953719 10.278713 0.202268
3.638627 -21.953719 10.220133 -0.027791
7.520003 -21.953719 10.328891 -0.082250
11.401379 -21.953719 10.282460 0.104582
15.282755 -21.953719 10.363954 0.154453
19.164131 -21.953719 10.240741 0.211597
23.045507 -21.953719 10.389146 0.260041
26.926883 -21.953719 10.155149 0.271547
30.808259 -21.953719 10.225188 0.301832
34.689635 -21.953719 10.295323 0.231118
38.571011 -21.953719 10.186621 0.196746
42.452387 -21.953719 10.220386 0.523689
46.333763 -21.953719 10.225410 0.393326
50.215140 -21.953719 10.196440 0.191700
54.096516 -21.953719 10.150716 0.148712
57.977892 -21.953719 10.058873 0.215274
61.859268 -21.953719 10.073023 0.305490
65.740644 -21.953719 10.079250 0.337302
69.622020 -21.953719 9.939057 0.399367
73.503396 -21.953719 10.017509 0.319140
77.384772 -21.953719 10.063028 0.346128
81.266148 -21.953719 10.057161 0.219734
85.147524 -21.953719 9.919821 0.314791
89.028900 -21.953719 9.844815 0.311294
92.910276 -21.953719 9.936139 0.215805
96.791652 -21.953719 10.037376 0.274832
100.673028 -21.953719 10.166981 0.402416
104.554404 -21.953719 10.004707 0.338677
108.435780 -21.953719 9.859961 0.116672
112.317156 -21.953719 9.873027 0.206049
116.198532 -21.953719 10.031726 0.269767
120.079908 -21.953719 9.993260 0.327379
123.961284 -21.953719 9.995108 0.171167
127.842660 -21.953719 9.985234 0.132562
131.724036 -21.953719 9.817809 0.162289
135.605412 -21.953719 9.989500 0.372183
139.486788 -21.953719 9.703403 0.284854
-54.582013 -25.835095 0.000000 0.000000
-50.700637 -25.835095 0.000000 0.000000
-46.819261 -25.835095 10.241987 -0.612654
-42.937885 -25.835095 10.492580 0.581060
-39.056509 -25.835095 10.312237 0.275889
-35.175133 -25.835095 9.866155 0.055156
-31.293757 -25.835095 10.180720 0.197776
-27.412381 -25.835095 10.339875 -0.157417
-23.531005 -25.835095 10.236570 -0.043739
-19.649629 -25.835095 10.025195 0.003478
-15.768253 -25.835095 10.307221 0.207424
-11.886877 -25.835095 10.272747 0.305515
-8.005501 -25.835095 10.186704 0.035850
-4.124125 -25.835095 10.310420 0.018084
-0.242749 -25.835095 10.396769 0.055937
3.638627 -25.835095 10.318181 0.096972
7.520003 -25.835095 10.395660 0.250985
11.401379 -25.835095 10.203479 0.229181
15.282755 -25.835095 10.279509 0.260570
19.164131 -25.835095 10.095344 0.241393
23.045507 -25.835095 10.278580 0.412884
26.926883 -25.835095 10.302085 0.168205
30.808259 -25.835095 10.075022 0.234320
34.689635 -25.835095 10.257259 0.376224
38.571011 -25.835095 10.193981 0.312220
42.452387 -25.835095 10.214108 0.249663
46.333763 -25.835095 10.054062 0.330439
50.215140 -25.835095 10.081721 0.328975
54.096516 -25.835095 10.184209 0.265026
57.977892 -25.835095 10.074747 0.169336
61.859268 -25.835095 10.012554 0.306823
65.740644 -25.835095 10.147557 0.287899
69.622020 -25.835095 10.078797 0.384095
73.503396 -25.835095 10.044188 0.395935
77.384772 -25.835095 10.138152 0.356413
81.266148 -25.835095 9.926012 0.158069
85.147524 -25.835095 10.010716 0.132723
89.028900 -25.835095 10.028545 0.277760
92.910276 -25.835095 10.059842 0.339668
96.791652 -25.835095 9.981384 0.369615
100.673028 -25.835095 10.014800 0.198187
104.554404 -25.835095 9.746618 0.091830
108.435780 -25.835095 10.140521 0.302787
112.317156 -25.835095 10.009007 0.288696
116.198532 -25.835095 10.055267 0.108570
120.079908 -25.835095 10.012256 0.049286
123.961284 -25.835095 9.999528 0.060027
127.842660 -25.835095 9.969468 0.179666
131.724036 -25.835095 10.159152 0.221892
135.605412 -25.835095 9.805202 0.220058
139.486788 -25.835095 9.744259 0.217578
-54.582013 -29.716471 0.000000 0.000000
-50.700637 -29.716471 0.000000 0.000000
-46.819261 -29.716471 0.000000 0.000000
-42.937885 -29.716471 0.000000 0.000000
-39.056509 -29.716471 10.763878 -0.257353
-35.175133 -29.716471 9.518210 -0.014580
-31.293757 -29.716471 10.187797 0.010508
-27.412381 -29.716471 9.777058 0.404282
-23.531005 -29.716471 10.366357 0.115751
-19.649629 -29.716471 9.902884 0.044686
-15.768253 -29.716471 10.197343 0.133233
-11.886877 -29.716471 10.241811 0.191149
-8.005501 -29.716471 10.254853 0.073117
-4.124125 -29.716471 10.168835 0.339028
-0.242749 -29.716471 10.221968 0.181909
3.638627 -29.716471 10.367356 0.114786
7.520003 -29.716471 10.210974 0.167403
11.401379 -29.716471 10.268515 0.155216
15.282755 -29.716471 10.205583 0.158000
19.164131 -29.716471 10.200363 0.283023
23.045507 -29.716471 10.206372 0.217776
26.926883 -29.716471 10.358077 0.388514
30.808259 -29.716471 10.099307 0.171887
34.689635 -29.716471 10.257200 0.225015
38.571011 -29.716471 10.261960 0.292958
42.452387 -29.716471 10.095889 0.430064
46.333763 -29.716471 10.116076 0.239586
50.215140 -29.716471 10.083940 0.169291
54.096516 -29.716471 10.021867 0.184280
57.977892 -29.716471 10.225386 0.462769
61.859268 -29.716471 10.148220 0.242476
65.740644 -29.716471 9.944505 0.238498
69.622020 -29.716471 10.022268 0.363772
73.503396 -29.716471 10.094538 0.448948
77.384772 -29.716471 10.004300 0.263948
81.266148 -29.716471 9.968386 0.303243
85.147524 -29.716471 9.998982 0.309588
89.028900 -29.716471 9.964160 0.235836
92.910276 -29.716471 10.018897 0.277911
96.791652 -29.716471 10.046769 0.370902
100.673028 -29.716471 10.030171 0.229553
104.554404 -29.716471 10.083634 0.228259
108.435780 -29.716471 9.876032 0.182520
112.317156 -29.716471 9.907707 0.137128
116.198532 -29.716471 10.018123 0.181365
120.079908 -29.716471 9.922477 0.389311
123.961284 -29.716471 10.003613 0.073945
127.842660 -29.716471 10.093218 -0.035586
131.724036 -29.716471 10.037143 0.104120
135.605412 -29.716471 9.875365 0.450668
139.486788 -29.716471 9.830638 0.141804
-54.582013 -33.597847 0.000000 0.000000
-50.700637 -33.597847 0.000000 0.000000
-46.819261 -33.597847 0.000000 0.000000
-42.937885 -33.597847 0.000000 0.000000
-39.056509 -33.597847 10.108317 0.187319
-35.175133 -33.597847 10.266056 -0.442149
-31.293757 -33.597847 10.270066 0.009097
-27.412381 -33.597847 10.140382 0.210872
-23.531005 -33.597847 10.107201 0.024656
-19.649629 -33.597847 10.284296 -0.062469
-15.768253 -33.597847 10.278639 -0.092738
-11.886877 -33.597847 10.259909 0.046137
-8.005501 -33.597847 10.190264 0.019867
-4.124125 -33.597847 10.284805 0.063069
-0.242749 -33.597847 10.173887 -0.083990
3.638627 -33.597847 10.191463 0.116069
7.520003 -33.597847 10.235790 0.278992
11.401379 -33.597847 10.258820 0.084712
15.282755 -33.597847 10.282766 0.125951
19.164131 -33.597847 10.265313 0.334469
23.045507 -33.597847 10.309494 0.451781
26.926883 -33.597847 10.134315 0.274659
30.808259 -33.597847 10.158612 0.299943
34.689635 -33.597847 10.262969 0.322465
38.571011 -33.597847 10.048155 0.252282
42.452387 -33.597847 10.127738 0.189203
46.333763 -33.597847 10.157930 0.297060
50.215140 -33.597847 10.074593 0.306729
54.096516 -33.597847 10.173681 0.361009
57.977892 -33.597847 10.285752 0.303905
61.859268 -33.597847 10.155124 0.149522
65.740644 -33.597847 10.020914 0.331349
69.622020 -33.597847 10.000454 0.027304
73.503396 -33.597847 10.124639 0.271112
77.384772 -33.597847 10.198432 0.404535
81.266148 -33.597847 10.107253 0.249833
85.147524 -33.597847 9.958543 0.259184
89.028900 -33.597847 9.875303 0.336735
92.910276 -33.597847 9.999362 0.219432
96.791652 -33.597847 9.975064 0.285115
100.673028 -33.597847 10.060160 0.169205
104.554404 -33.597847 9.877666 0.201618
108.435780 -33.597847 10.071623 0.283687
112.317156 -33.597847 9.807482 0.432553
116.198532 -33.597847 10.040689 0.310360
120.079908 -33.597847 9.840823 0.222602
123.961284 -33.597847 9.971377 0.165312
127.842660 -33.597847 9.712308 0.402123
131.724036 -33.597847 9.962386 0.089953
135.605412 -33.597847 10.082893 0.436546
139.486788 -33.597847 9.854716 0.137336
-54.582013 -37.479223 0.000000 0.000000
-50.700637 -37.479223 0.000000 0.000000
-46.819261 -37.479223 0.000000 0.000000
-42.937885 -37.479223 9.308312 -0.264921
-39.056509 -37.479223 10.284783 -0.076006
-35.175133 -37.479223 9.995558 -0.358452
-31.293757 -37.479223 9.890378 -0.152535
-27.412381 -37.479223 10.102907 -0.087354
-23.531005 -37.479223 10.220206 0.247390
-19.649629 -37.479223 10.125742 0.173042
-15.768253 -37.479223 10.351227 -0.175792
-11.886877 -37.479223 10.146808 0.325352
-8.005501 -37.479223 10.267284 -0.208375
-4.124125 -37.479223 10.156021 0.136614
-0.242749 -37.479223 10.131106 0.289891
3.638627 -37.479223 10.246108 0.261095
7.520003 -37.479223 10.141579 -0.098437
11.401379 -37.479223 10.138599 0.289509
15.282755 -37.479223 10.297255 0.181890
19.164131 -37.479223 10.128139 0.186554
23.045507 -37.479223 10.197725 0.245425
26.926883 -37.479223 10.123087 0.405408
30.808259 -37.479223 10.214379 0.237988
34.689635 -37.479223 10.252682 0.351558
38.571011 -37.479223 10.060227 0.132888
42.452387 -37.479223 10.181960 0.334853
46.333763 -37.479223 10.134669 0.393753
50.215140 -37.479223 10.198937 0.163194
54.096516 -37.479223 10.127726 0.409828
57.977892 -37.479223 10.065703 0.290622
61.859268 -37.479223 9.999352 0.316904
65.740644 -37.479223 10.049142 0.270764
69.622020 -37.479223 10.138762 0.288539
73.503396 -37.479223 10.158585 0.346906
77.384772 -37.479223 10.013366 0.242656
81.266148 -37.479223 10.168097 0.328863
85.147524 -37.479223 10.001268 0.220814
89.028900 -37.479223 10.080849 0.189732
92.910276 -37.479223 10.081758 0.147659
96.791652 -37.479223 10.048808 0.217080
100.673028 -37.479223 9.937533 0.304499
104.554404 -37.479223 9.899198 0.298778
108.435780 -37.479223 9.954881 0.174671
112.317156 -37.479223 9.867929 0.052228
116.198532 -37.479223 9.840061 0.413094
120.079908 -37.479223 9.910505 0.308112
123.961284 -37.479223 9.534266 0.396278
127.842660 -37.479223 10.074630 -0.179575
131.724036 -37.479223 9.649844 0.276726
135.605412 -37.479223 10.110739 0.065396
139.486788 -37.479223 9.937141 0.067333
-54.582013 -41.360599 0.000000 0.000000
-50.700637 -41.360599 0.000000 0.000000
-46.819261 -41.360599 0.000000 0.000000
-42.937885 -41.360599 0.000000 0.000000
-39.056509 -41.360599 9.928813 0.632988
-35.175133 -41.360599 9.469640 0.366512
-31.293757 -41.360599 9.722086 0.169850
-27.412381 -41.360599 10.000555 0.029571
-23.531005 -41.360599 10.175201 -0.415373
-19.649629 -41.360599 10.108915 0.201500
-15.768253 -41.360599 10.089467 0.536883
-11.886877 -41.360599 10.285456 0.218824
-8.005501 -41.360599 10.184489 -0.099800
-4.124125 -41.360599 10.098727 0.211784
-0.242749 -41.360599 10.363929 0.132050
3.638627 -41.360599 10.209441 0.213193
7.520003 -41.360599 10.310577 0.204143
11.401379 -41.360599 10.226231 0.177481
15.282755 -41.360599 10.272525 0.173255
19.164131 -41.360599 10.283988 0.216508
23.045507 -41.360599 10.112731 0.212723
26.926883 -41.360599 10.119049 0.326303
30.808259 -41.360599 10.086293 0.108436
34.689635 -41.360599 10.232258 0.230318
38.571011 -41.360599 10.239140 0.334737
42.452387 -41.360599 10.112343 0.278921
46.333763 -41.360599 10.151416 0.365127
50.215140 -41.360599 10.139500 0.236339
54.096516 -41.360599 10.010068 0.283127
57.977892 -41.360599 10.197929 0.329327
61.859268 -41.360599 10.184989 0.206837
65.740644 -41.360599 10.077745 0.242855
69.622020 -41.360599 9.906767 0.350667
73.503396 -41.360599 10.148168 0.371624
77.384772 -41.360599 10.119555 0.167241
81.266148 -41.360599 10.105982 0.266508
85.147524 -41.360599 9.996888 0.169294
89.028900 -41.360599 10.105414 0.185618
92.910276 -41.360599 9.956534 0.086422
96.791652 -41.360599 10.087610 0.346217
100.673028 -41.360599 9.971479 0.049310
104.554404 -41.360599 10.130363 0.178431
108.435780 -41.360599 9.832147 0.374360
112.317156 -41.360599 9.934967 0.184463
116.198532 -41.360599 9.901067 0.124419
120.079908 -41.360599 9.992739 0.355459
123.961284 -41.360599 9.806180 0.186019
127.842660 -41.360599 9.885038 0.350017
131.724036 -41.360599 10.207282 -0.101462
135.605412 -41.360599 10.055009 0.000987
139.486788 -41.360599 9.876902 0.223979
-54.582013 -45.241975 0.000000 0.000000
-50.700637 -45.241975 0.000000 0.000000
-46.819261 -45.241975 0.000000 0.000000
-42.937885 -45.241975 0.000000 0.000000
-39.056509 -45.241975 0.000000 0.000000
-35.175133 -45.241975 0.000000 0.000000
-31.293757 -45.241975 0.000000 0.000000
-27.412381 -45.241975 0.000000 0.000000
-23.531005 -45.241975 0.000000 0.000000
-19.649629 -45.241975 0.000000 0.000000
-15.768253 -45.241975 0.000000 0.000000
-11.886877 -45.241975 0.000000 0.000000
-8.005501 -45.241975 0.000000 0.000000
-4.124125 -45.241975 0.000000 0.000000
-0.242749 -45.241975 0.000000 0.000000
3.638627 -45.241975 0.000000 0.000000
7.520003 -45.241975 0.000000 0.000000
11.401379 -45.241975 0.000000 0.000000
15.282755 -45.241975 0.000000 0.000000
19.164131 -45.241975 0.000000 0.000000
23.045507 -45.241975 0.000000 0.000000
26.926883 -45.241975 0.000000 0.000000
30.808259 -45.241975 0.000000 0.000000
34.689635 -45.241975 0.000000 0.000000
38.571011 -45.241975 0.000000 0.000000
42.452387 -45.241975 0.000000 0.000000
46.333763 -45.241975 0.000000 0.000000
50.215140 -45.241975 0.000000 0.000000
54.096516 -45.241975 0.000000 0.000000
57.977892 -45.241975 0.000000 0.000000
61.859268 -45.241975 0.000000 0.000000
65.740644 -45.241975 0.000000 0.000000
69.622020 -45.241975 0.000000 0.000000
73.503396 -45.241975 0.000000 0.000000
77.384772 -45.241975 0.000000 0.000000
81.266148 -45.241975 0.000000 0.000000
85.147524 -45.241975 0.000000 0.000000
89.028900 -45.241975 0.000000 0.000000
92.910276 -45.241975 0.000000 0.000000
96.791652 -45.241975 0.000000 0.000000
100.673028 -45.241975 0.000000 0.000000
104.554404 -45.241975 0.000000 0.000000
108.435780 -45.241975 0.000000 0.000000
112.317156 -45.241975 0.000000 0.000000
116.198532 -45.241975 0.000000 0.000000
120.079908 -45.241975 0.000000 0.000000
123.961284 -45.241975 0.000000 0.000000
127.842660 -45.241975 0.000000 0.000000
131.724036 -45.241975 0.000000 0.000000
135.605412 -45.241975 0.000000 0.000000
139.486788 -45.241975 0.000000 0.000000
