TITLE = "B00012"
VARIABLES = "position", "position(2)", "Vx", "Vy"
ZONE T="Frame 0", I=51, J=39
-54.582013 102.250314 0.000000 0.000000
-50.700637 102.250314 0.000000 0.000000
-46.819261 102.250314 0.000000 0.000000
-42.937885 102.250314 0.000000 0.000000
-39.056509 102.250314 0.000000 0.000000
-35.175133 102.250314 0.000000 0.000000
-31.293757 102.250314 0.000000 0.000000
-27.412381 102.250314 0.000000 0.000000
-23.531005 102.250314 0.000000 0.000000
-19.649629 102.250314 0.000000 0.000000
-15.768253 102.250314 10.439034 0.226758
-11.886877 102.250314 9.913735 -0.088130
-8.005501 102.250314 11.130703 0.460031
-4.124125 102.250314 0.000000 0.000000
-0.242749 102.250314 10.050604 0.385466
3.638627 102.250314 8.628717 0.582093
7.520003 102.250314 0.000000 0.000000
11.401379 102.250314 0.000000 0.000000
15.282755 102.250314 14.446515 -3.381707
19.164131 102.250314 12.071090 -2.622777
23.045507 102.250314 9.504095 0.820420
26.926883 102.250314 0.000000 0.000000
30.808259 102.250314 9.016259 0.638308
34.689635 102.250314 9.185707 1.122365
38.571011 102.250314 11.391056 -0.095022
42.452387 102.250314 10.762536 0.050639
46.333763 102.250314 8.410284 0.836035
50.215140 102.250314 0.000000 0.000000
54.096516 102.250314 0.000000 0.000000
57.977892 102.250314 0.000000 0.000000
61.859268 102.250314 0.000000 0.000000
65.740644 102.250314 0.000000 0.000000
69.622020 102.250314 8.954298 -0.833135
73.503396 102.250314 10.604210 0.809622
77.384772 102.250314 9.545352 0.557757
81.266148 102.250314 10.282285 1.401901
85.147524 102.250314 12.456170 0.603695
89.028900 102.250314 0.000000 0.000000
92.910276 102.250314 0.000000 0.000000
96.791652 102.250314 9.473903 -0.371056
100.673028 102.250314 9.888037 -0.894677
104.554404 102.250314 9.908976 -0.048330
108.435780 102.250314 9.044110 0.148492
112.317156 102.250314 10.200264 -0.943598
116.198532 102.250314 9.684839 -0.237176
120.079908 102.250314 8.677958 0.709785
123.961284 102.250314 10.904929 0.721846
127.842660 102.250314 0.000000 0.000000
131.724036 102.250314 10.531462 0.363244
135.605412 102.250314 9.627684 0.187947
139.486788 102.250314 10.206551 -0.705254
-54.582013 98.368938 0.000000 0.000000
-50.700637 98.368938 0.000000 0.000000
-46.819261 98.368938 0.000000 0.000000
-42.937885 98.368938 10.266383 0.204979
-39.056509 98.368938 0.000000 0.000000
-35.175133 98.368938 0.000000 0.000000
-31.293757 98.368938 0.000000 0.000000
-27.412381 98.368938 0.000000 0.000000
-23.531005 98.368938 0.000000 0.000000
-19.649629 98.368938 0.000000 0.000000
-15.768253 98.368938 0.000000 0.000000
-11.886877 98.368938 11.173684 -1.253646
-8.005501 98.368938 9.682418 -1.128875
-4.124125 98.368938 9.189631 0.214912
-0.242749 98.368938 8.068266 0.913240
3.638627 98.368938 0.000000 0.000000
7.520003 98.368938 11.014094 -1.854776
11.401379 98.368938 0.000000 0.000000
15.282755 98.368938 13.147771 0.435696
19.164131 98.368938 14.767025 4.007744
23.045507 98.368938 9.966177 -2.775671
26.926883 98.368938 0.000000 0.000000
30.808259 98.368938 10.185236 -0.695918
34.689635 98.368938 13.020965 4.342959
38.571011 98.368938 11.338842 0.067353
42.452387 98.368938 8.985388 -2.123559
46.333763 98.368938 0.000000 0.000000
50.215140 98.368938 0.000000 0.000000
54.096516 98.368938 0.000000 0.000000
57.977892 98.368938 0.000000 0.000000
61.859268 98.368938 0.000000 0.000000
65.740644 98.368938 0.000000 0.000000
69.622020 98.368938 0.000000 0.000000
73.503396 98.368938 7.799714 -0.044814
77.384772 98.368938 10.532098 -1.277879
81.266148 98.368938 13.457799 1.903257
85.147524 98.368938 9.869865 -0.225035
89.028900 98.368938 10.532591 -0.167619
92.910276 98.368938 10.186611 -0.200185
96.791652 98.368938 10.024575 0.526926
100.673028 98.368938 8.627918 -0.506856
104.554404 98.368938 9.148763 0.401218
108.435780 98.368938 9.668719 -0.172219
112.317156 98.368938 9.499036 -0.257953
116.198532 98.368938 9.719205 0.082351
120.079908 98.368938 10.545315 0.494610
123.961284 98.368938 9.915188 0.295675
127.842660 98.368938 9.210971 0.326978
131.724036 98.368938 9.169127 0.252367
135.605412 98.368938 10.457835 -0.377046
139.486788 98.368938 9.567851 0.594157
-54.582013 94.487562 0.000000 0.000000
-50.700637 94.487562 10.922357 0.699550
-46.819261 94.487562 9.284743 1.731205
-42.937885 94.487562 9.318865 1.223504
-39.056509 94.487562 9.129160 1.455713
-35.175133 94.487562 0.000000 0.000000
-31.293757 94.487562 0.000000 0.000000
-27.412381 94.487562 0.000000 0.000000
-23.531005 94.487562 0.000000 0.000000
-19.649629 94.487562 0.000000 0.000000
-15.768253 94.487562 9.289534 0.767480
-11.886877 94.487562 9.727935 0.741666
-8.005501 94.487562 10.138454 1.546250
-4.124125 94.487562 9.926907 0.494176
-0.242749 94.487562 10.628669 0.161151
3.638627 94.487562 10.513398 0.307957
7.520003 94.487562 0.000000 0.000000
11.401379 94.487562 0.000000 0.000000
15.282755 94.487562 0.000000 0.000000
19.164131 94.487562 11.035131 -0.922968
23.045507 94.487562 12.678742 1.422854
26.926883 94.487562 13.085217 1.858248
30.808259 94.487562 10.976329 -1.276762
34.689635 94.487562 10.717704 2.053831
38.571011 94.487562 0.000000 0.000000
42.452387 94.487562 9.556277 -0.311128
46.333763 94.487562 8.175729 0.539504
50.215140 94.487562 10.145509 -0.659328
54.096516 94.487562 9.337478 -0.445959
57.977892 94.487562 0.000000 0.000000
61.859268 94.487562 0.000000 0.000000
65.740644 94.487562 0.000000 0.000000
69.622020 94.487562 0.000000 0.000000
73.503396 94.487562 9.855268 1.704853
77.384772 94.487562 0.000000 0.000000
81.266148 94.487562 11.329841 0.159599
85.147524 94.487562 10.316913 -0.979673
89.028900 94.487562 10.233696 0.963484
92.910276 94.487562 9.301542 0.351316
96.791652 94.487562 10.638268 -0.330465
100.673028 94.487562 9.562598 -1.019571
104.554404 94.487562 10.704813 0.769932
108.435780 94.487562 10.347442 0.099837
112.317156 94.487562 9.256071 0.648083
116.198532 94.487562 9.717450 0.555192
120.079908 94.487562 9.729891 0.141924
123.961284 94.487562 10.158255 0.455210
127.842660 94.487562 10.294179 -0.479625
131.724036 94.487562 10.740968 0.115784
135.605412 94.487562 9.536592 -0.599265
139.486788 94.487562 9.774152 0.138395
-54.582013 90.606186 0.000000 0.000000
-50.700637 90.606186 0.000000 0.000000
-46.819261 90.606186 10.069867 0.738500
-42.937885 90.606186 11.344215 0.277039
-39.056509 90.606186 10.625973 0.644583
-35.175133 90.606186 0.000000 0.000000
-31.293757 90.606186 0.000000 0.000000
-27.412381 90.606186 0.000000 0.000000
-23.531005 90.606186 0.000000 0.000000
-19.649629 90.606186 0.000000 0.000000
-15.768253 90.606186 10.007996 0.412575
-11.886877 90.606186 10.362174 -0.479874
-8.005501 90.606186 10.305426 0.427468
-4.124125 90.606186 9.901992 0.325215
-0.242749 90.606186 10.902825 -0.926817
3.638627 90.606186 11.681330 0.550630
7.520003 90.606186 11.529556 0.343049
11.401379 90.606186 10.561996 0.610254
15.282755 90.606186 0.000000 0.000000
19.164131 90.606186 11.808328 -0.274630
23.045507 90.606186 11.667190 -1.629770
26.926883 90.606186 11.202137 1.171479
30.808259 90.606186 10.693140 0.455928
34.689635 90.606186 10.121406 -0.928244
38.571011 90.606186 11.396762 0.158059
42.452387 90.606186 10.627089 -0.241799
46.333763 90.606186 10.060154 1.441312
50.215140 90.606186 9.001125 -0.071596
54.096516 90.606186 8.867764 0.360463
57.977892 90.606186 11.105436 -0.971441
61.859268 90.606186 0.000000 0.000000
65.740644 90.606186 0.000000 0.000000
69.622020 90.606186 0.000000 0.000000
73.503396 90.606186 9.306786 0.537293
77.384772 90.606186 10.453023 0.271670
81.266148 90.606186 9.657433 0.354670
85.147524 90.606186 9.017046 -1.670654
89.028900 90.606186 9.245750 0.250604
92.910276 90.606186 9.214055 -0.481648
96.791652 90.606186 10.572738 -0.865741
100.673028 90.606186 9.428996 0.709585
104.554404 90.606186 9.746320 0.875646
108.435780 90.606186 10.435629 -0.067736
112.317156 90.606186 10.353253 0.724244
116.198532 90.606186 10.056437 -0.163961
120.079908 90.606186 9.832489 0.049603
123.961284 90.606186 10.171059 0.623469
127.842660 90.606186 10.172999 0.045679
131.724036 90.606186 9.606110 -0.370683
135.605412 90.606186 9.232671 0.259656
139.486788 90.606186 9.777249 0.808973
-54.582013 86.724810 0.000000 0.000000
-50.700637 86.724810 0.000000 0.000000
-46.819261 86.724810 10.220324 0.126453
-42.937885 86.724810 10.475781 1.720407
-39.056509 86.724810 11.077499 0.504589
-35.175133 86.724810 0.000000 0.000000
-31.293757 86.724810 0.000000 0.000000
-27.412381 86.724810 0.000000 0.000000
-23.531005 86.724810 0.000000 0.000000
-19.649629 86.724810 0.000000 0.000000
-15.768253 86.724810 9.640137 -0.172502
-11.886877 86.724810 10.527214 0.860794
-8.005501 86.724810 9.534688 0.184445
-4.124125 86.724810 10.098326 -0.004596
-0.242749 86.724810 10.470133 0.325488
3.638627 86.724810 10.910530 0.556225
7.520003 86.724810 10.471012 -0.117517
11.401379 86.724810 10.155883 -1.033877
15.282755 86.724810 10.850038 -0.762625
19.164131 86.724810 10.810261 0.274635
23.045507 86.724810 10.099631 -0.125206
26.926883 86.724810 10.878459 0.150506
30.808259 86.724810 10.143106 0.202409
34.689635 86.724810 10.120681 -0.807226
38.571011 86.724810 10.402225 0.455725
42.452387 86.724810 9.419233 0.599872
46.333763 86.724810 9.632311 -0.236066
50.215140 86.724810 10.183922 -0.232405
54.096516 86.724810 10.486969 -0.843375
57.977892 86.724810 8.875069 -0.330203
61.859268 86.724810 0.000000 0.000000
65.740644 86.724810 0.000000 0.000000
69.622020 86.724810 0.000000 0.000000
73.503396 86.724810 10.441983 0.299918
77.384772 86.724810 0.000000 0.000000
81.266148 86.724810 9.953240 0.835600
85.147524 86.724810 10.031161 0.540616
89.028900 86.724810 9.587124 -0.041698
92.910276 86.724810 9.730109 0.137566
96.791652 86.724810 10.132137 -0.569529
100.673028 86.724810 10.352504 -0.491764
104.554404 86.724810 9.111124 0.622109
108.435780 86.724810 10.211745 -0.707660
112.317156 86.724810 9.342080 -0.046256
116.198532 86.724810 9.415797 -0.905419
120.079908 86.724810 10.235803 -0.007659
123.961284 86.724810 9.383316 0.740517
127.842660 86.724810 9.699251 0.851133
131.724036 86.724810 10.397453 0.650975
135.605412 86.724810 9.437547 -0.928876
139.486788 86.724810 10.025235 -0.428383
-54.582013 82.843434 0.000000 0.000000
-50.700637 82.843434 9.523929 1.304168
-46.819261 82.843434 9.134317 0.706113
-42.937885 82.843434 10.213315 0.873026
-39.056509 82.843434 9.222430 0.473895
-35.175133 82.843434 0.000000 0.000000
-31.293757 82.843434 0.000000 0.000000
-27.412381 82.843434 0.000000 0.000000
-23.531005 82.843434 0.000000 0.000000
-19.649629 82.843434 0.000000 0.000000
-15.768253 82.843434 10.263499 0.620346
-11.886877 82.843434 10.141606 0.511654
-8.005501 82.843434 10.389208 -0.226528
-4.124125 82.843434 10.962106 0.422139
-0.242749 82.843434 11.102250 0.453330
3.638627 82.843434 12.286851 -1.418282
7.520003 82.843434 10.383798 -0.300034
11.401379 82.843434 10.674913 0.016120
15.282755 82.843434 10.825478 -0.350790
19.164131 82.843434 10.521274 -0.827021
23.045507 82.843434 10.430887 0.329859
26.926883 82.843434 10.295888 -0.086748
30.808259 82.843434 9.912979 0.006762
34.689635 82.843434 10.590764 -0.197494
38.571011 82.843434 10.434493 0.227538
42.452387 82.843434 10.220666 0.368668
46.333763 82.843434 9.096432 0.433929
50.215140 82.843434 9.919361 -0.491866
54.096516 82.843434 10.689497 0.439507
57.977892 82.843434 9.367951 0.446107
61.859268 82.843434 0.000000 0.000000
65.740644 82.843434 0.000000 0.000000
69.622020 82.843434 10.266420 0.199539
73.503396 82.843434 10.173625 0.269104
77.384772 82.843434 10.251920 -0.288159
81.266148 82.843434 9.860741 -0.139261
85.147524 82.843434 10.570002 -0.590864
89.028900 82.843434 10.344388 -0.598687
92.910276 82.843434 9.772153 -0.379645
96.791652 82.843434 9.434450 -0.001103
100.673028 82.843434 10.450771 0.381203
104.554404 82.843434 10.512001 -0.227662
108.435780 82.843434 10.398150 0.418729
112.317156 82.843434 9.880835 -0.416533
116.198532 82.843434 9.497037 0.430508
120.079908 82.843434 10.057575 0.204794
123.961284 82.843434 10.011099 -0.202106
127.842660 82.843434 9.269687 0.692786
131.724036 82.843434 0.000000 0.000000
135.605412 82.843434 9.336960 -0.556043
139.486788 82.843434 10.391320 0.101485
-54.582013 78.962058 0.000000 0.000000
-50.700637 78.962058 0.000000 0.000000
-46.819261 78.962058 9.577031 0.399179
-42.937885 78.962058 9.833426 0.566986
-39.056509 78.962058 10.018014 0.406907
-35.175133 78.962058 0.000000 0.000000
-31.293757 78.962058 0.000000 0.000000
-27.412381 78.962058 0.000000 0.000000
-23.531005 78.962058 0.000000 0.000000
-19.649629 78.962058 0.000000 0.000000
-15.768253 78.962058 10.559961 0.725711
-11.886877 78.962058 10.304506 0.789478
-8.005501 78.962058 10.050379 0.182824
-4.124125 78.962058 10.098283 1.058743
-0.242749 78.962058 10.810261 0.150632
3.638627 78.962058 10.352294 -0.410490
7.520003 78.962058 10.741745 0.490976
11.401379 78.962058 10.636065 -0.108990
15.282755 78.962058 10.542468 0.594783
19.164131 78.962058 10.395655 0.206928
23.045507 78.962058 10.293142 -0.174080
26.926883 78.962058 10.218167 -0.350350
30.808259 78.962058 10.458016 -0.550018
34.689635 78.962058 11.419037 -0.696455
38.571011 78.962058 10.586233 0.617710
42.452387 78.962058 10.646498 -0.547746
46.333763 78.962058 9.818611 -0.520448
50.215140 78.962058 10.001651 -0.498973
54.096516 78.962058 9.682665 -0.122112
57.977892 78.962058 9.797792 -0.467380
61.859268 78.962058 0.000000 0.000000
65.740644 78.962058 0.000000 0.000000
69.622020 78.962058 10.237690 -0.013447
73.503396 78.962058 10.602887 0.302575
77.384772 78.962058 10.214559 -0.402055
81.266148 78.962058 9.554890 -0.344793
85.147524 78.962058 10.420143 0.322734
89.028900 78.962058 10.191520 -0.694678
92.910276 78.962058 8.976452 -0.624834
96.791652 78.962058 10.125014 0.147446
100.673028 78.962058 10.086931 -0.339388
104.554404 78.962058 10.178579 0.640694
108.435780 78.962058 9.103740 -0.874344
112.317156 78.962058 10.160824 -0.270595
116.198532 78.962058 10.761000 0.346425
120.079908 78.962058 10.301564 -0.160560
123.961284 78.962058 10.103786 0.093138
127.842660 78.962058 10.186603 0.099861
131.724036 78.962058 10.244578 -0.522063
135.605412 78.962058 9.599025 0.112451
139.486788 78.962058 9.523340 0.350861
-54.582013 75.080682 0.000000 0.000000
-50.700637 75.080682 12.227129 1.810155
-46.819261 75.080682 0.000000 0.000000
-42.937885 75.080682 10.697002 -0.119411
-39.056509 75.080682 10.296678 0.604625
-35.175133 75.080682 0.000000 0.000000
-31.293757 75.080682 0.000000 0.000000
-27.412381 75.080682 0.000000 0.000000
-23.531005 75.080682 0.000000 0.000000
-19.649629 75.080682 0.000000 0.000000
-15.768253 75.080682 10.545661 0.438562
-11.886877 75.080682 10.372014 -0.031411
-8.005501 75.080682 10.581076 -0.062768
-4.124125 75.080682 9.533596 0.810355
-0.242749 75.080682 10.413036 0.255715
3.638627 75.080682 10.626783 0.302569
7.520003 75.080682 10.297930 0.702217
11.401379 75.080682 10.723472 -0.009277
15.282755 75.080682 9.842390 0.475261
19.164131 75.080682 9.729329 0.490160
23.045507 75.080682 10.372227 0.634416
26.926883 75.080682 10.777364 -0.029332
30.808259 75.080682 10.233631 -0.083114
34.689635 75.080682 10.270070 0.063147
38.571011 75.080682 10.153600 -0.478735
42.452387 75.080682 10.214429 -0.723914
46.333763 75.080682 9.798814 -0.909435
50.215140 75.080682 10.543554 -0.295930
54.096516 75.080682 9.822504 -0.411280
57.977892 75.080682 9.757380 -0.870848
61.859268 75.080682 0.000000 0.000000
65.740644 75.080682 0.000000 0.000000
69.622020 75.080682 9.302647 -0.599896
73.503396 75.080682 10.608192 -0.530318
77.384772 75.080682 10.051628 -0.060690
81.266148 75.080682 9.579203 -0.384739
85.147524 75.080682 9.582639 0.454130
89.028900 75.080682 10.148257 0.333772
92.910276 75.080682 10.200993 -0.307388
96.791652 75.080682 9.834303 -0.079712
100.673028 75.080682 10.013030 -0.089905
104.554404 75.080682 9.450533 -0.477670
108.435780 75.080682 9.034863 -0.311566
112.317156 75.080682 9.653743 0.026880
116.198532 75.080682 9.403474 0.378871
120.079908 75.080682 10.124974 -0.596697
123.961284 75.080682 9.893796 0.268364
127.842660 75.080682 9.924368 0.599932
131.724036 75.080682 10.290493 -0.847213
135.605412 75.080682 9.501741 -0.641662
139.486788 75.080682 9.854236 0.418111
-54.582013 71.199306 0.000000 0.000000
-50.700637 71.199306 0.000000 0.000000
-46.819261 71.199306 10.364833 1.146703
-42.937885 71.199306 10.110889 1.156446
-39.056509 71.199306 10.265964 0.771186
-35.175133 71.199306 0.000000 0.000000
-31.293757 71.199306 0.000000 0.000000
-27.412381 71.199306 0.000000 0.000000
-23.531005 71.199306 0.000000 0.000000
-19.649629 71.199306 0.000000 0.000000
-15.768253 71.199306 10.582837 0.035062
-11.886877 71.199306 10.450515 0.614468
-8.005501 71.199306 10.989664 -0.203793
-4.124125 71.199306 9.791553 0.624717
-0.242749 71.199306 10.652531 -0.005872
3.638627 71.199306 10.876868 -0.450887
7.520003 71.199306 10.629394 -0.019819
11.401379 71.199306 10.645566 0.146935
15.282755 71.199306 10.509990 -0.345694
19.164131 71.199306 10.102234 0.349544
23.045507 71.199306 10.431967 -0.323907
26.926883 71.199306 10.426717 0.032293
30.808259 71.199306 9.837276 -0.366523
34.689635 71.199306 9.843612 -0.376866
38.571011 71.199306 10.331075 -0.520473
42.452387 71.199306 10.071746 -0.743710
46.333763 71.199306 10.493425 -0.450171
50.215140 71.199306 10.026299 -0.193470
54.096516 71.199306 10.509194 -0.202562
57.977892 71.199306 10.258912 -0.733188
61.859268 71.199306 0.000000 0.000000
65.740644 71.199306 0.000000 0.000000
69.622020 71.199306 10.178342 -0.203062
73.503396 71.199306 10.075417 -0.044041
77.384772 71.199306 10.526079 -0.359708
81.266148 71.199306 10.408709 -0.843527
85.147524 71.199306 8.928784 -0.381360
89.028900 71.199306 9.598010 -0.553571
92.910276 71.199306 9.350788 0.271729
96.791652 71.199306 9.757792 -0.357550
100.673028 71.199306 9.348401 -0.078967
104.554404 71.199306 9.589077 0.176677
108.435780 71.199306 9.965489 -0.554532
112.317156 71.199306 9.923159 -0.137546
116.198532 71.199306 10.221098 -0.167841
120.079908 71.199306 9.851092 -0.130394
123.961284 71.199306 9.761761 -0.257057
127.842660 71.199306 10.033657 -0.192182
131.724036 71.199306 9.716913 0.313487
135.605412 71.199306 10.686875 0.462540
139.486788 71.199306 10.069645 0.182845
-54.582013 67.317930 0.000000 0.000000
-50.700637 67.317930 0.000000 0.000000
-46.819261 67.317930 9.300268 1.099974
-42.937885 67.317930 10.496757 0.784427
-39.056509 67.317930 9.946204 0.479211
-35.175133 67.317930 0.000000 0.000000
-31.293757 67.317930 0.000000 0.000000
-27.412381 67.317930 0.000000 0.000000
-23.531005 67.317930 0.000000 0.000000
-19.649629 67.317930 10.928600 0.383415
-15.768253 67.317930 10.817288 0.318764
-11.886877 67.317930 10.851691 0.612172
-8.005501 67.317930 10.120706 0.392086
-4.124125 67.317930 0.000000 0.000000
-0.242749 67.317930 11.612847 0.589856
3.638627 67.317930 10.797809 0.320035
7.520003 67.317930 11.555177 -0.542076
11.401379 67.317930 10.816711 0.511959
15.282755 67.317930 10.356322 -0.702353
19.164131 67.317930 10.798614 -0.568587
23.045507 67.317930 10.303140 -0.514239
26.926883 67.317930 10.256821 -0.546574
30.808259 67.317930 10.573000 0.023068
34.689635 67.317930 10.846759 -0.229860
38.571011 67.317930 10.279188 -0.430892
42.452387 67.317930 10.708304 0.114172
46.333763 67.317930 9.914130 0.164535
50.215140 67.317930 10.246925 -0.904372
54.096516 67.317930 10.358904 0.610134
57.977892 67.317930 10.489560 0.024389
61.859268 67.317930 0.000000 0.000000
65.740644 67.317930 0.000000 0.000000
69.622020 67.317930 9.741646 0.260561
73.503396 67.317930 9.385509 0.028877
77.384772 67.317930 9.463116 -0.028471
81.266148 67.317930 9.554445 -0.389349
85.147524 67.317930 10.121121 -0.507055
89.028900 67.317930 10.173755 -0.116181
92.910276 67.317930 10.295940 0.118173
96.791652 67.317930 9.390053 0.241015
100.673028 67.317930 10.126693 -0.009300
104.554404 67.317930 9.397637 -0.425338
108.435780 67.317930 9.855978 -0.365908
112.317156 67.317930 9.509665 0.448721
116.198532 67.317930 9.970418 0.034005
120.079908 67.317930 9.924519 -0.274089
123.961284 67.317930 9.642718 -0.323861
127.842660 67.317930 9.448093 -0.439092
131.724036 67.317930 9.975557 0.439626
135.605412 67.317930 10.070901 -0.163839
139.486788 67.317930 10.133124 0.061179
-54.582013 63.436554 0.000000 0.000000
-50.700637 63.436554 9.177644 1.998660
-46.819261 63.436554 10.018218 -0.188834
-42.937885 63.436554 10.387841 0.830137
-39.056509 63.436554 10.523423 1.091158
-35.175133 63.436554 0.000000 0.000000
-31.293757 63.436554 0.000000 0.000000
-27.412381 63.436554 0.000000 0.000000
-23.531005 63.436554 0.000000 0.000000
-19.649629 63.436554 11.030187 0.755398
-15.768253 63.436554 10.393381 0.865758
-11.886877 63.436554 10.669031 0.535083
-8.005501 63.436554 10.253307 0.588044
-4.124125 63.436554 11.433013 0.797879
-0.242749 63.436554 12.211452 0.720719
3.638627 63.436554 11.183342 0.074630
7.520003 63.436554 10.587581 -0.081336
11.401379 63.436554 10.655449 -0.179634
15.282755 63.436554 10.861756 0.424817
19.164131 63.436554 10.651850 -0.225194
23.045507 63.436554 10.496639 -0.103707
26.926883 63.436554 10.589000 0.087494
30.808259 63.436554 10.483721 -0.226169
34.689635 63.436554 10.259144 -0.477666
38.571011 63.436554 10.436242 -0.281336
42.452387 63.436554 10.947886 -0.671983
46.333763 63.436554 10.511831 -0.407253
50.215140 63.436554 10.001783 -0.089007
54.096516 63.436554 10.324733 -0.240917
57.977892 63.436554 10.292489 -0.483735
61.859268 63.436554 0.000000 0.000000
65.740644 63.436554 0.000000 0.000000
69.622020 63.436554 10.190307 -0.665155
73.503396 63.436554 10.005756 -0.605728
77.384772 63.436554 9.391870 -0.358401
81.266148 63.436554 10.111806 -0.458404
85.147524 63.436554 9.609019 -0.174662
89.028900 63.436554 9.624467 -0.328462
92.910276 63.436554 10.295024 -0.349406
96.791652 63.436554 9.677640 -0.432638
100.673028 63.436554 10.169394 -0.555178
104.554404 63.436554 9.432707 -0.083355
108.435780 63.436554 9.557549 0.501129
112.317156 63.436554 10.203605 -0.354370
116.198532 63.436554 10.013061 -0.643123
120.079908 63.436554 10.376314 -0.936790
123.961284 63.436554 10.159577 0.368767
127.842660 63.436554 9.964703 -0.414809
131.724036 63.436554 9.671193 0.006081
135.605412 63.436554 9.751187 -0.093252
139.486788 63.436554 10.063645 0.062071
-54.582013 59.555178 0.000000 0.000000
-50.700637 59.555178 0.000000 0.000000
-46.819261 59.555178 9.957157 0.399503
-42.937885 59.555178 9.768905 0.906921
-39.056509 59.555178 9.842422 1.004843
-35.175133 59.555178 0.000000 0.000000
-31.293757 59.555178 0.000000 0.000000
-27.412381 59.555178 0.000000 0.000000
-23.531005 59.555178 0.000000 0.000000
-19.649629 59.555178 10.714026 0.827717
-15.768253 59.555178 10.776352 0.701372
-11.886877 59.555178 10.856647 0.477831
-8.005501 59.555178 11.026679 0.302042
-4.124125 59.555178 10.866726 -0.165093
-0.242749 59.555178 10.889323 0.346772
3.638627 59.555178 11.071293 -0.002952
7.520003 59.555178 10.599484 0.365891
11.401379 59.555178 10.585277 -0.427644
15.282755 59.555178 10.486146 -0.114574
19.164131 59.555178 10.815218 -0.486667
23.045507 59.555178 10.474467 -0.449614
26.926883 59.555178 10.629539 0.195171
30.808259 59.555178 10.721880 -0.044632
34.689635 59.555178 10.709082 -0.146871
38.571011 59.555178 10.057451 -0.420296
42.452387 59.555178 10.579388 -0.438236
46.333763 59.555178 9.916246 -0.679028
50.215140 59.555178 10.265033 -0.449815
54.096516 59.555178 9.997294 -0.392690
57.977892 59.555178 10.030892 -0.369418
61.859268 59.555178 0.000000 0.000000
65.740644 59.555178 0.000000 0.000000
69.622020 59.555178 9.909518 -0.481600
73.503396 59.555178 9.975680 -0.568138
77.384772 59.555178 9.986717 -0.454765
81.266148 59.555178 9.718142 -0.351513
85.147524 59.555178 9.187762 -0.113576
89.028900 59.555178 9.241888 -0.010807
92.910276 59.555178 10.168372 -0.066758
96.791652 59.555178 9.305818 -0.288428
100.673028 59.555178 9.751868 -0.475658
104.554404 59.555178 9.478853 -0.053384
108.435780 59.555178 9.586618 -0.369804
112.317156 59.555178 9.636836 -0.555778
116.198532 59.555178 9.548606 0.410674
120.079908 59.555178 9.735258 0.097720
123.961284 59.555178 9.216943 0.071289
127.842660 59.555178 10.075197 -0.367122
131.724036 59.555178 9.533143 -0.073905
135.605412 59.555178 0.000000 0.000000
139.486788 59.555178 9.521039 -0.046939
-54.582013 55.673802 10.171558 0.969563
-50.700637 55.673802 9.676363 0.349243
-46.819261 55.673802 9.235423 1.358485
-42.937885 55.673802 9.810171 1.014711
-39.056509 55.673802 10.129663 1.260538
-35.175133 55.673802 0.000000 0.000000
-31.293757 55.673802 0.000000 0.000000
-27.412381 55.673802 0.000000 0.000000
-23.531005 55.673802 10.631537 0.801175
-19.649629 55.673802 10.814814 0.954257
-15.768253 55.673802 10.903393 0.451540
-11.886877 55.673802 11.089936 0.259127
-8.005501 55.673802 10.808596 0.368002
-4.124125 55.673802 10.912206 0.161626
-0.242749 55.673802 10.819428 0.371528
3.638627 55.673802 10.912029 -0.160176
7.520003 55.673802 11.038947 -0.118717
11.401379 55.673802 10.889975 -0.335606
15.282755 55.673802 10.750358 -0.117243
19.164131 55.673802 10.727904 -0.006484
23.045507 55.673802 10.395575 -0.112409
26.926883 55.673802 10.312509 -0.314094
30.808259 55.673802 10.684124 -0.393071
34.689635 55.673802 10.502846 -0.087892
38.571011 55.673802 10.407808 -0.031213
42.452387 55.673802 10.617110 -0.701083
46.333763 55.673802 10.785927 -0.360119
50.215140 55.673802 10.676508 -0.433640
54.096516 55.673802 10.449652 -0.504948
57.977892 55.673802 10.238591 -0.611451
61.859268 55.673802 0.000000 0.000000
65.740644 55.673802 0.000000 0.000000
69.622020 55.673802 9.574720 -0.454952
73.503396 55.673802 9.883641 -0.545096
77.384772 55.673802 9.864221 -0.351737
81.266148 55.673802 9.794973 -0.237767
85.147524 55.673802 9.518661 -0.372561
89.028900 55.673802 9.537899 0.037221
92.910276 55.673802 9.585659 0.127396
96.791652 55.673802 10.038706 -0.195571
100.673028 55.673802 10.126338 -0.148078
104.554404 55.673802 9.595471 0.118762
108.435780 55.673802 9.979000 -0.045802
112.317156 55.673802 9.405275 0.455447
116.198532 55.673802 9.457649 0.141582
120.079908 55.673802 9.628230 -0.233569
123.961284 55.673802 9.450218 0.854843
127.842660 55.673802 9.300373 0.086202
131.724036 55.673802 9.988930 -0.056538
135.605412 55.673802 9.688060 -0.151337
139.486788 55.673802 10.354126 -0.625465
-54.582013 51.792426 9.935013 0.894677
-50.700637 51.792426 9.272692 0.800682
-46.819261 51.792426 9.606851 0.799075
-42.937885 51.792426 8.977698 1.119868
-39.056509 51.792426 9.505853 1.069676
-35.175133 51.792426 0.000000 0.000000
-31.293757 51.792426 0.000000 0.000000
-27.412381 51.792426 0.000000 0.000000
-23.531005 51.792426 10.743729 1.023746
-19.649629 51.792426 11.114623 0.820863
-15.768253 51.792426 10.911095 0.848168
-11.886877 51.792426 11.784446 0.684499
-8.005501 51.792426 11.324218 0.430236
-4.124125 51.792426 11.202541 0.404487
-0.242749 51.792426 11.581948 0.021555
3.638627 51.792426 11.532613 0.072269
7.520003 51.792426 10.860717 -0.021551
11.401379 51.792426 10.608797 -0.634608
15.282755 51.792426 10.658247 -0.295527
19.164131 51.792426 10.704054 -0.432548
23.045507 51.792426 10.836589 -0.316473
26.926883 51.792426 10.734571 -0.428446
30.808259 51.792426 10.606006 -0.573246
34.689635 51.792426 10.575572 -0.591779
38.571011 51.792426 10.509388 -0.572594
42.452387 51.792426 10.874313 -0.566147
46.333763 51.792426 10.306314 -0.464055
50.215140 51.792426 10.231595 -0.703446
54.096516 51.792426 10.235435 -0.795563
57.977892 51.792426 10.237243 -0.379485
61.859268 51.792426 0.000000 0.000000
65.740644 51.792426 0.000000 0.000000
69.622020 51.792426 9.716208 -0.808577
73.503396 51.792426 9.558918 -0.554649
77.384772 51.792426 10.221397 -0.451064
81.266148 51.792426 9.803872 -0.425935
85.147524 51.792426 9.543069 -0.005239
89.028900 51.792426 9.651689 -0.261160
92.910276 51.792426 9.852964 -0.369578
96.791652 51.792426 9.865723 -0.179432
100.673028 51.792426 10.209716 -0.616004
104.554404 51.792426 9.574903 -0.489098
108.435780 51.792426 9.991255 -0.197221
112.317156 51.792426 9.954453 -0.314888
116.198532 51.792426 10.270563 -0.822091
120.079908 51.792426 9.509906 0.136565
123.961284 51.792426 9.277902 -0.364740
127.842660 51.792426 9.346334 0.050725
131.724036 51.792426 9.509523 0.724824
135.605412 51.792426 10.106109 0.171790
139.486788 51.792426 9.999457 0.250249
-54.582013 47.911049 8.356483 1.290800
-50.700637 47.911049 0.000000 0.000000
-46.819261 47.911049 9.376857 0.612537
-42.937885 47.911049 9.534753 1.091540
-39.056509 47.911049 9.443778 1.417587
-35.175133 47.911049 0.000000 0.000000
-31.293757 47.911049 0.000000 0.000000
-27.412381 47.911049 0.000000 0.000000
-23.531005 47.911049 11.005262 1.398490
-19.649629 47.911049 11.538764 0.993543
-15.768253 47.911049 11.482743 0.914072
-11.886877 47.911049 10.899765 0.545116
-8.005501 47.911049 11.540771 0.493914
-4.124125 47.911049 11.232789 -0.032595
-0.242749 47.911049 11.380019 0.181516
3.638627 47.911049 11.223356 -0.257620
7.520003 47.911049 11.121723 -0.082613
11.401379 47.911049 11.302721 -0.300644
15.282755 47.911049 10.862274 -0.359691
19.164131 47.911049 8.950310 -0.674227
23.045507 47.911049 10.607615 -0.425799
26.926883 47.911049 10.583278 -0.596941
30.808259 47.911049 10.724693 -0.696462
34.689635 47.911049 10.667727 -0.404905
38.571011 47.911049 10.544664 -0.804436
42.452387 47.911049 10.544328 -0.325501
46.333763 47.911049 10.493490 -0.647011
50.215140 47.911049 10.140136 -0.871334
54.096516 47.911049 10.304988 -0.961826
57.977892 47.911049 10.190921 -0.750928
61.859268 47.911049 0.000000 0.000000
65.740644 47.911049 0.000000 0.000000
69.622020 47.911049 9.609479 -0.807233
73.503396 47.911049 9.989935 -0.341852
77.384772 47.911049 9.369459 -0.736442
81.266148 47.911049 9.830274 -0.782704
85.147524 47.911049 9.890212 0.088347
89.028900 47.911049 9.752093 -0.177265
92.910276 47.911049 9.585782 -0.039479
96.791652 47.911049 9.669644 0.177768
100.673028 47.911049 9.655359 -0.275022
104.554404 47.911049 9.289228 -0.192671
108.435780 47.911049 9.451117 0.319572
112.317156 47.911049 9.813614 0.729306
116.198532 47.911049 10.266202 -0.401656
120.079908 47.911049 9.913649 -0.715786
123.961284 47.911049 9.362779 -0.350668
127.842660 47.911049 8.714408 -0.095724
131.724036 47.911049 8.624417 0.027413
135.605412 47.911049 9.810686 -0.109176
139.486788 47.911049 9.951294 -0.483149
-54.582013 44.029673 0.000000 0.000000
-50.700637 44.029673 8.353678 0.964681
-46.819261 44.029673 9.203222 0.914073
-42.937885 44.029673 9.397810 1.298655
-39.056509 44.029673 9.724779 1.584749
-35.175133 44.029673 0.000000 0.000000
-31.293757 44.029673 0.000000 0.000000
-27.412381 44.029673 0.000000 0.000000
-23.531005 44.029673 11.210947 1.739457
-19.649629 44.029673 11.393443 1.314558
-15.768253 44.029673 11.789225 0.739800
-11.886877 44.029673 11.718592 0.609048
-8.005501 44.029673 0.000000 0.000000
-4.124125 44.029673 11.031788 0.105732
-0.242749 44.029673 0.000000 0.000000
3.638627 44.029673 0.000000 0.000000
7.520003 44.029673 11.113947 -0.243326
11.401379 44.029673 10.273617 -0.447160
15.282755 44.029673 10.636168 -0.241850
19.164131 44.029673 10.482987 -0.503200
23.045507 44.029673 10.532320 -0.772898
26.926883 44.029673 11.162129 -0.415760
30.808259 44.029673 10.942161 -0.530871
34.689635 44.029673 10.518497 -0.795006
38.571011 44.029673 10.416202 -0.555144
42.452387 44.029673 10.464109 -0.643436
46.333763 44.029673 10.648114 -0.691473
50.215140 44.029673 10.837717 -0.480454
54.096516 44.029673 10.226934 -0.734146
57.977892 44.029673 9.781718 -0.965947
61.859268 44.029673 0.000000 0.000000
65.740644 44.029673 0.000000 0.000000
69.622020 44.029673 9.406472 -0.100805
73.503396 44.029673 10.194187 -0.624143
77.384772 44.029673 9.635867 -0.848949
81.266148 44.029673 9.048713 -0.488032
85.147524 44.029673 9.153501 -0.248912
89.028900 44.029673 9.145549 -0.242049
92.910276 44.029673 10.126843 -0.262167
96.791652 44.029673 10.624492 -0.049911
100.673028 44.029673 9.436082 -0.850974
104.554404 44.029673 8.731831 -0.539676
108.435780 44.029673 8.500035 0.590372
112.317156 44.029673 9.532298 0.837084
116.198532 44.029673 10.022870 0.539042
120.079908 44.029673 9.387961 -1.720162
123.961284 44.029673 9.518913 -0.921185
127.842660 44.029673 8.918019 -0.296280
131.724036 44.029673 8.319161 0.831577
135.605412 44.029673 9.630639 1.091188
139.486788 44.029673 10.885113 -0.619713
-54.582013 40.148297 0.000000 0.000000
-50.700637 40.148297 0.000000 0.000000
-46.819261 40.148297 8.813567 0.710788
-42.937885 40.148297 9.008779 0.403363
-39.056509 40.148297 8.451449 1.396020
-35.175133 40.148297 0.000000 0.000000
-31.293757 40.148297 0.000000 0.000000
-27.412381 40.148297 0.000000 0.000000
-23.531005 40.148297 0.000000 0.000000
-19.649629 40.148297 0.000000 0.000000
-15.768253 40.148297 0.000000 0.000000
-11.886877 40.148297 0.000000 0.000000
-8.005501 40.148297 0.000000 0.000000
-4.124125 40.148297 0.000000 0.000000
-0.242749 40.148297 0.000000 0.000000
3.638627 40.148297 0.000000 0.000000
7.520003 40.148297 0.000000 0.000000
11.401379 40.148297 0.000000 0.000000
15.282755 40.148297 0.000000 0.000000
19.164131 40.148297 0.000000 0.000000
23.045507 40.148297 0.000000 0.000000
26.926883 40.148297 0.000000 0.000000
30.808259 40.148297 0.000000 0.000000
34.689635 40.148297 0.000000 0.000000
38.571011 40.148297 0.000000 0.000000
42.452387 40.148297 0.000000 0.000000
46.333763 40.148297 10.415477 -0.997098
50.215140 40.148297 11.040742 -0.884695
54.096516 40.148297 10.084227 -1.114678
57.977892 40.148297 9.999822 -0.357880
61.859268 40.148297 10.950397 -1.472032
65.740644 40.148297 0.000000 0.000000
69.622020 40.148297 8.388899 -0.059842
73.503396 40.148297 10.218945 -0.772812
77.384772 40.148297 9.848467 -1.683190
81.266148 40.148297 8.924343 -0.815343
85.147524 40.148297 8.903954 -1.166182
89.028900 40.148297 8.928082 -1.606092
92.910276 40.148297 0.000000 0.000000
96.791652 40.148297 10.496849 -1.760265
100.673028 40.148297 9.053698 -1.712926
104.554404 40.148297 8.867200 -1.493822
108.435780 40.148297 7.237566 0.685188
112.317156 40.148297 9.176019 1.881432
116.198532 40.148297 11.136678 1.016020
120.079908 40.148297 9.686724 -1.872068
123.961284 40.148297 9.104030 -1.155253
127.842660 40.148297 10.023212 -0.540950
131.724036 40.148297 0.000000 0.000000
135.605412 40.148297 8.576632 2.507356
139.486788 40.148297 7.825313 0.287783
-54.582013 36.266921 0.000000 0.000000
-50.700637 36.266921 0.000000 0.000000
-46.819261 36.266921 0.000000 0.000000
-42.937885 36.266921 7.250413 0.750185
-39.056509 36.266921 7.058475 1.523206
-35.175133 36.266921 0.000000 0.000000
-31.293757 36.266921 0.000000 0.000000
-27.412381 36.266921 0.000000 0.000000
-23.531005 36.266921 0.000000 0.000000
-19.649629 36.266921 0.000000 0.000000
-15.768253 36.266921 0.000000 0.000000
-11.886877 36.266921 0.000000 0.000000
-8.005501 36.266921 0.000000 0.000000
-4.124125 36.266921 0.000000 0.000000
-0.242749 36.266921 0.000000 0.000000
3.638627 36.266921 0.000000 0.000000
7.520003 36.266921 0.000000 0.000000
11.401379 36.266921 0.000000 0.000000
15.282755 36.266921 0.000000 0.000000
19.164131 36.266921 0.000000 0.000000
23.045507 36.266921 0.000000 0.000000
26.926883 36.266921 0.000000 0.000000
30.808259 36.266921 0.000000 0.000000
34.689635 36.266921 0.000000 0.000000
38.571011 36.266921 0.000000 0.000000
42.452387 36.266921 0.000000 0.000000
46.333763 36.266921 0.000000 0.000000
50.215140 36.266921 0.000000 0.000000
54.096516 36.266921 0.000000 0.000000
57.977892 36.266921 0.000000 0.000000
61.859268 36.266921 0.000000 0.000000
65.740644 36.266921 0.000000 0.000000
69.622020 36.266921 7.361390 -2.330942
73.503396 36.266921 6.044461 1.111902
77.384772 36.266921 0.000000 0.000000
81.266148 36.266921 7.210393 -0.695175
85.147524 36.266921 8.197713 -2.833150
89.028900 36.266921 0.000000 0.000000
92.910276 36.266921 0.000000 0.000000
96.791652 36.266921 7.642329 -0.744247
100.673028 36.266921 8.856613 -1.965817
104.554404 36.266921 9.261189 -1.839895
108.435780 36.266921 10.585767 0.392541
112.317156 36.266921 9.169541 2.787611
116.198532 36.266921 7.746103 0.427159
120.079908 36.266921 8.552462 -0.837876
123.961284 36.266921 9.023464 -0.943755
127.842660 36.266921 10.201748 -0.814299
131.724036 36.266921 10.750496 0.843666
135.605412 36.266921 9.005530 2.408244
139.486788 36.266921 7.978077 0.401423
-54.582013 32.385545 0.000000 0.000000
-50.700637 32.385545 0.000000 0.000000
-46.819261 32.385545 0.000000 0.000000
-42.937885 32.385545 0.000000 0.000000
-39.056509 32.385545 0.000000 0.000000
-35.175133 32.385545 0.000000 0.000000
-31.293757 32.385545 0.000000 0.000000
-27.412381 32.385545 0.000000 0.000000
-23.531005 32.385545 0.000000 0.000000
-19.649629 32.385545 0.000000 0.000000
-15.768253 32.385545 0.000000 0.000000
-11.886877 32.385545 0.000000 0.000000
-8.005501 32.385545 0.000000 0.000000
-4.124125 32.385545 0.000000 0.000000
-0.242749 32.385545 0.000000 0.000000
3.638627 32.385545 0.000000 0.000000
7.520003 32.385545 0.000000 0.000000
11.401379 32.385545 0.000000 0.000000
15.282755 32.385545 0.000000 0.000000
19.164131 32.385545 0.000000 0.000000
23.045507 32.385545 0.000000 0.000000
26.926883 32.385545 0.000000 0.000000
30.808259 32.385545 0.000000 0.000000
34.689635 32.385545 0.000000 0.000000
38.571011 32.385545 0.000000 0.000000
42.452387 32.385545 0.000000 0.000000
46.333763 32.385545 0.000000 0.000000
50.215140 32.385545 0.000000 0.000000
54.096516 32.385545 0.000000 0.000000
57.977892 32.385545 0.000000 0.000000
61.859268 32.385545 0.000000 0.000000
65.740644 32.385545 0.000000 0.000000
69.622020 32.385545 0.000000 0.000000
73.503396 32.385545 0.000000 0.000000
77.384772 32.385545 8.575723 -0.632603
81.266148 32.385545 9.222673 -0.497597
85.147524 32.385545 9.380666 -0.825771
89.028900 32.385545 10.098370 1.116904
92.910276 32.385545 10.240679 0.872802
96.791652 32.385545 8.562539 -0.752071
100.673028 32.385545 8.725547 -1.248448
104.554404 32.385545 9.982911 -1.067545
108.435780 32.385545 10.671588 0.638212
112.317156 32.385545 9.744857 1.425429
116.198532 32.385545 9.111214 0.756411
120.079908 32.385545 9.007054 0.322198
123.961284 32.385545 9.533325 0.547511
127.842660 32.385545 9.631142 0.296548
131.724036 32.385545 9.903414 0.739624
135.605412 32.385545 8.863409 0.834421
139.486788 32.385545 9.053811 0.371380
-54.582013 28.504169 0.000000 0.000000
-50.700637 28.504169 0.000000 0.000000
-46.819261 28.504169 0.000000 0.000000
-42.937885 28.504169 0.000000 0.000000
-39.056509 28.504169 0.000000 0.000000
-35.175133 28.504169 0.000000 0.000000
-31.293757 28.504169 0.000000 0.000000
-27.412381 28.504169 0.000000 0.000000
-23.531005 28.504169 0.000000 0.000000
-19.649629 28.504169 0.000000 0.000000
-15.768253 28.504169 0.000000 0.000000
-11.886877 28.504169 0.000000 0.000000
-8.005501 28.504169 0.000000 0.000000
-4.124125 28.504169 0.000000 0.000000
-0.242749 28.504169 0.000000 0.000000
3.638627 28.504169 0.000000 0.000000
7.520003 28.504169 0.000000 0.000000
11.401379 28.504169 0.000000 0.000000
15.282755 28.504169 0.000000 0.000000
19.164131 28.504169 0.000000 0.000000
23.045507 28.504169 0.000000 0.000000
26.926883 28.504169 0.000000 0.000000
30.808259 28.504169 0.000000 0.000000
34.689635 28.504169 0.000000 0.000000
38.571011 28.504169 0.000000 0.000000
42.452387 28.504169 0.000000 0.000000
46.333763 28.504169 0.000000 0.000000
50.215140 28.504169 0.000000 0.000000
54.096516 28.504169 0.000000 0.000000
57.977892 28.504169 0.000000 0.000000
61.859268 28.504169 0.000000 0.000000
65.740644 28.504169 0.000000 0.000000
69.622020 28.504169 0.000000 0.000000
73.503396 28.504169 0.000000 0.000000
77.384772 28.504169 0.000000 0.000000
81.266148 28.504169 9.543748 0.254933
85.147524 28.504169 10.103132 0.021594
89.028900 28.504169 9.623110 0.368289
92.910276 28.504169 9.226776 0.334321
96.791652 28.504169 9.705713 -0.012579
100.673028 28.504169 9.783995 -0.258860
104.554404 28.504169 10.203265 -0.347951
108.435780 28.504169 10.098375 -0.005218
112.317156 28.504169 9.953588 0.569132
116.198532 28.504169 10.007993 0.754845
120.079908 28.504169 9.260800 0.051867
123.961284 28.504169 9.990509 -0.303211
127.842660 28.504169 10.056983 0.164391
131.724036 28.504169 10.284876 0.054788
135.605412 28.504169 9.426837 0.381440
139.486788 28.504169 9.537119 0.136545
-54.582013 24.622793 0.000000 0.000000
-50.700637 24.622793 0.000000 0.000000
-46.819261 24.622793 0.000000 0.000000
-42.937885 24.622793 0.000000 0.000000
-39.056509 24.622793 0.000000 0.000000
-35.175133 24.622793 0.000000 0.000000
-31.293757 24.622793 0.000000 0.000000
-27.412381 24.622793 0.000000 0.000000
-23.531005 24.622793 0.000000 0.000000
-19.649629 24.622793 0.000000 0.000000
-15.768253 24.622793 0.000000 0.000000
-11.886877 24.622793 0.000000 0.000000
-8.005501 24.622793 0.000000 0.000000
-4.124125 24.622793 0.000000 0.000000
-0.242749 24.622793 0.000000 0.000000
3.638627 24.622793 0.000000 0.000000
7.520003 24.622793 0.000000 0.000000
11.401379 24.622793 0.000000 0.000000
15.282755 24.622793 0.000000 0.000000
19.164131 24.622793 0.000000 0.000000
23.045507 24.622793 0.000000 0.000000
26.926883 24.622793 0.000000 0.000000
30.808259 24.622793 0.000000 0.000000
34.689635 24.622793 0.000000 0.000000
38.571011 24.622793 0.000000 0.000000
42.452387 24.622793 0.000000 0.000000
46.333763 24.622793 0.000000 0.000000
50.215140 24.622793 0.000000 0.000000
54.096516 24.622793 0.000000 0.000000
57.977892 24.622793 0.000000 0.000000
61.859268 24.622793 0.000000 0.000000
65.740644 24.622793 0.000000 0.000000
69.622020 24.622793 9.767332 0.893841
73.503396 24.622793 10.090577 0.588708
77.384772 24.622793 9.370253 0.474362
81.266148 24.622793 9.539373 0.345770
85.147524 24.622793 9.690277 0.030381
89.028900 24.622793 9.828235 0.414998
92.910276 24.622793 9.765031 0.850284
96.791652 24.622793 9.245553 -0.017036
100.673028 24.622793 9.306148 0.209648
104.554404 24.622793 9.608303 -0.493152
108.435780 24.622793 9.893682 0.167021
112.317156 24.622793 9.802324 0.208375
116.198532 24.622793 9.742161 0.185979
120.079908 24.622793 9.715248 0.169408
123.961284 24.622793 10.108709 0.231012
127.842660 24.622793 9.837208 0.034873
131.724036 24.622793 10.017416 0.338680
135.605412 24.622793 9.935133 0.231439
139.486788 24.622793 9.760308 -0.058938
-54.582013 20.741417 0.000000 0.000000
-50.700637 20.741417 0.000000 0.000000
-46.819261 20.741417 0.000000 0.000000
-42.937885 20.741417 0.000000 0.000000
-39.056509 20.741417 10.058210 -2.148578
-35.175133 20.741417 9.025680 -1.696105
-31.293757 20.741417 0.000000 0.000000
-27.412381 20.741417 0.000000 0.000000
-23.531005 20.741417 0.000000 0.000000
-19.649629 20.741417 0.000000 0.000000
-15.768253 20.741417 0.000000 0.000000
-11.886877 20.741417 0.000000 0.000000
-8.005501 20.741417 0.000000 0.000000
-4.124125 20.741417 0.000000 0.000000
-0.242749 20.741417 0.000000 0.000000
3.638627 20.741417 0.000000 0.000000
7.520003 20.741417 0.000000 0.000000
11.401379 20.741417 10.653602 0.398762
15.282755 20.741417 11.259381 0.102193
19.164131 20.741417 10.793228 0.394749
23.045507 20.741417 10.360440 0.622089
26.926883 20.741417 10.944070 0.325795
30.808259 20.741417 10.342999 0.558201
34.689635 20.741417 10.435129 0.266872
38.571011 20.741417 10.237403 0.679224
42.452387 20.741417 10.244164 0.632293
46.333763 20.741417 10.399992 0.759113
50.215140 20.741417 10.272272 0.596822
54.096516 20.741417 9.938871 0.506462
57.977892 20.741417 10.112978 0.828110
61.859268 20.741417 9.978176 0.724929
65.740644 20.741417 9.701160 0.772736
69.622020 20.741417 9.845651 0.593001
73.503396 20.741417 10.240263 0.611482
77.384772 20.741417 9.404088 0.440203
81.266148 20.741417 9.440588 0.440329
85.147524 20.741417 9.577833 0.340194
89.028900 20.741417 9.645498 0.209961
92.910276 20.741417 9.411442 0.349514
96.791652 20.741417 10.016182 0.419001
100.673028 20.741417 9.807652 -0.192870
104.554404 20.741417 9.669469 0.001134
108.435780 20.741417 9.916613 0.359120
112.317156 20.741417 9.326638 -0.204354
116.198532 20.741417 9.539728 0.104535
120.079908 20.741417 9.454456 -0.357191
123.961284 20.741417 9.986776 0.199854
127.842660 20.741417 10.146897 0.389371
131.724036 20.741417 9.307652 0.018153
135.605412 20.741417 9.991323 -0.012079
139.486788 20.741417 9.827655 -0.057370
-54.582013 16.860041 0.000000 0.000000
-50.700637 16.860041 0.000000 0.000000
-46.819261 16.860041 9.991573 0.242798
-42.937885 16.860041 10.393683 -1.528580
-39.056509 16.860041 9.656547 -0.508014
-35.175133 16.860041 10.187247 -0.529388
-31.293757 16.860041 9.826816 -1.119410
-27.412381 16.860041 10.143725 -0.937055
-23.531005 16.860041 10.485189 -0.952295
-19.649629 16.860041 10.568295 -0.752933
-15.768253 16.860041 10.610858 -0.581948
-11.886877 16.860041 10.754836 -0.442762
-8.005501 16.860041 10.952266 -0.092346
-4.124125 16.860041 10.675058 -0.316367
-0.242749 16.860041 10.982316 -0.242767
3.638627 16.860041 10.872846 0.067868
7.520003 16.860041 10.774251 0.372344
11.401379 16.860041 10.732371 0.190210
15.282755 16.860041 10.716565 0.441671
19.164131 16.860041 10.601366 0.395361
23.045507 16.860041 10.566655 0.451872
26.926883 16.860041 10.669891 0.416860
30.808259 16.860041 10.616737 0.588750
34.689635 16.860041 10.439290 0.581573
38.571011 16.860041 10.556698 0.582406
42.452387 16.860041 10.484027 0.829244
46.333763 16.860041 10.250238 0.598132
50.215140 16.860041 10.257685 0.668203
54.096516 16.860041 10.242455 0.688217
57.977892 16.860041 10.138782 0.608120
61.859268 16.860041 9.976372 0.769303
65.740644 16.860041 10.154976 0.642521
69.622020 16.860041 9.867756 0.563857
73.503396 16.860041 9.733280 0.461003
77.384772 16.860041 9.601597 0.632902
81.266148 16.860041 9.685894 0.420236
85.147524 16.860041 9.849473 0.297154
89.028900 16.860041 9.833917 0.136464
92.910276 16.860041 9.790606 0.437650
96.791652 16.860041 9.865463 0.402630
100.673028 16.860041 9.526310 -0.093491
104.554404 16.860041 9.728138 0.113428
108.435780 16.860041 9.925858 0.135974
112.317156 16.860041 10.141943 0.447586
116.198532 16.860041 9.699162 0.372642
120.079908 16.860041 9.859695 0.453277
123.961284 16.860041 9.919525 0.056353
127.842660 16.860041 10.013409 0.058954
131.724036 16.860041 9.673772 0.219100
135.605412 16.860041 9.736596 0.060787
139.486788 16.860041 9.720091 0.155509
-54.582013 12.978665 0.000000 0.000000
-50.700637 12.978665 0.000000 0.000000
-46.819261 12.978665 9.585437 -0.402319
-42.937885 12.978665 10.149531 -0.358973
-39.056509 12.978665 10.295605 -0.020078
-35.175133 12.978665 9.864285 -0.535913
-31.293757 12.978665 9.866367 -0.503146
-27.412381 12.978665 10.328761 -0.772667
-23.531005 12.978665 10.294531 -0.087502
-19.649629 12.978665 10.218251 -0.386677
-15.768253 12.978665 10.396959 -0.718846
-11.886877 12.978665 10.549547 -0.324649
-8.005501 12.978665 10.911881 -0.465455
-4.124125 12.978665 10.877645 -0.150777
-0.242749 12.978665 10.632009 0.157022
3.638627 12.978665 10.801029 -0.254063
7.520003 12.978665 10.719953 0.153711
11.401379 12.978665 10.613822 0.153213
15.282755 12.978665 10.655209 -0.080603
19.164131 12.978665 10.595426 0.201446
23.045507 12.978665 10.622959 0.323346
26.926883 12.978665 10.189604 0.616495
30.808259 12.978665 10.412789 0.653888
34.689635 12.978665 10.395112 0.707735
38.571011 12.978665 10.209349 0.472568
42.452387 12.978665 10.157823 0.522092
46.333763 12.978665 10.265631 0.571254
50.215140 12.978665 10.142486 0.551338
54.096516 12.978665 10.073255 0.400365
57.977892 12.978665 9.996357 0.613999
61.859268 12.978665 9.962296 0.626774
65.740644 12.978665 10.011909 0.535416
69.622020 12.978665 9.812195 0.514995
73.503396 12.978665 9.525700 0.457407
77.384772 12.978665 9.860229 0.536252
81.266148 12.978665 9.562398 0.431154
85.147524 12.978665 9.597510 0.280852
89.028900 12.978665 9.993513 -0.036385
92.910276 12.978665 9.888527 0.310952
96.791652 12.978665 9.874058 0.182927
100.673028 12.978665 9.540762 0.376263
104.554404 12.978665 9.796760 0.254864
108.435780 12.978665 10.019113 0.100311
112.317156 12.978665 9.600024 -0.130090
116.198532 12.978665 9.859350 0.114870
120.079908 12.978665 9.861219 0.201143
123.961284 12.978665 9.720998 0.061696
127.842660 12.978665 9.925453 0.088776
131.724036 12.978665 10.126264 -0.166133
135.605412 12.978665 9.762856 -0.184397
139.486788 12.978665 9.862434 0.065951
-54.582013 9.097289 0.000000 0.000000
-50.700637 9.097289 10.140879 0.189158
-46.819261 9.097289 9.743197 -0.011388
-42.937885 9.097289 10.019958 -0.339102
-39.056509 9.097289 9.629199 -0.073175
-35.175133 9.097289 10.208544 -0.109833
-31.293757 9.097289 10.229568 -0.716133
-27.412381 9.097289 10.218402 -0.330303
-23.531005 9.097289 10.103829 -0.549868
-19.649629 9.097289 10.318369 -0.397684
-15.768253 9.097289 10.537958 0.017510
-11.886877 9.097289 10.601863 -0.042204
-8.005501 9.097289 10.588053 -0.219963
-4.124125 9.097289 10.628144 -0.230133
-0.242749 9.097289 10.659422 0.087770
3.638627 9.097289 10.619862 0.204217
7.520003 9.097289 10.598942 0.102978
11.401379 9.097289 10.733484 0.091782
15.282755 9.097289 10.446255 0.309935
19.164131 9.097289 10.522470 0.341490
23.045507 9.097289 10.496177 0.388637
26.926883 9.097289 10.468483 0.357147
30.808259 9.097289 10.438436 0.422287
34.689635 9.097289 10.323357 0.625471
38.571011 9.097289 10.398758 0.541422
42.452387 9.097289 10.335405 0.732912
46.333763 9.097289 10.218627 0.595494
50.215140 9.097289 10.283349 0.688689
54.096516 9.097289 10.204349 0.502417
57.977892 9.097289 9.923141 0.338243
61.859268 9.097289 9.863323 0.582568
65.740644 9.097289 9.950550 0.482976
69.622020 9.097289 9.932366 0.532233
73.503396 9.097289 9.998720 0.191134
77.384772 9.097289 9.891541 0.472268
81.266148 9.097289 9.942752 0.253627
85.147524 9.097289 10.062461 0.288425
89.028900 9.097289 9.969468 0.399649
92.910276 9.097289 9.809283 0.166915
96.791652 9.097289 9.847946 0.166703
100.673028 9.097289 9.412256 0.148533
104.554404 9.097289 9.412034 0.350400
108.435780 9.097289 9.905845 0.060445
112.317156 9.097289 9.914985 0.290110
116.198532 9.097289 10.036066 0.143561
120.079908 9.097289 9.599635 -0.149556
123.961284 9.097289 9.965579 0.162841
127.842660 9.097289 9.949760 0.119147
131.724036 9.097289 9.920450 0.079050
135.605412 9.097289 9.889416 0.215638
139.486788 9.097289 9.716253 0.150842
-54.582013 5.215913 0.000000 0.000000
-50.700637 5.215913 10.000549 -0.532568
-46.819261 5.215913 9.389769 0.295723
-42.937885 5.215913 9.351785 -0.424281
-39.056509 5.215913 9.238582 -0.690142
-35.175133 5.215913 10.310987 0.376281
-31.293757 5.215913 10.035729 -0.401201
-27.412381 5.215913 10.033620 0.032349
-23.531005 5.215913 10.126273 -0.371215
-19.649629 5.215913 10.600506 -0.239319
-15.768253 5.215913 10.576680 -0.553903
-11.886877 5.215913 10.567244 -0.356800
-8.005501 5.215913 10.619300 -0.172939
-4.124125 5.215913 10.647108 -0.212960
-0.242749 5.215913 10.613332 0.353463
3.638627 5.215913 10.540092 -0.013076
7.520003 5.215913 10.570205 0.340740
11.401379 5.215913 10.598673 0.235074
15.282755 5.215913 10.497389 0.133502
19.164131 5.215913 10.385330 0.245500
23.045507 5.215913 10.345325 0.475198
26.926883 5.215913 10.356449 0.378441
30.808259 5.215913 10.431982 0.325086
34.689635 5.215913 10.401707 0.429857
38.571011 5.215913 10.364605 0.624741
42.452387 5.215913 10.149192 0.632959
46.333763 5.215913 9.834864 0.198598
50.215140 5.215913 10.216508 0.676637
54.096516 5.215913 10.101593 0.661503
57.977892 5.215913 10.167283 0.515275
61.859268 5.215913 10.108540 0.517109
65.740644 5.215913 10.080266 0.483884
69.622020 5.215913 9.902436 0.301975
73.503396 5.215913 9.773797 0.362727
77.384772 5.215913 9.537699 0.548056
81.266148 5.215913 9.971162 0.287539
85.147524 5.215913 9.963848 0.311365
89.028900 5.215913 9.766018 0.272556
92.910276 5.215913 9.745699 0.244985
96.791652 5.215913 9.927166 0.256613
100.673028 5.215913 9.853637 0.314740
104.554404 5.215913 10.082545 -0.089911
108.435780 5.215913 10.005769 -0.005210
112.317156 5.215913 9.822087 0.271521
116.198532 5.215913 9.795563 0.044767
120.079908 5.215913 9.891412 0.131264
123.961284 5.215913 9.934476 0.098198
127.842660 5.215913 9.938656 0.032953
131.724036 5.215913 9.934621 0.094649
135.605412 5.215913 9.802380 0.127581
139.486788 5.215913 9.888746 0.033286
-54.582013 1.334537 9.356335 0.564884
-50.700637 1.334537 0.000000 0.000000
-46.819261 1.334537 10.259736 -0.297790
-42.937885 1.334537 9.666492 0.282383
-39.056509 1.334537 10.120459 -0.344301
-35.175133 1.334537 9.821097 -0.598396
-31.293757 1.334537 10.173237 -0.798145
-27.412381 1.334537 10.441175 -0.387653
-23.531005 1.334537 10.431285 -0.366155
-19.649629 1.334537 10.349080 -0.250729
-15.768253 1.334537 10.425125 -0.308075
-11.886877 1.334537 10.453991 0.003413
-8.005501 1.334537 10.333364 -0.257075
-4.124125 1.334537 10.484767 -0.123207
-0.242749 1.334537 10.574292 -0.084249
3.638627 1.334537 10.343777 0.019074
7.520003 1.334537 10.427041 0.064558
11.401379 1.334537 10.441477 0.131814
15.282755 1.334537 10.486161 0.336651
19.164131 1.334537 10.375577 -0.127721
23.045507 1.334537 10.395350 0.210844
26.926883 1.334537 10.324621 0.133037
30.808259 1.334537 10.305348 0.320940
34.689635 1.334537 10.304626 0.322615
38.571011 1.334537 10.062116 0.711131
42.452387 1.334537 10.521496 0.555863
46.333763 1.334537 10.445404 0.668747
50.215140 1.334537 10.166253 0.412481
54.096516 1.334537 10.126551 0.425637
57.977892 1.334537 10.373941 0.330937
61.859268 1.334537 10.039036 0.608578
65.740644 1.334537 10.006472 0.571558
69.622020 1.334537 9.952796 0.446753
73.503396 1.334537 10.128870 0.383715
77.384772 1.334537 9.881797 0.366233
81.266148 1.334537 9.971047 0.320571
85.147524 1.334537 9.929873 0.352266
89.028900 1.334537 9.831058 0.284691
92.910276 1.334537 9.737997 0.278194
96.791652 1.334537 9.945673 0.325757
100.673028 1.334537 9.814006 0.165869
104.554404 1.334537 9.812809 0.317729
108.435780 1.334537 9.845327 0.212897
112.317156 1.334537 9.874828 0.272758
116.198532 1.334537 9.887012 0.207329
120.079908 1.334537 9.792345 0.084922
123.961284 1.334537 9.807253 0.216221
127.842660 1.334537 9.741285 0.086230
131.724036 1.334537 9.885360 0.147441
135.605412 1.334537 9.734647 0.133118
139.486788 1.334537 9.815678 0.017822
-54.582013 -2.546839 0.000000 0.000000
-50.700637 -2.546839 10.047945 -2.131015
-46.819261 -2.546839 9.573983 -0.057308
-42.937885 -2.546839 10.408601 0.137202
-39.056509 -2.546839 10.309174 -0.048831
-35.175133 -2.546839 10.145851 -0.678837
-31.293757 -2.546839 9.890273 -0.283650
-27.412381 -2.546839 10.237931 -0.367459
-23.531005 -2.546839 10.130286 -0.300797
-19.649629 -2.546839 10.341457 -0.357534
-15.768253 -2.546839 10.447168 -0.191354
-11.886877 -2.546839 10.050838 -0.250200
-8.005501 -2.546839 10.319041 -0.263956
-4.124125 -2.546839 10.536231 0.002563
-0.242749 -2.546839 10.578830 0.144435
3.638627 -2.546839 10.500557 0.157178
7.520003 -2.546839 10.632215 0.012042
11.401379 -2.546839 10.457767 0.157053
15.282755 -2.546839 10.661708 0.131480
19.164131 -2.546839 10.446369 0.054004
23.045507 -2.546839 10.473622 0.384104
26.926883 -2.546839 10.265489 0.290635
30.808259 -2.546839 10.329464 0.346428
34.689635 -2.546839 9.803021 0.423517
38.571011 -2.546839 10.225327 0.567946
42.452387 -2.546839 10.241090 0.492623
46.333763 -2.546839 10.295046 0.505429
50.215140 -2.546839 10.222107 0.313800
54.096516 -2.546839 10.190761 0.416434
57.977892 -2.546839 10.094233 0.501849
61.859268 -2.546839 9.940229 0.358159
65.740644 -2.546839 9.957089 0.399720
69.622020 -2.546839 10.100427 0.371641
73.503396 -2.546839 9.927299 0.452555
77.384772 -2.546839 9.967698 0.471458
81.266148 -2.546839 9.923242 0.289742
85.147524 -2.546839 9.893753 0.168835
89.028900 -2.546839 9.850126 0.346430
92.910276 -2.546839 9.865337 0.347880
96.791652 -2.546839 9.889910 0.288906
100.673028 -2.546839 9.875742 0.251973
104.554404 -2.546839 10.037454 0.333647
108.435780 -2.546839 9.901165 0.280918
112.317156 -2.546839 9.947176 0.261545
116.198532 -2.546839 9.913389 0.101770
120.079908 -2.546839 9.768359 0.144861
123.961284 -2.546839 9.863949 0.182242
127.842660 -2.546839 9.886612 0.213406
131.724036 -2.546839 9.943428 0.236914
135.605412 -2.546839 9.887879 0.214045
139.486788 -2.546839 9.815835 0.258166
-54.582013 -6.428215 0.000000 0.000000
-50.700637 -6.428215 0.000000 0.000000
-46.819261 -6.428215 0.000000 0.000000
-42.937885 -6.428215 9.848051 -0.269704
-39.056509 -6.428215 9.978241 0.028505
-35.175133 -6.428215 0.000000 0.000000
-31.293757 -6.428215 10.207359 0.002926
-27.412381 -6.428215 10.370564 0.054435
-23.531005 -6.428215 10.337944 -0.416909
-19.649629 -6.428215 9.963222 -0.434260
-15.768253 -6.428215 10.627395 -0.041215
-11.886877 -6.428215 10.367091 -0.091575
-8.005501 -6.428215 10.247765 -0.332955
-4.124125 -6.428215 10.448386 -0.286995
-0.242749 -6.428215 10.337358 0.283333
3.638627 -6.428215 10.440073 0.236538
7.520003 -6.428215 10.303782 0.385193
11.401379 -6.428215 10.420961 0.217071
15.282755 -6.428215 10.356772 0.161964
19.164131 -6.428215 10.376576 0.319678
23.045507 -6.428215 10.386814 0.366508
26.926883 -6.428215 10.324551 0.337733
30.808259 -6.428215 10.417386 0.268541
34.689635 -6.428215 10.332500 0.333127
38.571011 -6.428215 10.256380 0.333715
42.452387 -6.428215 10.209756 0.378032
46.333763 -6.428215 10.208614 0.360485
50.215140 -6.428215 10.043765 0.367837
54.096516 -6.428215 10.010969 0.437286
57.977892 -6.428215 9.996385 0.534193
61.859268 -6.428215 10.065111 0.512835
65.740644 -6.428215 9.972301 0.414017
69.622020 -6.428215 10.005417 0.464476
73.503396 -6.428215 9.918966 0.368861
77.384772 -6.428215 9.993803 0.384681
81.266148 -6.428215 9.875927 0.294548
85.147524 -6.428215 10.084430 0.324751
89.028900 -6.428215 9.932064 0.222509
92.910276 -6.428215 9.883184 0.220998
96.791652 -6.428215 9.813067 0.319840
100.673028 -6.428215 9.888864 0.322442
104.554404 -6.428215 10.045008 0.180931
108.435780 -6.428215 9.941139 0.265577
112.317156 -6.428215 9.855682 0.281677
116.198532 -6.428215 9.838402 0.253473
120.079908 -6.428215 9.804807 0.260661
123.961284 -6.428215 9.892081 0.232289
127.842660 -6.428215 9.723613 0.155949
131.724036 -6.428215 9.830320 0.115056
135.605412 -6.428215 9.930858 0.199419
139.486788 -6.428215 9.906224 0.234815
-54.582013 -10.309591 0.000000 0.000000
-50.700637 -10.309591 0.000000 0.000000
-46.819261 -10.309591 9.630871 -0.177308
-42.937885 -10.309591 10.323721 -0.259628
-39.056509 -10.309591 9.967034 -0.330826
-35.175133 -10.309591 10.346183 -0.323204
-31.293757 -10.309591 10.090155 -0.095553
-27.412381 -10.309591 10.043061 -0.153179
-23.531005 -10.309591 10.187062 -0.438789
-19.649629 -10.309591 10.211705 -0.138042
-15.768253 -10.309591 10.491522 -0.132627
-11.886877 -10.309591 10.357162 -0.310484
-8.005501 -10.309591 10.367507 -0.245274
-4.124125 -10.309591 10.500011 -0.211034
-0.242749 -10.309591 10.290181 0.016333
3.638627 -10.309591 10.482231 0.311794
7.520003 -10.309591 10.453128 0.212037
11.401379 -10.309591 10.342226 0.217177
15.282755 -10.309591 10.376490 0.176565
19.164131 -10.309591 10.420637 0.244689
23.045507 -10.309591 10.335773 0.289461
26.926883 -10.309591 10.265159 0.416374
30.808259 -10.309591 10.207186 0.289492
34.689635 -10.309591 10.246272 0.362083
38.571011 -10.309591 10.100988 0.195750
42.452387 -10.309591 10.247049 0.264187
46.333763 -10.309591 10.162668 0.571889
50.215140 -10.309591 10.166130 0.518742
54.096516 -10.309591 10.170312 0.279229
57.977892 -10.309591 10.077298 0.429859
61.859268 -10.309591 10.113215 0.330240
65.740644 -10.309591 10.126603 0.521161
69.622020 -10.309591 10.156160 0.233045
73.503396 -10.309591 9.970042 0.384713
77.384772 -10.309591 9.841027 0.325024
81.266148 -10.309591 9.862900 0.386967
85.147524 -10.309591 9.963593 0.373647
89.028900 -10.309591 9.984096 0.297598
92.910276 -10.309591 10.067696 0.179895
96.791652 -10.309591 9.972491 0.284512
100.673028 -10.309591 9.668392 0.198952
104.554404 -10.309591 9.846388 0.311667
108.435780 -10.309591 9.943073 0.230841
112.317156 -10.309591 9.973811 0.184318
116.198532 -10.309591 9.814281 0.253130
120.079908 -10.309591 9.860756 0.259793
123.961284 -10.309591 9.892852 0.129595
127.842660 -10.309591 9.835376 0.140408
131.724036 -10.309591 9.981619 0.029506
135.605412 -10.309591 10.027453 0.077637
139.486788 -10.309591 9.743636 0.265274
-54.582013 -14.190967 0.000000 0.000000
-50.700637 -14.190967 0.000000 0.000000
-46.819261 -14.190967 0.000000 0.000000
-42.937885 -14.190967 10.272899 0.400547
-39.056509 -14.190967 10.230349 0.350363
-35.175133 -14.190967 10.197260 -0.504761
-31.293757 -14.190967 10.227470 -0.405274
-27.412381 -14.190967 9.561584 -0.505668
-23.531005 -14.190967 10.044885 0.204081
-19.649629 -14.190967 10.362816 -0.117883
-15.768253 -14.190967 10.315151 0.269655
-11.886877 -14.190967 10.327857 -0.067606
-8.005501 -14.190967 10.093243 -0.007189
-4.124125 -14.190967 10.387154 0.060161
-0.242749 -14.190967 10.395183 0.079322
3.638627 -14.190967 10.401999 0.224551
7.520003 -14.190967 10.159457 0.062900
11.401379 -14.190967 10.378498 0.032986
15.282755 -14.190967 10.413123 0.111197
19.164131 -14.190967 10.383613 0.314988
23.045507 -14.190967 10.227495 0.348588
26.926883 -14.190967 10.442359 0.280571
30.808259 -14.190967 10.241753 0.251730
34.689635 -14.190967 10.293896 0.197796
38.571011 -14.190967 10.215530 0.261365
42.452387 -14.190967 10.146301 0.207939
46.333763 -14.190967 10.204074 0.424810
50.215140 -14.190967 10.158332 0.336217
54.096516 -14.190967 10.190289 0.437354
57.977892 -14.190967 10.234411 0.405493
61.859268 -14.190967 9.959385 0.417276
65.740644 -14.190967 10.107593 0.402982
69.622020 -14.190967 10.005491 0.375359
73.503396 -14.190967 9.893398 0.387812
77.384772 -14.190967 9.987246 0.413092
81.266148 -14.190967 10.035236 0.295994
85.147524 -14.190967 9.987908 0.370492
89.028900 -14.190967 9.926009 0.353012
92.910276 -14.190967 9.972056 0.337799
96.791652 -14.190967 9.821156 0.291150
100.673028 -14.190967 9.900422 0.176742
104.554404 -14.190967 9.930244 0.281705
108.435780 -14.190967 9.861115 -0.060197
112.317156 -14.190967 9.741396 0.221192
116.198532 -14.190967 10.072613 0.072091
120.079908 -14.190967 9.772147 0.101269
123.961284 -14.190967 9.892569 0.041541
127.842660 -14.190967 10.003588 0.154962
131.724036 -14.190967 9.894441 0.310415
135.605412 -14.190967 9.927039 0.306703
139.486788 -14.190967 9.874079 0.208281
-54.582013 -18.072343 0.000000 0.000000
-50.700637 -18.072343 0.000000 0.000000
-46.819261 -18.072343 10.170691 -0.331355
-42.937885 -18.072343 9.908806 0.392301
-39.056509 -18.072343 9.443686 0.233806
-35.175133 -18.072343 9.985654 -0.254120
-31.293757 -18.072343 9.942154 0.280087
-27.412381 -18.072343 10.022916 -0.142685
-23.531005 -18.072343 10.137291 -0.170627
-19.649629 -18.072343 10.041131 0.025434
-15.768253 -18.072343 9.801837 0.260623
-11.886877 -18.072343 10.001614 -0.130341
-8.005501 -18.072343 10.133000 0.234786
-4.124125 -18.072343 10.057069 0.112043
-0.242749 -18.072343 10.345582 -0.038345
3.638627 -18.072343 10.200536 -0.079426
7.520003 -18.072343 10.077992 0.104205
11.401379 -18.072343 10.181593 0.372740
15.282755 -18.072343 10.332154 0.214366
19.164131 -18.072343 10.282522 0.270227
23.045507 -18.072343 10.326167 0.192426
26.926883 -18.072343 10.155149 0.439651
30.808259 -18.072343 10.187163 0.308743
34.689635 -18.072343 10.211850 0.321696
38.571011 -18.072343 10.245951 0.333479
42.452387 -18.072343 10.157351 0.159129
46.333763 -18.072343 10.232252 0.353321
50.215140 -18.072343 10.016411 0.420288
54.096516 -18.072343 10.068463 0.308607
57.977892 -18.072343 10.082733 0.310380
61.859268 -18.072343 10.028237 0.331118
65.740644 -18.072343 10.124780 0.425125
69.622020 -18.072343 10.205696 0.200010
73.503396 -18.072343 9.909271 0.313961
77.384772 -18.072343 9.955782 0.317209
81.266148 -18.072343 9.937656 0.431177
85.147524 -18.072343 10.086885 0.376496
89.028900 -18.072343 9.965588 0.308680
92.910276 -18.072343 9.951084 0.201546
96.791652 -18.072343 9.892359 0.278417
100.673028 -18.072343 9.860778 0.212908
104.554404 -18.072343 9.883367 0.279896
108.435780 -18.072343 9.978281 0.352616
112.317156 -18.072343 9.962556 0.254464
116.198532 -18.072343 9.970640 0.190159
120.079908 -18.072343 9.903831 0.324074
123.961284 -18.072343 9.928576 0.148507
127.842660 -18.072343 9.914186 0.156374
131.724036 -18.072343 9.947857 0.092166
135.605412 -18.072343 9.914161 0.192130
139.486788 -18.072343 9.906075 0.207360
-54.582013 -21.953719 0.000000 0.000000
-50.700637 -21.953719 0.000000 0.000000
-46.819261 -21.953719 0.000000 0.000000
-42.937885 -21.953719 0.000000 0.000000
-39.056509 -21.953719 9.986351 -0.145287
-35.175133 -21.953719 10.315423 0.157267
-31.293757 -21.953719 10.123068 -0.223209
-27.412381 -21.953719 10.332719 0.107361
-23.531005 -21.953719 10.287609 -0.091975
-19.649629 -21.953719 10.097845 -0.203739
-15.768253 -21.953719 10.248489 0.151712
-11.886877 -21.953719 10.554115 0.270298
-8.005501 -21.953719 10.247700 0.028428
-4.124125 -21.953719 10.205780 -0.053984
-0.242749 -21.953719 10.179051 0.196365
3.638627 -21.953719 10.194098 0.357957
7.520003 -21.953719 10.273969 0.102756
11.401379 -21.953719 10.168511 0.317659
15.282755 -21.953719 10.365740 0.263885
19.164131 -21.953719 10.261013 0.083085
23.045507 -21.953719 10.225471 0.203053
26.926883 -21.953719 10.178132 0.232497
30.808259 -21.953719 10.138713 0.182102
34.689635 -21.953719 10.281073 0.287286
38.571011 -21.953719 10.210619 0.105650
42.452387 -21.953719 10.231626 0.422972
46.333763 -21.953719 10.080796 0.303535
50.215140 -21.953719 10.076409 0.297714
54.096516 -21.953719 10.131134 0.247933
57.977892 -21.953719 10.166891 0.397294
61.859268 -21.953719 10.031704 0.447981
65.740644 -21.953719 9.968339 0.232111
69.622020 -21.953719 10.021636 0.255453
73.503396 -21.953719 10.025119 0.373485
77.384772 -21.953719 9.986067 0.229491
81.266148 -21.953719 10.060734 0.153518
85.147524 -21.953719 9.971196 0.214569
89.028900 -21.953719 9.962219 0.229531
92.910276 -21.953719 9.856324 0.294486
96.791652 -21.953719 9.994078 0.370286
100.673028 -21.953719 9.858878 0.304863
104.554404 -21.953719 9.916305 -0.065507
108.435780 -21.953719 9.828525 0.324708
112.317156 -21.953719 9.970884 0.220760
116.198532 -21.953719 9.888114 0.213189
120.079908 -21.953719 9.701133 0.279555
123.961284 -21.953719 9.838244 0.119231
127.842660 -21.953719 10.071199 0.284429
131.724036 -21.953719 9.849806 0.248691
135.605412 -21.953719 9.879641 0.164212
139.486788 -21.953719 9.940997 -0.055633
-54.582013 -25.835095 0.000000 0.000000
-50.700637 -25.835095 0.000000 0.000000
-46.819261 -25.835095 0.000000 0.000000
-42.937885 -25.835095 10.365810 0.269076
-39.056509 -25.835095 10.145311 0.115973
-35.175133 -25.835095 9.848116 -0.058580
-31.293757 -25.835095 10.054312 -0.063824
-27.412381 -25.835095 10.255276 0.103667
-23.531005 -25.835095 10.065524 -0.104620
-19.649629 -25.835095 10.158884 0.070458
-15.768253 -25.835095 10.079062 -0.041675
-11.886877 -25.835095 10.214728 0.060090
-8.005501 -25.835095 10.131128 -0.077807
-4.124125 -25.835095 10.271476 0.131457
-0.242749 -25.835095 10.338049 0.428447
3.638627 -25.835095 10.312326 0.112659
7.520003 -25.835095 10.224198 0.120654
11.401379 -25.835095 10.192664 0.061196
15.282755 -25.835095 10.402222 0.198922
19.164131 -25.835095 10.185785 0.222159
23.045507 -25.835095 10.333006 0.236580
26.926883 -25.835095 10.100226 0.360775
30.808259 -25.835095 10.182895 0.317605
34.689635 -25.835095 10.193373 0.337671
38.571011 -25.835095 10.170559 0.251153
42.452387 -25.835095 10.219707 0.159899
46.333763 -25.835095 10.223461 0.211705
50.215140 -25.835095 10.195656 0.285628
54.096516 -25.835095 9.964536 0.319613
57.977892 -25.835095 10.111575 0.010428
61.859268 -25.835095 10.387314 -0.037910
65.740644 -25.835095 10.168959 0.453058
69.622020 -25.835095 9.955637 0.296551
73.503396 -25.835095 10.145327 0.218846
77.384772 -25.835095 9.980897 0.368420
81.266148 -25.835095 9.969101 0.289526
85.147524 -25.835095 9.974592 0.291651
89.028900 -25.835095 9.833522 0.109995
92.910276 -25.835095 10.035292 0.134088
96.791652 -25.835095 10.065534 0.259935
100.673028 -25.835095 9.878903 0.201561
104.554404 -25.835095 10.116643 0.220245
108.435780 -25.835095 9.824928 0.188919
112.317156 -25.835095 9.854954 0.434634
116.198532 -25.835095 9.831002 0.241951
120.079908 -25.835095 9.986484 0.229891
123.961284 -25.835095 9.832924 0.173127
127.842660 -25.835095 9.964647 0.280648
131.724036 -25.835095 9.971909 0.145464
135.605412 -25.835095 10.086919 0.121862
139.486788 -25.835095 9.937509 0.036373
-54.582013 -29.716471 0.000000 0.000000
-50.700637 -29.716471 0.000000 0.000000
-46.819261 -29.716471 0.000000 0.000000
-42.937885 -29.716471 0.000000 0.000000
-39.056509 -29.716471 10.091996 1.185666
-35.175133 -29.716471 9.790152 -0.376001
-31.293757 -29.716471 10.116519 -0.053397
-27.412381 -29.716471 10.439275 -0.094475
-23.531005 -29.716471 10.214534 -0.011356
-19.649629 -29.716471 10.256537 0.183075
-15.768253 -29.716471 10.160651 -0.287145
-11.886877 -29.716471 10.362442 0.086476
-8.005501 -29.716471 10.146808 0.115881
-4.124125 -29.716471 10.354053 -0.087392
-0.242749 -29.716471 10.342127 0.172427
3.638627 -29.716471 10.205163 -0.011843
7.520003 -29.716471 10.345353 0.139713
11.401379 -29.716471 10.194524 0.254207
15.282755 -29.716471 10.063183 0.191266
19.164131 -29.716471 10.130980 0.185749
23.045507 -29.716471 10.027568 0.189337
26.926883 -29.716471 10.149420 0.109352
30.808259 -29.716471 10.117133 0.065010
34.689635 -29.716471 10.147933 0.207573
38.571011 -29.716471 10.277238 0.127204
42.452387 -29.716471 10.218204 0.292560
46.333763 -29.716471 10.127121 0.324407
50.215140 -29.716471 10.195699 0.362826
54.096516 -29.716471 10.157551 0.143414
57.977892 -29.716471 10.293991 0.164462
61.859268 -29.716471 10.076151 0.139777
65.740644 -29.716471 10.059447 0.319677
69.622020 -29.716471 9.937672 0.594173
73.503396 -29.716471 10.093696 0.253994
77.384772 -29.716471 10.090204 0.399302
81.266148 -29.716471 10.038780 0.451050
85.147524 -29.716471 10.117510 0.316230
89.028900 -29.716471 10.039265 0.240698
92.910276 -29.716471 10.014146 0.310992
96.791652 -29.716471 9.954875 0.168042
100.673028 -29.716471 9.913877 0.337048
104.554404 -29.716471 10.042973 0.189729
108.435780 -29.716471 10.083585 0.218880
112.317156 -29.716471 9.848708 0.234774
116.198532 -29.716471 9.837048 0.142250
120.079908 -29.716471 9.935639 0.216867
123.961284 -29.716471 9.970452 0.223891
127.842660 -29.716471 9.992057 0.274200
131.724036 -29.716471 9.794326 0.150580
135.605412 -29.716471 9.784519 0.598740
139.486788 -29.716471 9.963931 0.352593
-54.582013 -33.597847 0.000000 0.000000
-50.700637 -33.597847 0.000000 0.000000
-46.819261 -33.597847 0.000000 0.000000
-42.937885 -33.597847 10.867293 -0.781855
-39.056509 -33.597847 9.845392 0.177887
-35.175133 -33.597847 10.369244 -0.442157
-31.293757 -33.597847 10.158464 0.060553
-27.412381 -33.597847 10.115523 -0.146804
-23.531005 -33.597847 9.791590 -0.002133
-19.649629 -33.597847 10.166481 0.047576
-15.768253 -33.597847 10.241058 -0.334926
-11.886877 -33.597847 10.179152 0.060064
-8.005501 -33.597847 10.177842 0.111881
-4.124125 -33.597847 10.300663 0.115626
-0.242749 -33.597847 10.107013 0.219327
3.638627 -33.597847 10.157678 0.019177
7.520003 -33.597847 10.212767 0.170499
11.401379 -33.597847 10.069612 -0.039633
15.282755 -33.597847 10.271155 0.187242
19.164131 -33.597847 10.326842 0.404167
23.045507 -33.597847 10.240479 0.140922
26.926883 -33.597847 10.187972 0.207009
30.808259 -33.597847 10.288340 0.363519
34.689635 -33.597847 10.130484 0.174057
38.571011 -33.597847 10.143331 0.255939
42.452387 -33.597847 10.029980 0.406059
46.333763 -33.597847 10.189289 0.226106
50.215140 -33.597847 10.251655 0.343584
54.096516 -33.597847 10.077635 0.284230
57.977892 -33.597847 10.215456 0.346863
61.859268 -33.597847 10.088017 0.290763
65.740644 -33.597847 10.112867 0.270125
69.622020 -33.597847 10.100569 0.391493
73.503396 -33.597847 10.106646 0.236196
77.384772 -33.597847 9.792777 0.230574
81.266148 -33.597847 9.953623 0.035119
85.147524 -33.597847 9.948252 0.320735
89.028900 -33.597847 9.897701 0.237283
92.910276 -33.597847 9.912801 0.288289
96.791652 -33.597847 9.854171 0.301507
100.673028 -33.597847 9.932764 0.244569
104.554404 -33.597847 9.974968 0.136090
108.435780 -33.597847 9.885005 0.443119
112.317156 -33.597847 9.888463 0.253565
116.198532 -33.597847 9.863021 0.181622
120.079908 -33.597847 9.960187 0.200553
123.961284 -33.597847 9.755601 0.188822
127.842660 -33.597847 10.065595 0.331284
131.724036 -33.597847 9.961119 0.229213
135.605412 -33.597847 9.954163 0.181048
139.486788 -33.597847 9.766548 0.335755
-54.582013 -37.479223 0.000000 0.000000
-50.700637 -37.479223 0.000000 0.000000
-46.819261 -37.479223 0.000000 0.000000
-42.937885 -37.479223 0.000000 0.000000
-39.056509 -37.479223 0.000000 0.000000
-35.175133 -37.479223 10.319406 0.065020
-31.293757 -37.479223 10.144346 0.174652
-27.412381 -37.479223 10.041461 -0.001141
-23.531005 -37.479223 10.260436 0.154701
-19.649629 -37.479223 10.222332 0.072486
-15.768253 -37.479223 9.959845 0.138468
-11.886877 -37.479223 10.310941 0.357584
-8.005501 -37.479223 10.298264 0.133637
-4.124125 -37.479223 10.034227 -0.143181
-0.242749 -37.479223 10.188990 0.224523
3.638627 -37.479223 10.105856 0.049939
7.520003 -37.479223 10.230586 0.169734
11.401379 -37.479223 10.160491 0.176730
15.282755 -37.479223 10.277032 0.048273
19.164131 -37.479223 10.112747 -0.078410
23.045507 -37.479223 10.214484 0.253780
26.926883 -37.479223 10.182176 0.302921
30.808259 -37.479223 10.385080 0.459655
34.689635 -37.479223 10.231157 0.203343
38.571011 -37.479223 9.951050 0.190395
42.452387 -37.479223 10.177151 0.213944
46.333763 -37.479223 10.208620 0.376729
50.215140 -37.479223 10.158630 0.176963
54.096516 -37.479223 10.160071 0.284674
57.977892 -37.479223 10.150111 0.165252
61.859268 -37.479223 10.216446 0.297316
65.740644 -37.479223 10.269135 0.359962
69.622020 -37.479223 10.018850 0.338152
73.503396 -37.479223 10.067911 0.068990
77.384772 -37.479223 10.095084 0.247610
81.266148 -37.479223 10.055462 0.310636
85.147524 -37.479223 10.011099 0.183033
89.028900 -37.479223 10.038472 0.342239
92.910276 -37.479223 9.929044 0.332099
96.791652 -37.479223 10.000417 0.220061
100.673028 -37.479223 10.030356 0.304513
104.554404 -37.479223 10.072061 0.163511
108.435780 -37.479223 10.029240 0.296676
112.317156 -37.479223 9.948730 0.364802
116.198532 -37.479223 9.969428 0.146766
120.079908 -37.479223 9.953076 0.064942
123.961284 -37.479223 9.984697 0.126459
127.842660 -37.479223 9.870686 0.454554
131.724036 -37.479223 10.048272 0.095966
135.605412 -37.479223 10.200236 0.334406
139.486788 -37.479223 9.838251 0.245383
-54.582013 -41.360599 0.000000 0.000000
-50.700637 -41.360599 0.000000 0.000000
-46.819261 -41.360599 0.000000 0.000000
-42.937885 -41.360599 0.000000 0.000000
-39.056509 -41.360599 10.571519 -0.432092
-35.175133 -41.360599 9.218664 -0.244020
-31.293757 -41.360599 10.406661 -0.193527
-27.412381 -41.360599 10.407919 -0.139834
-23.531005 -41.360599 10.132473 0.171412
-19.649629 -41.360599 10.104785 0.424133
-15.768253 -41.360599 9.656362 0.125250
-11.886877 -41.360599 10.140644 0.171208
-8.005501 -41.360599 9.953771 -0.133312
-4.124125 -41.360599 10.284808 -0.075079
-0.242749 -41.360599 10.398215 0.088606
3.638627 -41.360599 10.179366 0.368852
7.520003 -41.360599 10.353685 -0.058545
11.401379 -41.360599 10.221360 0.075418
15.282755 -41.360599 9.972343 0.196461
19.164131 -41.360599 10.142883 0.325241
23.045507 -41.360599 10.225830 0.229406
26.926883 -41.360599 10.252956 0.179302
30.808259 -41.360599 10.239624 0.369400
34.689635 -41.360599 10.150352 0.275118
38.571011 -41.360599 10.189859 0.399900
42.452387 -41.360599 10.091959 0.410896
46.333763 -41.360599 10.172790 0.231371
50.215140 -41.360599 10.219457 0.241577
54.096516 -41.360599 10.135237 0.301286
57.977892 -41.360599 10.154408 0.374377
61.859268 -41.360599 9.961307 0.216457
65.740644 -41.360599 10.229723 0.199723
69.622020 -41.360599 9.905567 0.302521
73.503396 -41.360599 9.951059 0.126571
77.384772 -41.360599 10.059509 0.330936
81.266148 -41.360599 9.905582 0.356828
85.147524 -41.360599 10.120246 0.332058
89.028900 -41.360599 9.866337 0.306946
92.910276 -41.360599 9.890070 0.223164
96.791652 -41.360599 10.077841 0.479712
100.673028 -41.360599 9.929346 0.266430
104.554404 -41.360599 9.861565 0.213645
108.435780 -41.360599 9.949875 0.209415
112.317156 -41.360599 10.024276 0.190207
116.198532 -41.360599 9.597834 0.249043
120.079908 -41.360599 9.744099 0.339707
123.961284 -41.360599 9.965470 0.121692
127.842660 -41.360599 9.909451 0.243105
131.724036 -41.360599 9.980919 0.214694
135.605412 -41.360599 9.918112 0.157412
139.486788 -41.360599 9.720551 0.131848
-54.582013 -45.241975 0.000000 0.000000
-50.700637 -45.241975 0.000000 0.000000
-46.819261 -45.241975 0.000000 0.000000
-42.937885 -45.241975 0.000000 0.000000
-39.056509 -45.241975 0.000000 0.000000
-35.175133 -45.241975 0.000000 0.000000
-31.293757 -45.241975 0.000000 0.000000
-27.412381 -45.241975 0.000000 0.000000
-23.531005 -45.241975 0.000000 0.000000
-19.649629 -45.241975 0.000000 0.000000
-15.768253 -45.241975 0.000000 0.000000
-11.886877 -45.241975 0.000000 0.000000
-8.005501 -45.241975 0.000000 0.000000
-4.124125 -45.241975 0.000000 0.000000
-0.242749 -45.241975 0.000000 0.000000
3.638627 -45.241975 0.000000 0.000000
7.520003 -45.241975 0.000000 0.000000
11.401379 -45.241975 0.000000 0.000000
15.282755 -45.241975 0.000000 0.000000
19.164131 -45.241975 0.000000 0.000000
23.045507 -45.241975 0.000000 0.000000
26.926883 -45.241975 0.000000 0.000000
30.808259 -45.241975 0.000000 0.000000
34.689635 -45.241975 0.000000 0.000000
38.571011 -45.241975 0.000000 0.000000
42.452387 -45.241975 0.000000 0.000000
46.333763 -45.241975 0.000000 0.000000
50.215140 -45.241975 0.000000 0.000000
54.096516 -45.241975 0.000000 0.000000
57.977892 -45.241975 0.000000 0.000000
61.859268 -45.241975 0.000000 0.000000
65.740644 -45.241975 0.000000 0.000000
69.622020 -45.241975 0.000000 0.000000
73.503396 -45.241975 0.000000 0.000000
77.384772 -45.241975 0.000000 0.000000
81.266148 -45.241975 0.000000 0.000000
85.147524 -45.241975 0.000000 0.000000
89.028900 -45.241975 0.000000 0.000000
92.910276 -45.241975 0.000000 0.000000
96.791652 -45.241975 0.000000 0.000000
100.673028 -45.241975 0.000000 0.000000
104.554404 -45.241975 0.000000 0.000000
108.435780 -45.241975 0.000000 0.000000
112.317156 -45.241975 0.000000 0.000000
116.198532 -45.241975 0.000000 0.000000
120.079908 -45.241975 0.000000 0.000000
123.961284 -45.241975 0.000000 0.000000
127.842660 -45.241975 0.000000 0.000000
131.724036 -45.241975 0.000000 0.000000
135.605412 -45.241975 0.000000 0.000000
139.486788 -45.241975 0.000000 0.000000
