TITLE = "B00010"
VARIABLES = "position", "position(2)", "Vx", "Vy"
ZONE T="Frame 0", I=51, J=39
-54.582013 102.250314 0.000000 0.000000
-50.700637 102.250314 0.000000 0.000000
-46.819261 102.250314 0.000000 0.000000
-42.937885 102.250314 0.000000 0.000000
-39.056509 102.250314 0.000000 0.000000
-35.175133 102.250314 0.000000 0.000000
-31.293757 102.250314 0.000000 0.000000
-27.412381 102.250314 0.000000 0.000000
-23.531005 102.250314 0.000000 0.000000
-19.649629 102.250314 0.000000 0.000000
-15.768253 102.250314 9.835425 0.650608
-11.886877 102.250314 9.926582 0.183120
-8.005501 102.250314 8.530563 0.891628
-4.124125 102.250314 10.865902 -0.182304
-0.242749 102.250314 0.000000 0.000000
3.638627 102.250314 9.775485 -1.372850
7.520003 102.250314 10.695561 0.778958
11.401379 102.250314 10.041180 -0.629782
15.282755 102.250314 0.000000 0.000000
19.164131 102.250314 10.282158 -0.160130
23.045507 102.250314 10.106439 0.939375
26.926883 102.250314 10.197858 -0.712518
30.808259 102.250314 0.000000 0.000000
34.689635 102.250314 0.000000 0.000000
38.571011 102.250314 0.000000 0.000000
42.452387 102.250314 0.000000 0.000000
46.333763 102.250314 0.000000 0.000000
50.215140 102.250314 0.000000 0.000000
54.096516 102.250314 0.000000 0.000000
57.977892 102.250314 0.000000 0.000000
61.859268 102.250314 0.000000 0.000000
65.740644 102.250314 0.000000 0.000000
69.622020 102.250314 9.696416 -2.789141
73.503396 102.250314 9.813953 0.494924
77.384772 102.250314 10.588969 0.563263
81.266148 102.250314 10.976067 0.072083
85.147524 102.250314 9.207543 0.793127
89.028900 102.250314 10.526529 -0.900183
92.910276 102.250314 9.802358 0.111095
96.791652 102.250314 9.619260 -0.634603
100.673028 102.250314 10.267562 0.292452
104.554404 102.250314 8.670144 0.529377
108.435780 102.250314 9.803731 -0.448186
112.317156 102.250314 10.288161 -0.247020
116.198532 102.250314 9.772055 -0.124052
120.079908 102.250314 10.573950 0.356037
123.961284 102.250314 9.790933 0.189613
127.842660 102.250314 10.097216 0.249251
131.724036 102.250314 9.874779 -0.336576
135.605412 102.250314 10.428176 0.831314
139.486788 102.250314 8.709254 -0.795478
-54.582013 98.368938 0.000000 0.000000
-50.700637 98.368938 0.000000 0.000000
-46.819261 98.368938 0.000000 0.000000
-42.937885 98.368938 0.000000 0.000000
-39.056509 98.368938 0.000000 0.000000
-35.175133 98.368938 0.000000 0.000000
-31.293757 98.368938 0.000000 0.000000
-27.412381 98.368938 0.000000 0.000000
-23.531005 98.368938 0.000000 0.000000
-19.649629 98.368938 0.000000 0.000000
-15.768253 98.368938 9.499643 0.305142
-11.886877 98.368938 10.348506 0.017899
-8.005501 98.368938 10.225311 -0.518331
-4.124125 98.368938 11.022358 0.343307
-0.242749 98.368938 10.197982 0.343228
3.638627 98.368938 9.993883 1.653625
7.520003 98.368938 10.452492 -0.209868
11.401379 98.368938 0.000000 0.000000
15.282755 98.368938 12.833785 -1.128904
19.164131 98.368938 0.000000 0.000000
23.045507 98.368938 0.000000 0.000000
26.926883 98.368938 8.699352 0.471665
30.808259 98.368938 10.312317 -0.472764
34.689635 98.368938 0.000000 0.000000
38.571011 98.368938 9.603056 -0.318893
42.452387 98.368938 0.000000 0.000000
46.333763 98.368938 11.165386 -0.924573
50.215140 98.368938 0.000000 0.000000
54.096516 98.368938 0.000000 0.000000
57.977892 98.368938 0.000000 0.000000
61.859268 98.368938 0.000000 0.000000
65.740644 98.368938 0.000000 0.000000
69.622020 98.368938 0.000000 0.000000
73.503396 98.368938 8.909749 -0.783371
77.384772 98.368938 8.082406 0.276564
81.266148 98.368938 9.654230 1.344633
85.147524 98.368938 9.428191 -0.996450
89.028900 98.368938 9.765956 -0.793070
92.910276 98.368938 9.800646 -0.174757
96.791652 98.368938 10.272842 0.587831
100.673028 98.368938 10.453136 -0.223519
104.554404 98.368938 9.267138 -0.493822
108.435780 98.368938 9.244044 -0.148128
112.317156 98.368938 10.186945 -0.567640
116.198532 98.368938 9.972701 0.136020
120.079908 98.368938 9.833577 -0.094446
123.961284 98.368938 9.657698 0.668273
127.842660 98.368938 9.280239 -0.810332
131.724036 98.368938 8.689710 0.871258
135.605412 98.368938 10.191485 -0.363753
139.486788 98.368938 9.284086 0.835265
-54.582013 94.487562 0.000000 0.000000
-50.700637 94.487562 0.000000 0.000000
-46.819261 94.487562 0.000000 0.000000
-42.937885 94.487562 9.692542 2.574688
-39.056509 94.487562 9.023761 0.489104
-35.175133 94.487562 0.000000 0.000000
-31.293757 94.487562 0.000000 0.000000
-27.412381 94.487562 0.000000 0.000000
-23.531005 94.487562 0.000000 0.000000
-19.649629 94.487562 0.000000 0.000000
-15.768253 94.487562 10.493972 -0.241995
-11.886877 94.487562 9.666097 0.536384
-8.005501 94.487562 0.000000 0.000000
-4.124125 94.487562 10.300170 0.955049
-0.242749 94.487562 0.000000 0.000000
3.638627 94.487562 9.834636 -0.768777
7.520003 94.487562 10.989556 -0.416018
11.401379 94.487562 11.622515 -1.022415
15.282755 94.487562 10.928203 1.264923
19.164131 94.487562 0.000000 0.000000
23.045507 94.487562 12.044040 -1.072380
26.926883 94.487562 0.000000 0.000000
30.808259 94.487562 9.439635 2.057218
34.689635 94.487562 8.247888 0.832635
38.571011 94.487562 10.274499 2.481601
42.452387 94.487562 9.369709 0.283821
46.333763 94.487562 0.000000 0.000000
50.215140 94.487562 10.779288 -1.290064
54.096516 94.487562 0.000000 0.000000
57.977892 94.487562 0.000000 0.000000
61.859268 94.487562 0.000000 0.000000
65.740644 94.487562 0.000000 0.000000
69.622020 94.487562 0.000000 0.000000
73.503396 94.487562 9.921040 0.208640
77.384772 94.487562 9.840500 -0.633593
81.266148 94.487562 9.742405 0.200838
85.147524 94.487562 10.522045 -1.987406
89.028900 94.487562 9.310096 -0.734211
92.910276 94.487562 9.362852 -0.784845
96.791652 94.487562 10.343256 0.246552
100.673028 94.487562 10.264236 0.370527
104.554404 94.487562 10.770506 0.307307
108.435780 94.487562 10.226980 0.011678
112.317156 94.487562 9.524450 -0.547369
116.198532 94.487562 10.018850 -0.567690
120.079908 94.487562 9.851765 0.235144
123.961284 94.487562 10.468900 0.225307
127.842660 94.487562 9.480121 -0.721960
131.724036 94.487562 9.782990 0.295590
135.605412 94.487562 9.819086 0.262762
139.486788 94.487562 10.325291 -0.328059
-54.582013 90.606186 0.000000 0.000000
-50.700637 90.606186 0.000000 0.000000
-46.819261 90.606186 0.000000 0.000000
-42.937885 90.606186 10.370589 0.641338
-39.056509 90.606186 10.639931 -0.531599
-35.175133 90.606186 0.000000 0.000000
-31.293757 90.606186 0.000000 0.000000
-27.412381 90.606186 0.000000 0.000000
-23.531005 90.606186 0.000000 0.000000
-19.649629 90.606186 0.000000 0.000000
-15.768253 90.606186 10.025717 0.906955
-11.886877 90.606186 9.553838 0.596269
-8.005501 90.606186 10.416917 -0.406664
-4.124125 90.606186 9.871673 -0.568098
-0.242749 90.606186 10.518395 0.446207
3.638627 90.606186 11.578170 0.845628
7.520003 90.606186 12.020621 0.400726
11.401379 90.606186 9.467092 0.918990
15.282755 90.606186 9.393538 1.813816
19.164131 90.606186 10.715979 -0.110720
23.045507 90.606186 10.222712 0.280614
26.926883 90.606186 10.617425 0.098929
30.808259 90.606186 10.538788 1.449557
34.689635 90.606186 10.423410 0.516273
38.571011 90.606186 10.951032 -0.679876
42.452387 90.606186 10.145974 -0.051621
46.333763 90.606186 10.185905 0.624214
50.215140 90.606186 10.672402 -0.362402
54.096516 90.606186 0.000000 0.000000
57.977892 90.606186 0.000000 0.000000
61.859268 90.606186 0.000000 0.000000
65.740644 90.606186 0.000000 0.000000
69.622020 90.606186 0.000000 0.000000
73.503396 90.606186 9.750505 -2.420233
77.384772 90.606186 9.040767 1.974309
81.266148 90.606186 9.112589 0.115221
85.147524 90.606186 10.282664 -0.006393
89.028900 90.606186 10.645653 -0.252333
92.910276 90.606186 9.529380 0.320155
96.791652 90.606186 8.690824 -0.282825
100.673028 90.606186 10.117423 0.390778
104.554404 90.606186 10.637753 0.643997
108.435780 90.606186 9.928406 0.114559
112.317156 90.606186 9.786090 0.032685
116.198532 90.606186 9.667868 0.098314
120.079908 90.606186 9.425730 -0.347236
123.961284 90.606186 9.606178 -0.218190
127.842660 90.606186 9.646908 -0.204208
131.724036 90.606186 9.906702 0.300097
135.605412 90.606186 10.723129 -0.306283
139.486788 90.606186 9.535602 -0.397123
-54.582013 86.724810 0.000000 0.000000
-50.700637 86.724810 0.000000 0.000000
-46.819261 86.724810 0.000000 0.000000
-42.937885 86.724810 9.067371 1.091901
-39.056509 86.724810 9.911422 0.563737
-35.175133 86.724810 0.000000 0.000000
-31.293757 86.724810 0.000000 0.000000
-27.412381 86.724810 0.000000 0.000000
-23.531005 86.724810 0.000000 0.000000
-19.649629 86.724810 0.000000 0.000000
-15.768253 86.724810 10.461752 0.657348
-11.886877 86.724810 10.405532 -0.260934
-8.005501 86.724810 10.868283 -1.665481
-4.124125 86.724810 11.161608 0.100360
-0.242749 86.724810 10.007456 0.285576
3.638627 86.724810 10.905222 0.269178
7.520003 86.724810 10.873589 -0.521398
11.401379 86.724810 10.599265 0.073718
15.282755 86.724810 10.118904 0.835168
19.164131 86.724810 10.388029 -0.137496
23.045507 86.724810 10.305602 -0.060070
26.926883 86.724810 10.579879 0.300444
30.808259 86.724810 10.433590 -0.173497
34.689635 86.724810 9.976014 -0.201860
38.571011 86.724810 10.209361 0.781626
42.452387 86.724810 10.682924 0.298932
46.333763 86.724810 9.561664 -1.293070
50.215140 86.724810 10.029480 0.199892
54.096516 86.724810 0.000000 0.000000
57.977892 86.724810 0.000000 0.000000
61.859268 86.724810 0.000000 0.000000
65.740644 86.724810 0.000000 0.000000
69.622020 86.724810 0.000000 0.000000
73.503396 86.724810 10.756585 0.201361
77.384772 86.724810 10.339675 -0.736928
81.266148 86.724810 10.190544 0.716560
85.147524 86.724810 10.342007 0.393616
89.028900 86.724810 11.100004 0.242339
92.910276 86.724810 9.789184 0.801754
96.791652 86.724810 10.555797 0.367183
100.673028 86.724810 9.073991 0.685396
104.554404 86.724810 9.822457 0.001462
108.435780 86.724810 9.888342 -0.707215
112.317156 86.724810 10.267262 0.225524
116.198532 86.724810 9.735613 0.623489
120.079908 86.724810 9.285107 -0.192064
123.961284 86.724810 10.075330 -0.229355
127.842660 86.724810 9.713792 0.028328
131.724036 86.724810 10.006006 0.363813
135.605412 86.724810 10.605845 0.088366
139.486788 86.724810 10.470904 -0.135726
-54.582013 82.843434 0.000000 0.000000
-50.700637 82.843434 0.000000 0.000000
-46.819261 82.843434 10.945514 0.416209
-42.937885 82.843434 9.062578 0.891578
-39.056509 82.843434 10.084143 0.987238
-35.175133 82.843434 0.000000 0.000000
-31.293757 82.843434 0.000000 0.000000
-27.412381 82.843434 0.000000 0.000000
-23.531005 82.843434 0.000000 0.000000
-19.649629 82.843434 0.000000 0.000000
-15.768253 82.843434 10.162767 0.495964
-11.886877 82.843434 10.910240 0.260823
-8.005501 82.843434 10.225925 0.586577
-4.124125 82.843434 0.000000 0.000000
-0.242749 82.843434 9.170032 1.664242
3.638627 82.843434 10.853831 -0.196672
7.520003 82.843434 10.244643 -0.444019
11.401379 82.843434 9.821877 0.630300
15.282755 82.843434 10.376218 -0.160167
19.164131 82.843434 10.349496 -0.200213
23.045507 82.843434 11.350443 0.741669
26.926883 82.843434 9.423873 -0.460824
30.808259 82.843434 10.211576 -0.106975
34.689635 82.843434 9.862719 2.207094
38.571011 82.843434 10.279241 0.673405
42.452387 82.843434 10.225142 -0.031187
46.333763 82.843434 9.820088 -0.930230
50.215140 82.843434 9.244587 -0.194018
54.096516 82.843434 10.268700 0.466984
57.977892 82.843434 10.315575 0.026964
61.859268 82.843434 0.000000 0.000000
65.740644 82.843434 0.000000 0.000000
69.622020 82.843434 9.372976 -0.073057
73.503396 82.843434 9.791728 0.340344
77.384772 82.843434 9.232965 0.175368
81.266148 82.843434 10.139509 -0.824227
85.147524 82.843434 9.926345 0.222255
89.028900 82.843434 10.048090 -0.075756
92.910276 82.843434 9.856033 0.421049
96.791652 82.843434 9.694886 -0.723957
100.673028 82.843434 10.410948 0.093756
104.554404 82.843434 9.653790 -0.437539
108.435780 82.843434 9.712746 0.216846
112.317156 82.843434 9.646731 -0.129715
116.198532 82.843434 10.034360 -0.674653
120.079908 82.843434 9.346655 -0.382341
123.961284 82.843434 9.633853 0.743243
127.842660 82.843434 10.461941 -0.746571
131.724036 82.843434 10.491509 2.410343
135.605412 82.843434 10.036849 -0.847975
139.486788 82.843434 9.989904 -0.208482
-54.582013 78.962058 0.000000 0.000000
-50.700637 78.962058 0.000000 0.000000
-46.819261 78.962058 10.081706 1.319430
-42.937885 78.962058 9.689759 0.661284
-39.056509 78.962058 10.184218 0.613564
-35.175133 78.962058 0.000000 0.000000
-31.293757 78.962058 0.000000 0.000000
-27.412381 78.962058 0.000000 0.000000
-23.531005 78.962058 0.000000 0.000000
-19.649629 78.962058 0.000000 0.000000
-15.768253 78.962058 10.486324 0.296621
-11.886877 78.962058 10.406525 0.682713
-8.005501 78.962058 10.600623 0.546069
-4.124125 78.962058 11.361496 0.186099
-0.242749 78.962058 10.523862 -0.052332
3.638627 78.962058 10.780158 1.013559
7.520003 78.962058 9.778387 0.688951
11.401379 78.962058 10.384643 0.412981
15.282755 78.962058 10.727602 0.217800
19.164131 78.962058 10.388131 0.138664
23.045507 78.962058 10.611228 -0.314720
26.926883 78.962058 10.333379 -0.252532
30.808259 78.962058 9.966637 -0.341908
34.689635 78.962058 10.231681 -0.140624
38.571011 78.962058 10.230580 -0.110458
42.452387 78.962058 10.546518 -0.472223
46.333763 78.962058 10.062883 -0.273712
50.215140 78.962058 10.182997 0.082599
54.096516 78.962058 8.233581 -0.243529
57.977892 78.962058 10.530583 0.074957
61.859268 78.962058 0.000000 0.000000
65.740644 78.962058 0.000000 0.000000
69.622020 78.962058 9.713662 0.402254
73.503396 78.962058 9.526032 -0.305085
77.384772 78.962058 10.211313 0.381340
81.266148 78.962058 10.128170 -0.558704
85.147524 78.962058 10.075509 0.177930
89.028900 78.962058 9.881312 0.576313
92.910276 78.962058 10.506141 -0.263624
96.791652 78.962058 9.945809 -0.187992
100.673028 78.962058 9.920207 0.020096
104.554404 78.962058 10.290656 0.673972
108.435780 78.962058 10.501656 -0.005565
112.317156 78.962058 9.900208 -0.467732
116.198532 78.962058 10.583083 -0.220552
120.079908 78.962058 10.076373 -0.692287
123.961284 78.962058 9.512694 0.133767
127.842660 78.962058 9.977886 0.048813
131.724036 78.962058 9.541002 0.896909
135.605412 78.962058 9.736236 0.455874
139.486788 78.962058 9.782533 0.038769
-54.582013 75.080682 0.000000 0.000000
-50.700637 75.080682 12.031452 -0.451059
-46.819261 75.080682 0.000000 0.000000
-42.937885 75.080682 10.371967 0.594153
-39.056509 75.080682 10.539047 -0.001112
-35.175133 75.080682 0.000000 0.000000
-31.293757 75.080682 0.000000 0.000000
-27.412381 75.080682 0.000000 0.000000
-23.531005 75.080682 0.000000 0.000000
-19.649629 75.080682 0.000000 0.000000
-15.768253 75.080682 10.400849 0.800844
-11.886877 75.080682 10.831786 0.513090
-8.005501 75.080682 10.649554 0.525561
-4.124125 75.080682 10.338632 0.288289
-0.242749 75.080682 10.783471 0.076487
3.638627 75.080682 10.725662 0.177395
7.520003 75.080682 10.934215 0.212704
11.401379 75.080682 10.626993 0.392123
15.282755 75.080682 10.770605 -0.412062
19.164131 75.080682 9.900700 -1.182535
23.045507 75.080682 10.590117 -0.153953
26.926883 75.080682 10.541629 -0.017075
30.808259 75.080682 10.552302 -0.228283
34.689635 75.080682 10.298686 -0.096976
38.571011 75.080682 9.508376 0.111753
42.452387 75.080682 10.660804 -0.449588
46.333763 75.080682 10.296085 -0.460309
50.215140 75.080682 10.410350 -0.331716
54.096516 75.080682 9.932508 0.274945
57.977892 75.080682 10.028203 0.115750
61.859268 75.080682 0.000000 0.000000
65.740644 75.080682 0.000000 0.000000
69.622020 75.080682 10.115310 -0.379582
73.503396 75.080682 10.199839 0.032623
77.384772 75.080682 10.666230 -0.172640
81.266148 75.080682 9.909513 -0.390185
85.147524 75.080682 9.878098 -0.777107
89.028900 75.080682 10.090541 0.018327
92.910276 75.080682 9.824339 0.298747
96.791652 75.080682 10.079202 0.299159
100.673028 75.080682 9.833874 -0.436938
104.554404 75.080682 9.990179 -0.195636
108.435780 75.080682 9.281233 -0.119516
112.317156 75.080682 10.391974 -0.103726
116.198532 75.080682 10.356853 -0.745496
120.079908 75.080682 9.795905 0.289480
123.961284 75.080682 9.925148 -0.819152
127.842660 75.080682 9.820261 -0.755428
131.724036 75.080682 10.035104 -0.511247
135.605412 75.080682 10.109564 -0.053384
139.486788 75.080682 9.981264 -0.281868
-54.582013 71.199306 0.000000 0.000000
-50.700637 71.199306 0.000000 0.000000
-46.819261 71.199306 9.130329 2.116625
-42.937885 71.199306 9.125912 1.265932
-39.056509 71.199306 10.283734 0.985196
-35.175133 71.199306 0.000000 0.000000
-31.293757 71.199306 0.000000 0.000000
-27.412381 71.199306 0.000000 0.000000
-23.531005 71.199306 0.000000 0.000000
-19.649629 71.199306 0.000000 0.000000
-15.768253 71.199306 10.517773 0.386521
-11.886877 71.199306 10.139784 0.651706
-8.005501 71.199306 11.145234 0.412858
-4.124125 71.199306 10.577926 0.793908
-0.242749 71.199306 11.651183 0.494940
3.638627 71.199306 10.728447 0.527184
7.520003 71.199306 10.462018 -0.002141
11.401379 71.199306 10.347466 -0.007482
15.282755 71.199306 10.495134 -0.263343
19.164131 71.199306 10.402151 -0.392297
23.045507 71.199306 10.508555 0.114570
26.926883 71.199306 10.496458 -0.610076
30.808259 71.199306 10.200134 -0.174319
34.689635 71.199306 10.576899 0.202433
38.571011 71.199306 10.828563 -0.345952
42.452387 71.199306 10.414113 -0.335405
46.333763 71.199306 10.291949 -0.015692
50.215140 71.199306 10.310238 -0.751201
54.096516 71.199306 10.289910 0.258511
57.977892 71.199306 10.187232 -0.357642
61.859268 71.199306 0.000000 0.000000
65.740644 71.199306 0.000000 0.000000
69.622020 71.199306 10.240096 -0.535412
73.503396 71.199306 10.349463 -0.294919
77.384772 71.199306 9.961347 0.409380
81.266148 71.199306 9.950683 -0.312172
85.147524 71.199306 0.000000 0.000000
89.028900 71.199306 9.278907 0.273490
92.910276 71.199306 10.317280 -0.537337
96.791652 71.199306 10.132088 -0.336648
100.673028 71.199306 10.126853 0.173423
104.554404 71.199306 10.035862 -0.211188
108.435780 71.199306 9.843766 0.042576
112.317156 71.199306 9.900000 -0.204067
116.198532 71.199306 10.241090 -0.478206
120.079908 71.199306 10.203068 -0.632982
123.961284 71.199306 10.220431 0.234437
127.842660 71.199306 10.018156 0.017050
131.724036 71.199306 9.413366 -0.211520
135.605412 71.199306 9.753512 -0.046425
139.486788 71.199306 9.400803 0.014180
-54.582013 67.317930 0.000000 0.000000
-50.700637 67.317930 0.000000 0.000000
-46.819261 67.317930 9.792537 0.670126
-42.937885 67.317930 9.986557 0.871834
-39.056509 67.317930 10.501616 0.267748
-35.175133 67.317930 0.000000 0.000000
-31.293757 67.317930 0.000000 0.000000
-27.412381 67.317930 0.000000 0.000000
-23.531005 67.317930 0.000000 0.000000
-19.649629 67.317930 10.763418 0.270933
-15.768253 67.317930 10.346948 0.792950
-11.886877 67.317930 10.718814 0.548531
-8.005501 67.317930 11.054000 -0.007423
-4.124125 67.317930 10.769423 0.248967
-0.242749 67.317930 0.000000 0.000000
3.638627 67.317930 10.948805 0.248920
7.520003 67.317930 10.613812 -0.422674
11.401379 67.317930 9.762727 0.028039
15.282755 67.317930 10.583136 -0.156820
19.164131 67.317930 10.594015 0.028070
23.045507 67.317930 10.497750 0.256710
26.926883 67.317930 10.485732 -0.202389
30.808259 67.317930 10.527017 -0.165150
34.689635 67.317930 10.733506 -0.016438
38.571011 67.317930 10.335927 -0.634327
42.452387 67.317930 10.747122 -0.919335
46.333763 67.317930 10.604697 -0.499622
50.215140 67.317930 10.416510 0.164212
54.096516 67.317930 10.343302 -0.303407
57.977892 67.317930 10.545442 -0.411551
61.859268 67.317930 0.000000 0.000000
65.740644 67.317930 0.000000 0.000000
69.622020 67.317930 10.085568 -0.498561
73.503396 67.317930 10.395830 -0.190922
77.384772 67.317930 9.966217 -0.840275
81.266148 67.317930 10.218192 -0.087366
85.147524 67.317930 9.834022 -0.014476
89.028900 67.317930 10.137288 0.041954
92.910276 67.317930 9.211825 -0.415492
96.791652 67.317930 9.093690 -0.382947
100.673028 67.317930 10.195918 -0.432306
104.554404 67.317930 9.932807 -0.396873
108.435780 67.317930 9.680012 0.698336
112.317156 67.317930 10.097524 -0.565962
116.198532 67.317930 9.959990 0.403255
120.079908 67.317930 9.709171 0.008210
123.961284 67.317930 9.982930 0.712968
127.842660 67.317930 9.897547 -0.376394
131.724036 67.317930 10.897121 0.750112
135.605412 67.317930 0.000000 0.000000
139.486788 67.317930 9.708076 -0.140860
-54.582013 63.436554 0.000000 0.000000
-50.700637 63.436554 9.180791 1.380222
-46.819261 63.436554 9.730785 0.874054
-42.937885 63.436554 9.509459 0.890781
-39.056509 63.436554 10.089365 1.166628
-35.175133 63.436554 0.000000 0.000000
-31.293757 63.436554 0.000000 0.000000
-27.412381 63.436554 0.000000 0.000000
-23.531005 63.436554 0.000000 0.000000
-19.649629 63.436554 10.652805 0.643903
-15.768253 63.436554 10.597233 0.487261
-11.886877 63.436554 11.351554 0.493434
-8.005501 63.436554 10.467116 0.860894
-4.124125 63.436554 10.847194 0.579613
-0.242749 63.436554 9.368799 -2.075096
3.638627 63.436554 10.468030 -0.277186
7.520003 63.436554 10.934720 -0.068442
11.401379 63.436554 10.338490 0.064919
15.282755 63.436554 9.375299 -0.961495
19.164131 63.436554 11.597872 -0.257322
23.045507 63.436554 10.192719 -0.167706
26.926883 63.436554 10.435227 -0.422710
30.808259 63.436554 10.231472 -0.281626
34.689635 63.436554 10.230783 -0.406064
38.571011 63.436554 10.331454 -0.620301
42.452387 63.436554 9.161543 -0.181497
46.333763 63.436554 10.073251 -0.117520
50.215140 63.436554 10.133265 -0.365547
54.096516 63.436554 10.290358 -0.202712
57.977892 63.436554 9.985024 -0.378348
61.859268 63.436554 0.000000 0.000000
65.740644 63.436554 0.000000 0.000000
69.622020 63.436554 10.192065 -0.415416
73.503396 63.436554 10.086376 -0.242166
77.384772 63.436554 10.107888 -0.524434
81.266148 63.436554 9.745289 -0.534488
85.147524 63.436554 9.860808 -0.294861
89.028900 63.436554 9.445907 -0.433503
92.910276 63.436554 9.462946 -0.421707
96.791652 63.436554 9.507374 -0.020636
100.673028 63.436554 9.777132 -0.055002
104.554404 63.436554 10.244566 -0.373939
108.435780 63.436554 9.403918 0.552169
112.317156 63.436554 9.475180 -0.412369
116.198532 63.436554 9.414533 -0.471824
120.079908 63.436554 10.199321 0.486553
123.961284 63.436554 10.193842 -0.150199
127.842660 63.436554 9.671779 0.492895
131.724036 63.436554 9.873779 0.065340
135.605412 63.436554 9.907646 -0.318989
139.486788 63.436554 10.317367 -0.544394
-54.582013 59.555178 0.000000 0.000000
-50.700637 59.555178 9.484408 0.573819
-46.819261 59.555178 9.541055 0.773523
-42.937885 59.555178 9.716473 0.981602
-39.056509 59.555178 9.025266 0.962767
-35.175133 59.555178 0.000000 0.000000
-31.293757 59.555178 0.000000 0.000000
-27.412381 59.555178 0.000000 0.000000
-23.531005 59.555178 0.000000 0.000000
-19.649629 59.555178 10.667754 0.763862
-15.768253 59.555178 10.683646 0.521042
-11.886877 59.555178 11.222782 0.728864
-8.005501 59.555178 10.862579 0.336517
-4.124125 59.555178 10.787481 0.146565
-0.242749 59.555178 10.927123 0.024714
3.638627 59.555178 11.050426 -0.271982
7.520003 59.555178 10.581341 -0.331277
11.401379 59.555178 10.379640 0.345603
15.282755 59.555178 10.476272 0.388365
19.164131 59.555178 10.805573 -0.424715
23.045507 59.555178 10.770173 -0.106093
26.926883 59.555178 10.617998 -0.158449
30.808259 59.555178 10.390639 -0.625405
34.689635 59.555178 10.416532 -0.538156
38.571011 59.555178 10.569712 -0.583458
42.452387 59.555178 10.670721 -0.640101
46.333763 59.555178 10.441504 -0.518729
50.215140 59.555178 10.668371 -0.262211
54.096516 59.555178 10.182858 -0.571493
57.977892 59.555178 10.338909 -0.497283
61.859268 59.555178 0.000000 0.000000
65.740644 59.555178 0.000000 0.000000
69.622020 59.555178 10.123805 -0.477930
73.503396 59.555178 9.765738 0.018988
77.384772 59.555178 9.898953 -0.390273
81.266148 59.555178 9.647114 -0.530122
85.147524 59.555178 9.981921 -0.123791
89.028900 59.555178 10.225774 -0.341220
92.910276 59.555178 9.864705 0.108451
96.791652 59.555178 9.727877 -0.662596
100.673028 59.555178 9.086030 0.066634
104.554404 59.555178 9.371387 0.037192
108.435780 59.555178 9.873829 -0.046176
112.317156 59.555178 9.702857 -0.309763
116.198532 59.555178 9.978787 -0.628061
120.079908 59.555178 10.426356 -0.189813
123.961284 59.555178 0.000000 0.000000
127.842660 59.555178 9.813472 0.319467
131.724036 59.555178 9.782397 -0.153385
135.605412 59.555178 9.621623 -0.956734
139.486788 59.555178 0.000000 0.000000
-54.582013 55.673802 9.988318 -0.250497
-50.700637 55.673802 0.000000 0.000000
-46.819261 55.673802 9.692283 0.718957
-42.937885 55.673802 9.620457 1.079328
-39.056509 55.673802 9.568203 1.098713
-35.175133 55.673802 0.000000 0.000000
-31.293757 55.673802 0.000000 0.000000
-27.412381 55.673802 0.000000 0.000000
-23.531005 55.673802 10.925944 1.175624
-19.649629 55.673802 11.156472 0.823417
-15.768253 55.673802 10.607393 0.591305
-11.886877 55.673802 10.658102 -0.479205
-8.005501 55.673802 10.864406 0.565846
-4.124125 55.673802 10.880267 -0.083197
-0.242749 55.673802 10.949150 -0.063229
3.638627 55.673802 10.710825 -0.004891
7.520003 55.673802 10.924273 -0.409468
11.401379 55.673802 10.762557 -0.104026
15.282755 55.673802 10.882352 -0.512246
19.164131 55.673802 10.796846 -0.160745
23.045507 55.673802 10.527924 -0.486386
26.926883 55.673802 10.759485 -0.388638
30.808259 55.673802 10.473730 -0.538424
34.689635 55.673802 10.495279 -0.528891
38.571011 55.673802 10.027373 -0.892754
42.452387 55.673802 10.523930 -0.341769
46.333763 55.673802 10.605993 -0.429760
50.215140 55.673802 10.443806 -0.412635
54.096516 55.673802 10.354548 -0.970201
57.977892 55.673802 10.195705 -0.677527
61.859268 55.673802 0.000000 0.000000
65.740644 55.673802 0.000000 0.000000
69.622020 55.673802 9.743592 -0.517873
73.503396 55.673802 9.634492 -0.569434
77.384772 55.673802 9.437182 -0.309042
81.266148 55.673802 9.559674 -0.491391
85.147524 55.673802 9.822158 -0.117952
89.028900 55.673802 9.911829 -0.143234
92.910276 55.673802 10.163974 -0.268361
96.791652 55.673802 9.796994 -0.418768
100.673028 55.673802 9.770580 -0.269049
104.554404 55.673802 9.754182 -0.245548
108.435780 55.673802 9.775049 0.169247
112.317156 55.673802 9.898781 -0.568785
116.198532 55.673802 9.626574 -0.229611
120.079908 55.673802 9.988676 0.002378
123.961284 55.673802 10.010340 0.646695
127.842660 55.673802 9.518645 0.251910
131.724036 55.673802 9.455678 -0.192039
135.605412 55.673802 9.853144 0.116217
139.486788 55.673802 10.532230 0.521966
-54.582013 51.792426 0.000000 0.000000
-50.700637 51.792426 9.695226 0.849661
-46.819261 51.792426 10.198959 0.343379
-42.937885 51.792426 9.940532 1.225125
-39.056509 51.792426 9.841943 1.187204
-35.175133 51.792426 0.000000 0.000000
-31.293757 51.792426 0.000000 0.000000
-27.412381 51.792426 0.000000 0.000000
-23.531005 51.792426 10.521604 1.002985
-19.649629 51.792426 10.739811 0.986379
-15.768253 51.792426 10.869067 0.997773
-11.886877 51.792426 11.149118 0.485974
-8.005501 51.792426 11.714888 -0.186855
-4.124125 51.792426 11.214654 0.288085
-0.242749 51.792426 10.957581 -0.374005
3.638627 51.792426 11.038055 0.309487
7.520003 51.792426 11.090748 -0.126131
11.401379 51.792426 10.923045 -0.329281
15.282755 51.792426 10.785118 -0.304348
19.164131 51.792426 11.109968 -0.138099
23.045507 51.792426 10.186698 0.152005
26.926883 51.792426 10.607301 -0.544089
30.808259 51.792426 10.759383 -0.501626
34.689635 51.792426 10.352732 -0.793863
38.571011 51.792426 10.467588 -0.528908
42.452387 51.792426 10.525759 -0.674464
46.333763 51.792426 10.791877 -0.425060
50.215140 51.792426 10.489063 -0.588647
54.096516 51.792426 9.936487 -0.389038
57.977892 51.792426 9.886223 -0.811674
61.859268 51.792426 0.000000 0.000000
65.740644 51.792426 0.000000 0.000000
69.622020 51.792426 10.154439 -0.588633
73.503396 51.792426 10.078674 -0.514223
77.384772 51.792426 9.710479 -0.617980
81.266148 51.792426 9.913214 -0.005099
85.147524 51.792426 10.061110 -0.420586
89.028900 51.792426 9.562126 -0.210226
92.910276 51.792426 9.959030 -0.372534
96.791652 51.792426 9.545874 -0.207504
100.673028 51.792426 9.916992 -0.377845
104.554404 51.792426 9.885248 -0.144785
108.435780 51.792426 9.820526 0.165215
112.317156 51.792426 9.841141 -0.115228
116.198532 51.792426 9.617418 0.735573
120.079908 51.792426 9.355224 0.383594
123.961284 51.792426 9.513244 -0.096272
127.842660 51.792426 9.744802 0.113572
131.724036 51.792426 10.023394 0.449864
135.605412 51.792426 9.990545 -0.162351
139.486788 51.792426 10.453075 -0.788940
-54.582013 47.911049 9.209626 1.431907
-50.700637 47.911049 8.506245 1.318998
-46.819261 47.911049 9.461937 0.818633
-42.937885 47.911049 9.149010 1.133915
-39.056509 47.911049 9.099582 1.115519
-35.175133 47.911049 0.000000 0.000000
-31.293757 47.911049 0.000000 0.000000
-27.412381 47.911049 0.000000 0.000000
-23.531005 47.911049 11.007326 1.455511
-19.649629 47.911049 11.192889 1.275008
-15.768253 47.911049 11.587510 0.783189
-11.886877 47.911049 11.651828 0.650862
-8.005501 47.911049 11.453320 0.527649
-4.124125 47.911049 11.364278 0.270762
-0.242749 47.911049 11.426649 0.085884
3.638627 47.911049 11.282184 -0.139867
7.520003 47.911049 11.071790 -0.079021
11.401379 47.911049 11.064222 -0.229852
15.282755 47.911049 11.166148 -0.504991
19.164131 47.911049 10.975086 -0.640749
23.045507 47.911049 11.093657 -0.604881
26.926883 47.911049 10.794665 -0.543375
30.808259 47.911049 10.518473 -0.386411
34.689635 47.911049 10.506458 -0.309775
38.571011 47.911049 10.472116 -0.632299
42.452387 47.911049 10.706861 -0.607558
46.333763 47.911049 10.691765 -0.246390
50.215140 47.911049 10.429780 -0.823395
54.096516 47.911049 9.878471 -0.523229
57.977892 47.911049 10.227548 -0.706859
61.859268 47.911049 0.000000 0.000000
65.740644 47.911049 0.000000 0.000000
69.622020 47.911049 9.646026 -0.725108
73.503396 47.911049 9.592988 -0.799878
77.384772 47.911049 9.625099 -0.177188
81.266148 47.911049 9.423219 -0.361338
85.147524 47.911049 9.572741 0.010435
89.028900 47.911049 10.219528 0.398588
92.910276 47.911049 9.457745 -0.584251
96.791652 47.911049 9.805532 -0.413599
100.673028 47.911049 9.107166 0.005179
104.554404 47.911049 9.102027 0.499855
108.435780 47.911049 9.849668 -0.111585
112.317156 47.911049 10.313866 -0.027874
116.198532 47.911049 9.864532 -0.376459
120.079908 47.911049 9.926799 0.141321
123.961284 47.911049 9.084414 0.231087
127.842660 47.911049 9.060610 0.022024
131.724036 47.911049 10.069648 0.909619
135.605412 47.911049 10.636075 -0.459375
139.486788 47.911049 9.799351 -0.745103
-54.582013 44.029673 9.520524 1.159957
-50.700637 44.029673 0.000000 0.000000
-46.819261 44.029673 9.255868 0.824117
-42.937885 44.029673 9.262472 0.373297
-39.056509 44.029673 9.119329 1.137541
-35.175133 44.029673 0.000000 0.000000
-31.293757 44.029673 0.000000 0.000000
-27.412381 44.029673 10.860093 2.652560
-23.531005 44.029673 11.689531 1.530616
-19.649629 44.029673 11.218677 1.440000
-15.768253 44.029673 11.398974 0.603178
-11.886877 44.029673 11.788623 0.552183
-8.005501 44.029673 11.355987 -0.666128
-4.124125 44.029673 11.523165 0.358030
-0.242749 44.029673 11.489202 -0.318845
3.638627 44.029673 0.000000 0.000000
7.520003 44.029673 10.843995 -0.431583
11.401379 44.029673 10.953253 -0.372658
15.282755 44.029673 11.399865 -0.842850
19.164131 44.029673 10.598202 -0.777596
23.045507 44.029673 9.589175 -1.099727
26.926883 44.029673 10.709199 -0.672664
30.808259 44.029673 10.686672 -0.442726
34.689635 44.029673 10.772897 -0.432521
38.571011 44.029673 10.647987 -0.713200
42.452387 44.029673 10.536694 -0.777073
46.333763 44.029673 10.439300 -0.457593
50.215140 44.029673 10.300815 -0.762967
54.096516 44.029673 9.970505 -0.968687
57.977892 44.029673 10.194342 -0.870413
61.859268 44.029673 0.000000 0.000000
65.740644 44.029673 0.000000 0.000000
69.622020 44.029673 9.995247 -0.526096
73.503396 44.029673 9.999852 -1.016116
77.384772 44.029673 8.968549 -1.211553
81.266148 44.029673 8.972016 -0.522048
85.147524 44.029673 9.386820 -0.131726
89.028900 44.029673 10.170661 -0.709512
92.910276 44.029673 10.276698 -0.889353
96.791652 44.029673 9.591014 -1.059822
100.673028 44.029673 8.582052 -0.142034
104.554404 44.029673 7.038079 0.850207
108.435780 44.029673 8.887176 1.856967
112.317156 44.029673 10.999803 1.152813
116.198532 44.029673 10.260448 -1.203030
120.079908 44.029673 9.889644 -0.839894
123.961284 44.029673 9.470222 -0.739768
127.842660 44.029673 8.115649 0.662237
131.724036 44.029673 9.043136 2.176743
135.605412 44.029673 10.533375 0.977715
139.486788 44.029673 9.759947 -1.410038
-54.582013 40.148297 0.000000 0.000000
-50.700637 40.148297 0.000000 0.000000
-46.819261 40.148297 8.804961 0.668139
-42.937885 40.148297 8.547996 0.746070
-39.056509 40.148297 8.736960 1.144900
-35.175133 40.148297 0.000000 0.000000
-31.293757 40.148297 0.000000 0.000000
-27.412381 40.148297 0.000000 0.000000
-23.531005 40.148297 0.000000 0.000000
-19.649629 40.148297 0.000000 0.000000
-15.768253 40.148297 0.000000 0.000000
-11.886877 40.148297 0.000000 0.000000
-8.005501 40.148297 0.000000 0.000000
-4.124125 40.148297 0.000000 0.000000
-0.242749 40.148297 0.000000 0.000000
3.638627 40.148297 0.000000 0.000000
7.520003 40.148297 0.000000 0.000000
11.401379 40.148297 0.000000 0.000000
15.282755 40.148297 0.000000 0.000000
19.164131 40.148297 0.000000 0.000000
23.045507 40.148297 0.000000 0.000000
26.926883 40.148297 0.000000 0.000000
30.808259 40.148297 0.000000 0.000000
34.689635 40.148297 0.000000 0.000000
38.571011 40.148297 0.000000 0.000000
42.452387 40.148297 10.767092 0.173693
46.333763 40.148297 10.387271 -0.010932
50.215140 40.148297 11.599624 -0.554970
54.096516 40.148297 10.065579 -0.799408
57.977892 40.148297 10.493613 -0.316660
61.859268 40.148297 9.684374 -2.530442
65.740644 40.148297 0.000000 0.000000
69.622020 40.148297 9.834950 0.198464
73.503396 40.148297 9.750011 -2.603541
77.384772 40.148297 8.802015 -1.673658
81.266148 40.148297 8.702813 -1.323123
85.147524 40.148297 8.861133 -0.639454
89.028900 40.148297 8.677784 0.867464
92.910276 40.148297 11.010744 -0.585320
96.791652 40.148297 9.227890 -1.295615
100.673028 40.148297 8.405750 -1.035100
104.554404 40.148297 7.779695 -1.111066
108.435780 40.148297 7.977602 2.630606
112.317156 40.148297 8.946392 2.882542
116.198532 40.148297 9.178662 -2.051067
120.079908 40.148297 9.238115 -1.705393
123.961284 40.148297 9.148994 -1.211607
127.842660 40.148297 8.985678 1.187261
131.724036 40.148297 9.122645 3.645709
135.605412 40.148297 8.062344 -0.711059
139.486788 40.148297 9.169495 -1.517247
-54.582013 36.266921 0.000000 0.000000
-50.700637 36.266921 0.000000 0.000000
-46.819261 36.266921 0.000000 0.000000
-42.937885 36.266921 -0.272634 0.307915
-39.056509 36.266921 -0.097726 0.193119
-35.175133 36.266921 0.000000 0.000000
-31.293757 36.266921 0.000000 0.000000
-27.412381 36.266921 0.000000 0.000000
-23.531005 36.266921 0.000000 0.000000
-19.649629 36.266921 0.000000 0.000000
-15.768253 36.266921 0.000000 0.000000
-11.886877 36.266921 0.000000 0.000000
-8.005501 36.266921 0.000000 0.000000
-4.124125 36.266921 0.000000 0.000000
-0.242749 36.266921 0.000000 0.000000
3.638627 36.266921 0.000000 0.000000
7.520003 36.266921 0.000000 0.000000
11.401379 36.266921 0.000000 0.000000
15.282755 36.266921 0.000000 0.000000
19.164131 36.266921 0.000000 0.000000
23.045507 36.266921 0.000000 0.000000
26.926883 36.266921 0.000000 0.000000
30.808259 36.266921 0.000000 0.000000
34.689635 36.266921 0.000000 0.000000
38.571011 36.266921 0.000000 0.000000
42.452387 36.266921 0.000000 0.000000
46.333763 36.266921 0.000000 0.000000
50.215140 36.266921 0.000000 0.000000
54.096516 36.266921 0.000000 0.000000
57.977892 36.266921 0.000000 0.000000
61.859268 36.266921 0.000000 0.000000
65.740644 36.266921 0.000000 0.000000
69.622020 36.266921 0.000000 0.000000
73.503396 36.266921 0.000000 0.000000
77.384772 36.266921 7.635478 -2.330930
81.266148 36.266921 9.280416 -1.780695
85.147524 36.266921 0.000000 0.000000
89.028900 36.266921 0.000000 0.000000
92.910276 36.266921 0.000000 0.000000
96.791652 36.266921 8.604009 -1.654903
100.673028 36.266921 8.605080 -1.313448
104.554404 36.266921 10.009748 -1.952164
108.435780 36.266921 9.807395 2.204306
112.317156 36.266921 8.820307 1.707342
116.198532 36.266921 8.483069 -1.076796
120.079908 36.266921 9.157261 -1.186302
123.961284 36.266921 9.408496 -1.741462
127.842660 36.266921 11.138032 0.238342
131.724036 36.266921 9.084846 2.171519
135.605412 36.266921 8.554233 0.477672
139.486788 36.266921 8.858498 -0.889516
-54.582013 32.385545 0.000000 0.000000
-50.700637 32.385545 0.000000 0.000000
-46.819261 32.385545 0.000000 0.000000
-42.937885 32.385545 0.000000 0.000000
-39.056509 32.385545 0.000000 0.000000
-35.175133 32.385545 0.000000 0.000000
-31.293757 32.385545 0.000000 0.000000
-27.412381 32.385545 0.000000 0.000000
-23.531005 32.385545 0.000000 0.000000
-19.649629 32.385545 0.000000 0.000000
-15.768253 32.385545 0.000000 0.000000
-11.886877 32.385545 0.000000 0.000000
-8.005501 32.385545 0.000000 0.000000
-4.124125 32.385545 0.000000 0.000000
-0.242749 32.385545 0.000000 0.000000
3.638627 32.385545 0.000000 0.000000
7.520003 32.385545 0.000000 0.000000
11.401379 32.385545 0.000000 0.000000
15.282755 32.385545 0.000000 0.000000
19.164131 32.385545 0.000000 0.000000
23.045507 32.385545 0.000000 0.000000
26.926883 32.385545 0.000000 0.000000
30.808259 32.385545 0.000000 0.000000
34.689635 32.385545 0.000000 0.000000
38.571011 32.385545 0.000000 0.000000
42.452387 32.385545 0.000000 0.000000
46.333763 32.385545 0.000000 0.000000
50.215140 32.385545 0.000000 0.000000
54.096516 32.385545 0.000000 0.000000
57.977892 32.385545 0.000000 0.000000
61.859268 32.385545 0.000000 0.000000
65.740644 32.385545 0.000000 0.000000
69.622020 32.385545 0.000000 0.000000
73.503396 32.385545 0.000000 0.000000
77.384772 32.385545 8.255207 -1.157568
81.266148 32.385545 8.748472 -0.843720
85.147524 32.385545 10.267395 -0.086496
89.028900 32.385545 9.208904 0.792922
92.910276 32.385545 8.520785 0.345748
96.791652 32.385545 8.762137 -1.093573
100.673028 32.385545 9.532536 -1.107202
104.554404 32.385545 9.612480 0.730100
108.435780 32.385545 9.936135 1.176817
112.317156 32.385545 8.847764 0.931714
116.198532 32.385545 9.055804 -0.079966
120.079908 32.385545 9.325868 0.516919
123.961284 32.385545 10.083063 -0.185867
127.842660 32.385545 10.582217 -0.593924
131.724036 32.385545 9.573293 0.897664
135.605412 32.385545 9.360573 0.490845
139.486788 32.385545 9.380194 -0.292341
-54.582013 28.504169 0.000000 0.000000
-50.700637 28.504169 0.000000 0.000000
-46.819261 28.504169 0.000000 0.000000
-42.937885 28.504169 0.000000 0.000000
-39.056509 28.504169 0.000000 0.000000
-35.175133 28.504169 0.000000 0.000000
-31.293757 28.504169 0.000000 0.000000
-27.412381 28.504169 0.000000 0.000000
-23.531005 28.504169 0.000000 0.000000
-19.649629 28.504169 0.000000 0.000000
-15.768253 28.504169 0.000000 0.000000
-11.886877 28.504169 0.000000 0.000000
-8.005501 28.504169 0.000000 0.000000
-4.124125 28.504169 0.000000 0.000000
-0.242749 28.504169 0.000000 0.000000
3.638627 28.504169 0.000000 0.000000
7.520003 28.504169 0.000000 0.000000
11.401379 28.504169 0.000000 0.000000
15.282755 28.504169 0.000000 0.000000
19.164131 28.504169 0.000000 0.000000
23.045507 28.504169 0.000000 0.000000
26.926883 28.504169 0.000000 0.000000
30.808259 28.504169 0.000000 0.000000
34.689635 28.504169 0.000000 0.000000
38.571011 28.504169 0.000000 0.000000
42.452387 28.504169 0.000000 0.000000
46.333763 28.504169 0.000000 0.000000
50.215140 28.504169 0.000000 0.000000
54.096516 28.504169 0.000000 0.000000
57.977892 28.504169 0.000000 0.000000
61.859268 28.504169 0.000000 0.000000
65.740644 28.504169 0.000000 0.000000
69.622020 28.504169 0.000000 0.000000
73.503396 28.504169 0.000000 0.000000
77.384772 28.504169 0.000000 0.000000
81.266148 28.504169 10.003881 0.017504
85.147524 28.504169 9.911807 0.312974
89.028900 28.504169 9.252290 0.166345
92.910276 28.504169 9.354594 0.863041
96.791652 28.504169 9.283074 0.004041
100.673028 28.504169 10.219484 -0.229522
104.554404 28.504169 9.988985 0.169766
108.435780 28.504169 9.552234 0.395755
112.317156 28.504169 9.653240 0.034428
116.198532 28.504169 9.390553 -0.092516
120.079908 28.504169 9.280758 -0.217634
123.961284 28.504169 9.977254 -0.370732
127.842660 28.504169 9.878077 0.101094
131.724036 28.504169 10.010605 0.557225
135.605412 28.504169 9.557151 0.522026
139.486788 28.504169 9.759574 0.032828
-54.582013 24.622793 0.000000 0.000000
-50.700637 24.622793 0.000000 0.000000
-46.819261 24.622793 0.000000 0.000000
-42.937885 24.622793 0.000000 0.000000
-39.056509 24.622793 0.000000 0.000000
-35.175133 24.622793 0.000000 0.000000
-31.293757 24.622793 0.000000 0.000000
-27.412381 24.622793 0.000000 0.000000
-23.531005 24.622793 0.000000 0.000000
-19.649629 24.622793 0.000000 0.000000
-15.768253 24.622793 0.000000 0.000000
-11.886877 24.622793 0.000000 0.000000
-8.005501 24.622793 0.000000 0.000000
-4.124125 24.622793 0.000000 0.000000
-0.242749 24.622793 0.000000 0.000000
3.638627 24.622793 0.000000 0.000000
7.520003 24.622793 0.000000 0.000000
11.401379 24.622793 0.000000 0.000000
15.282755 24.622793 0.000000 0.000000
19.164131 24.622793 0.000000 0.000000
23.045507 24.622793 0.000000 0.000000
26.926883 24.622793 0.000000 0.000000
30.808259 24.622793 0.000000 0.000000
34.689635 24.622793 0.000000 0.000000
38.571011 24.622793 0.000000 0.000000
42.452387 24.622793 0.000000 0.000000
46.333763 24.622793 0.000000 0.000000
50.215140 24.622793 0.000000 0.000000
54.096516 24.622793 0.000000 0.000000
57.977892 24.622793 0.000000 0.000000
61.859268 24.622793 0.000000 0.000000
65.740644 24.622793 0.000000 0.000000
69.622020 24.622793 9.805098 0.755583
73.503396 24.622793 9.794600 0.542780
77.384772 24.622793 9.269986 0.512329
81.266148 24.622793 9.499120 0.175700
85.147524 24.622793 9.679651 0.177182
89.028900 24.622793 9.473890 0.375936
92.910276 24.622793 9.369521 0.613450
96.791652 24.622793 9.801720 -0.394450
100.673028 24.622793 10.072581 -0.155558
104.554404 24.622793 9.811649 0.188723
108.435780 24.622793 9.798521 -0.011589
112.317156 24.622793 9.925700 -0.035282
116.198532 24.622793 9.734221 -0.021600
120.079908 24.622793 9.794230 0.034321
123.961284 24.622793 10.384088 -0.447976
127.842660 24.622793 9.962331 0.056858
131.724036 24.622793 9.395808 0.043808
135.605412 24.622793 9.646016 0.271962
139.486788 24.622793 9.671452 0.000265
-54.582013 20.741417 9.672060 -0.472212
-50.700637 20.741417 0.000000 0.000000
-46.819261 20.741417 9.406457 -0.832347
-42.937885 20.741417 8.978046 -0.905286
-39.056509 20.741417 9.137615 -1.127731
-35.175133 20.741417 10.213710 -0.212017
-31.293757 20.741417 0.000000 0.000000
-27.412381 20.741417 0.000000 0.000000
-23.531005 20.741417 0.000000 0.000000
-19.649629 20.741417 0.000000 0.000000
-15.768253 20.741417 0.000000 0.000000
-11.886877 20.741417 0.000000 0.000000
-8.005501 20.741417 0.000000 0.000000
-4.124125 20.741417 0.000000 0.000000
-0.242749 20.741417 0.000000 0.000000
3.638627 20.741417 0.000000 0.000000
7.520003 20.741417 0.000000 0.000000
11.401379 20.741417 10.812097 0.436103
15.282755 20.741417 10.897141 0.270861
19.164131 20.741417 10.657068 0.545889
23.045507 20.741417 10.513368 0.288488
26.926883 20.741417 10.871806 0.541135
30.808259 20.741417 10.532523 0.711981
34.689635 20.741417 10.479252 0.842247
38.571011 20.741417 10.427448 0.477806
42.452387 20.741417 9.942678 0.717622
46.333763 20.741417 10.318267 0.623512
50.215140 20.741417 10.179829 0.648812
54.096516 20.741417 10.079800 0.782356
57.977892 20.741417 10.136807 0.744691
61.859268 20.741417 10.127760 0.592991
65.740644 20.741417 9.465111 0.652802
69.622020 20.741417 9.732695 0.805178
73.503396 20.741417 9.931299 0.661702
77.384772 20.741417 9.698582 0.534186
81.266148 20.741417 9.492290 0.462132
85.147524 20.741417 9.813857 0.478400
89.028900 20.741417 9.581519 0.230421
92.910276 20.741417 9.844106 -0.003504
96.791652 20.741417 9.964440 0.210487
100.673028 20.741417 9.494711 -0.008197
104.554404 20.741417 10.173184 0.233675
108.435780 20.741417 9.851549 0.048706
112.317156 20.741417 9.891800 0.276561
116.198532 20.741417 9.737738 0.141244
120.079908 20.741417 9.613318 0.221318
123.961284 20.741417 9.730569 -0.136929
127.842660 20.741417 9.518824 -0.007641
131.724036 20.741417 9.676026 -0.013534
135.605412 20.741417 9.788052 -0.029910
139.486788 20.741417 9.853233 -0.079561
-54.582013 16.860041 9.078856 -0.749173
-50.700637 16.860041 9.656349 -0.323819
-46.819261 16.860041 0.000000 0.000000
-42.937885 16.860041 8.955125 -0.351438
-39.056509 16.860041 9.917177 -1.024019
-35.175133 16.860041 10.001184 -0.872537
-31.293757 16.860041 9.775833 -0.974310
-27.412381 16.860041 10.094248 -0.863796
-23.531005 16.860041 10.812075 -0.541996
-19.649629 16.860041 10.535099 -0.507476
-15.768253 16.860041 10.609652 -0.757782
-11.886877 16.860041 10.950909 -0.629436
-8.005501 16.860041 10.854128 -0.266814
-4.124125 16.860041 10.864625 -0.288988
-0.242749 16.860041 10.902899 -0.092049
3.638627 16.860041 10.785532 0.067375
7.520003 16.860041 10.835272 0.392624
11.401379 16.860041 10.794659 0.408912
15.282755 16.860041 10.912758 0.220735
19.164131 16.860041 10.550411 0.405180
23.045507 16.860041 10.616333 0.431026
26.926883 16.860041 10.557219 0.794600
30.808259 16.860041 10.497550 0.506907
34.689635 16.860041 10.512658 0.367728
38.571011 16.860041 10.547681 0.555800
42.452387 16.860041 10.322157 0.644354
46.333763 16.860041 10.343386 0.674070
50.215140 16.860041 10.181278 0.500504
54.096516 16.860041 10.101488 0.742579
57.977892 16.860041 9.774966 0.672297
61.859268 16.860041 9.883601 0.563494
65.740644 16.860041 9.938400 0.470725
69.622020 16.860041 9.726050 0.530111
73.503396 16.860041 10.024585 0.586244
77.384772 16.860041 9.777967 0.493229
81.266148 16.860041 9.770781 0.464846
85.147524 16.860041 9.610977 0.314928
89.028900 16.860041 9.735044 0.435965
92.910276 16.860041 9.672266 0.334375
96.791652 16.860041 9.193243 0.347229
100.673028 16.860041 9.410898 0.285231
104.554404 16.860041 9.790877 -0.132357
108.435780 16.860041 9.597386 -0.017752
112.317156 16.860041 9.327107 0.929900
116.198532 16.860041 10.128300 0.014416
120.079908 16.860041 9.835725 -0.020456
123.961284 16.860041 9.589190 0.319587
127.842660 16.860041 9.436409 -0.399840
131.724036 16.860041 9.881652 0.164640
135.605412 16.860041 10.133608 0.395212
139.486788 16.860041 9.560399 0.068727
-54.582013 12.978665 0.000000 0.000000
-50.700637 12.978665 10.114884 -0.008099
-46.819261 12.978665 10.261870 -0.197641
-42.937885 12.978665 9.770966 0.121738
-39.056509 12.978665 9.072529 -0.755044
-35.175133 12.978665 9.919438 -0.775482
-31.293757 12.978665 10.615216 -0.786918
-27.412381 12.978665 10.251950 -0.883145
-23.531005 12.978665 10.368541 -0.525043
-19.649629 12.978665 10.747107 -0.478881
-15.768253 12.978665 10.693375 -0.620938
-11.886877 12.978665 10.503521 -0.638309
-8.005501 12.978665 10.682020 -0.268524
-4.124125 12.978665 10.882806 -0.291414
-0.242749 12.978665 11.039977 -0.050858
3.638627 12.978665 10.687567 -0.085446
7.520003 12.978665 10.797984 -0.015092
11.401379 12.978665 10.680916 0.009857
15.282755 12.978665 10.608393 0.140339
19.164131 12.978665 10.779100 0.242283
23.045507 12.978665 10.621083 0.291098
26.926883 12.978665 10.405535 0.269871
30.808259 12.978665 10.221807 0.407806
34.689635 12.978665 10.447998 0.678976
38.571011 12.978665 10.334526 0.509476
42.452387 12.978665 10.050949 0.304724
46.333763 12.978665 10.265945 0.510045
50.215140 12.978665 10.056561 0.608237
54.096516 12.978665 10.075212 0.619184
57.977892 12.978665 10.035606 0.606676
61.859268 12.978665 9.908599 0.615734
65.740644 12.978665 10.097366 0.655938
69.622020 12.978665 9.776601 0.490575
73.503396 12.978665 9.880190 0.580418
77.384772 12.978665 9.561176 0.207996
81.266148 12.978665 9.746415 0.437036
85.147524 12.978665 9.441942 0.249476
89.028900 12.978665 9.705956 0.504092
92.910276 12.978665 9.789248 0.235370
96.791652 12.978665 9.707977 0.217765
100.673028 12.978665 9.843791 0.342230
104.554404 12.978665 9.912847 0.098966
108.435780 12.978665 9.881670 0.128301
112.317156 12.978665 9.707243 0.136731
116.198532 12.978665 10.244744 0.100323
120.079908 12.978665 9.967451 0.032066
123.961284 12.978665 9.699843 -0.107450
127.842660 12.978665 9.756033 0.243611
131.724036 12.978665 9.912662 0.379898
135.605412 12.978665 9.901011 -0.116047
139.486788 12.978665 9.849019 0.170183
-54.582013 9.097289 9.848881 -2.722491
-50.700637 9.097289 10.522221 -0.459055
-46.819261 9.097289 10.048485 -0.317963
-42.937885 9.097289 9.445338 -0.414255
-39.056509 9.097289 9.457906 -0.889479
-35.175133 9.097289 9.764047 -0.436327
-31.293757 9.097289 9.925790 -0.746520
-27.412381 9.097289 10.313406 -0.196165
-23.531005 9.097289 10.406777 -0.558204
-19.649629 9.097289 10.298526 -0.378394
-15.768253 9.097289 10.440077 -0.537360
-11.886877 9.097289 10.453378 -0.336872
-8.005501 9.097289 10.840385 -0.122351
-4.124125 9.097289 10.596320 -0.331239
-0.242749 9.097289 10.503997 0.073479
3.638627 9.097289 10.560279 -0.083134
7.520003 9.097289 10.549989 0.287777
11.401379 9.097289 10.600107 0.455877
15.282755 9.097289 10.620747 0.333558
19.164131 9.097289 10.467844 0.371206
23.045507 9.097289 10.528618 0.151152
26.926883 9.097289 10.525200 0.546754
30.808259 9.097289 10.437479 0.244445
34.689635 9.097289 10.322157 0.406107
38.571011 9.097289 10.260853 0.637948
42.452387 9.097289 10.381934 0.485114
46.333763 9.097289 10.267834 0.622325
50.215140 9.097289 10.109437 0.451388
54.096516 9.097289 9.932017 0.463805
57.977892 9.097289 10.170312 0.632580
61.859268 9.097289 9.964783 0.584832
65.740644 9.097289 9.923285 0.450742
69.622020 9.097289 10.047146 0.320229
73.503396 9.097289 9.940559 0.329842
77.384772 9.097289 9.913941 0.341621
81.266148 9.097289 9.938863 0.364620
85.147524 9.097289 9.771975 0.279911
89.028900 9.097289 9.562289 0.314726
92.910276 9.097289 9.744345 0.301517
96.791652 9.097289 9.906995 0.185280
100.673028 9.097289 9.928084 0.418550
104.554404 9.097289 10.020226 0.113061
108.435780 9.097289 9.931114 0.317996
112.317156 9.097289 10.135900 0.095442
116.198532 9.097289 9.557836 0.432137
120.079908 9.097289 9.869628 0.144403
123.961284 9.097289 9.895952 0.075993
127.842660 9.097289 9.914253 -0.069852
131.724036 9.097289 10.036679 0.150711
135.605412 9.097289 9.954206 0.251659
139.486788 9.097289 9.712830 -0.095812
-54.582013 5.215913 10.436526 -0.696891
-50.700637 5.215913 0.000000 0.000000
-46.819261 5.215913 0.000000 0.000000
-42.937885 5.215913 9.770234 0.307662
-39.056509 5.215913 10.362054 0.506666
-35.175133 5.215913 10.114989 0.140592
-31.293757 5.215913 10.171238 -0.456866
-27.412381 5.215913 10.019794 -0.362518
-23.531005 5.215913 10.451419 0.112287
-19.649629 5.215913 10.047621 -0.386123
-15.768253 5.215913 10.588975 -0.201299
-11.886877 5.215913 10.530974 -0.242712
-8.005501 5.215913 10.655283 -0.357952
-4.124125 5.215913 10.417731 -0.427170
-0.242749 5.215913 10.670816 -0.128916
3.638627 5.215913 10.400125 -0.285528
7.520003 5.215913 10.554029 0.193771
11.401379 5.215913 10.454315 0.179813
15.282755 5.215913 10.637472 0.420933
19.164131 5.215913 10.545879 0.209717
23.045507 5.215913 10.763664 0.479623
26.926883 5.215913 10.548817 0.234718
30.808259 5.215913 10.273176 0.380048
34.689635 5.215913 10.369040 0.390409
38.571011 5.215913 10.340505 0.432650
42.452387 5.215913 10.310438 0.437946
46.333763 5.215913 10.206178 0.688920
50.215140 5.215913 10.175735 0.538768
54.096516 5.215913 10.061464 0.362822
57.977892 5.215913 10.215721 0.454622
61.859268 5.215913 10.141304 0.511683
65.740644 5.215913 10.068710 0.480986
69.622020 5.215913 9.670956 0.444430
73.503396 5.215913 9.696978 0.462062
77.384772 5.215913 9.765061 0.305733
81.266148 5.215913 9.853076 0.124738
85.147524 5.215913 9.865438 0.230739
89.028900 5.215913 9.696052 0.066505
92.910276 5.215913 9.911397 0.306652
96.791652 5.215913 9.839396 0.067370
100.673028 5.215913 9.821767 0.131702
104.554404 5.215913 9.893589 0.179119
108.435780 5.215913 10.032491 0.256073
112.317156 5.215913 9.885844 0.131689
116.198532 5.215913 9.758544 0.402814
120.079908 5.215913 9.815887 0.118274
123.961284 5.215913 9.742809 0.133523
127.842660 5.215913 9.791493 0.123631
131.724036 5.215913 9.887565 0.085539
135.605412 5.215913 9.606564 0.029580
139.486788 5.215913 9.798860 -0.051185
-54.582013 1.334537 0.000000 0.000000
-50.700637 1.334537 9.502331 -1.170094
-46.819261 1.334537 10.084365 -0.092732
-42.937885 1.334537 10.031701 -0.521738
-39.056509 1.334537 10.284688 -0.469561
-35.175133 1.334537 10.301990 -0.650091
-31.293757 1.334537 10.051116 -0.521611
-27.412381 1.334537 10.042608 -0.092788
-23.531005 1.334537 10.416686 -0.193004
-19.649629 1.334537 10.064139 0.002469
-15.768253 1.334537 10.321965 -0.269971
-11.886877 1.334537 10.458532 -0.424186
-8.005501 1.334537 10.614972 -0.301417
-4.124125 1.334537 10.446477 0.018568
-0.242749 1.334537 10.635109 0.055015
3.638627 1.334537 10.430847 -0.077483
7.520003 1.334537 10.457968 -0.132111
11.401379 1.334537 10.443550 0.206250
15.282755 1.334537 10.554378 0.248678
19.164131 1.334537 10.276819 0.360477
23.045507 1.334537 10.458368 0.177768
26.926883 1.334537 10.486374 0.367237
30.808259 1.334537 10.361325 0.251340
34.689635 1.334537 10.241000 0.469027
38.571011 1.334537 10.514315 0.650264
42.452387 1.334537 10.326053 0.246643
46.333763 1.334537 10.315636 0.527805
50.215140 1.334537 10.441813 0.495464
54.096516 1.334537 10.161336 0.568923
57.977892 1.334537 10.150728 0.413970
61.859268 1.334537 9.997594 0.336712
65.740644 1.334537 10.033086 0.460110
69.622020 1.334537 10.030612 0.420733
73.503396 1.334537 9.986946 0.328685
77.384772 1.334537 9.890878 0.330758
81.266148 1.334537 9.973256 0.405240
85.147524 1.334537 9.965764 0.523642
89.028900 1.334537 9.982313 0.207363
92.910276 1.334537 9.827797 0.357474
96.791652 1.334537 10.014158 0.251589
100.673028 1.334537 9.842894 0.185254
104.554404 1.334537 9.820477 0.152497
108.435780 1.334537 9.922496 0.309901
112.317156 1.334537 9.907387 0.076334
116.198532 1.334537 9.854769 0.175738
120.079908 1.334537 9.985512 0.350799
123.961284 1.334537 9.853649 0.179253
127.842660 1.334537 9.959268 0.219099
131.724036 1.334537 9.855845 0.052285
135.605412 1.334537 9.904263 -0.016066
139.486788 1.334537 9.944403 0.112036
-54.582013 -2.546839 0.000000 0.000000
-50.700637 -2.546839 10.133997 -0.520729
-46.819261 -2.546839 0.000000 0.000000
-42.937885 -2.546839 9.654567 -0.461604
-39.056509 -2.546839 10.558820 -0.962180
-35.175133 -2.546839 9.928066 0.113936
-31.293757 -2.546839 10.215468 -0.326512
-27.412381 -2.546839 10.309386 -0.196336
-23.531005 -2.546839 10.239446 -0.416675
-19.649629 -2.546839 10.208939 -0.088397
-15.768253 -2.546839 10.353824 -0.139245
-11.886877 -2.546839 10.425582 -0.136827
-8.005501 -2.546839 10.340557 -0.113376
-4.124125 -2.546839 10.416334 -0.135396
-0.242749 -2.546839 10.484527 -0.440801
3.638627 -2.546839 10.463323 -0.224499
7.520003 -2.546839 10.552870 -0.032625
11.401379 -2.546839 10.489567 0.174720
15.282755 -2.546839 10.448041 0.361666
19.164131 -2.546839 10.204364 0.145111
23.045507 -2.546839 10.351936 0.256392
26.926883 -2.546839 10.322824 -0.016173
30.808259 -2.546839 10.378119 0.379344
34.689635 -2.546839 10.384245 0.473835
38.571011 -2.546839 10.197907 0.345961
42.452387 -2.546839 10.359385 0.453931
46.333763 -2.546839 10.344934 0.499769
50.215140 -2.546839 10.199514 0.405933
54.096516 -2.546839 10.107932 0.397649
57.977892 -2.546839 10.141268 0.459232
61.859268 -2.546839 10.041458 0.442570
65.740644 -2.546839 10.110002 0.423285
69.622020 -2.546839 9.893438 0.435835
73.503396 -2.546839 10.138238 0.554422
77.384772 -2.546839 9.984145 0.380395
81.266148 -2.546839 9.999575 0.407416
85.147524 -2.546839 9.938625 0.195198
89.028900 -2.546839 10.056129 0.348731
92.910276 -2.546839 10.058495 0.268462
96.791652 -2.546839 9.797127 0.286756
100.673028 -2.546839 9.801272 0.156356
104.554404 -2.546839 9.811785 0.214446
108.435780 -2.546839 9.865920 0.082836
112.317156 -2.546839 9.854196 0.032288
116.198532 -2.546839 9.885548 0.277576
120.079908 -2.546839 9.940127 0.105803
123.961284 -2.546839 9.765503 0.244302
127.842660 -2.546839 9.913196 0.285659
131.724036 -2.546839 9.945988 0.190964
135.605412 -2.546839 10.030045 0.149810
139.486788 -2.546839 9.861345 0.099133
-54.582013 -6.428215 0.000000 0.000000
-50.700637 -6.428215 0.000000 0.000000
-46.819261 -6.428215 10.188062 0.317164
-42.937885 -6.428215 10.135651 -0.596318
-39.056509 -6.428215 10.216915 -0.462978
-35.175133 -6.428215 9.536489 0.324444
-31.293757 -6.428215 10.182830 -0.382756
-27.412381 -6.428215 10.208559 0.242858
-23.531005 -6.428215 10.370820 0.275551
-19.649629 -6.428215 10.328002 -0.445667
-15.768253 -6.428215 10.339678 0.106517
-11.886877 -6.428215 10.458940 -0.230929
-8.005501 -6.428215 10.419175 -0.171440
-4.124125 -6.428215 10.456857 0.060055
-0.242749 -6.428215 10.380300 0.336082
3.638627 -6.428215 10.331544 0.173454
7.520003 -6.428215 10.510653 -0.043335
11.401379 -6.428215 10.615855 0.185143
15.282755 -6.428215 10.430616 0.166345
19.164131 -6.428215 10.617110 0.332021
23.045507 -6.428215 10.328024 0.321663
26.926883 -6.428215 10.355246 0.323588
30.808259 -6.428215 10.335773 0.313785
34.689635 -6.428215 10.216893 0.436040
38.571011 -6.428215 10.325513 0.416528
42.452387 -6.428215 10.321297 0.463999
46.333763 -6.428215 10.300077 0.394947
50.215140 -6.428215 10.259508 0.446173
54.096516 -6.428215 10.231706 0.436219
57.977892 -6.428215 10.156261 0.338620
61.859268 -6.428215 10.017391 0.437296
65.740644 -6.428215 10.130622 0.394644
69.622020 -6.428215 10.033117 0.342753
73.503396 -6.428215 10.014097 0.402769
77.384772 -6.428215 10.052390 0.454924
81.266148 -6.428215 9.814993 0.505383
85.147524 -6.428215 10.098866 0.420733
89.028900 -6.428215 9.780559 0.338123
92.910276 -6.428215 9.870335 0.238873
96.791652 -6.428215 9.796457 0.292560
100.673028 -6.428215 9.880008 0.142025
104.554404 -6.428215 9.878018 0.125804
108.435780 -6.428215 9.983155 0.322242
112.317156 -6.428215 9.894693 0.300409
116.198532 -6.428215 9.998325 0.254245
120.079908 -6.428215 10.032528 0.303007
123.961284 -6.428215 9.813774 0.311354
127.842660 -6.428215 9.826662 0.128605
131.724036 -6.428215 9.796587 0.167036
135.605412 -6.428215 9.981372 0.134631
139.486788 -6.428215 9.899231 0.310469
-54.582013 -10.309591 0.000000 0.000000
-50.700637 -10.309591 0.000000 0.000000
-46.819261 -10.309591 10.003693 0.283471
-42.937885 -10.309591 10.110612 0.073914
-39.056509 -10.309591 10.035372 -0.290191
-35.175133 -10.309591 9.875510 -0.393981
-31.293757 -10.309591 10.069158 -0.063837
-27.412381 -10.309591 10.136255 -0.248641
-23.531005 -10.309591 10.310558 -0.029449
-19.649629 -10.309591 10.399076 -0.357647
-15.768253 -10.309591 10.208935 -0.075955
-11.886877 -10.309591 10.111668 -0.152299
-8.005501 -10.309591 10.186482 -0.012339
-4.124125 -10.309591 10.470244 0.128731
-0.242749 -10.309591 10.442781 0.087135
3.638627 -10.309591 10.404610 0.098167
7.520003 -10.309591 10.308529 -0.098101
11.401379 -10.309591 10.358386 -0.015709
15.282755 -10.309591 10.348534 0.223283
19.164131 -10.309591 10.473119 0.367587
23.045507 -10.309591 10.448788 0.256431
26.926883 -10.309591 10.319748 0.318477
30.808259 -10.309591 10.344373 0.196542
34.689635 -10.309591 10.292624 0.414229
38.571011 -10.309591 10.362341 0.252620
42.452387 -10.309591 10.184021 0.515254
46.333763 -10.309591 10.141616 0.442248
50.215140 -10.309591 10.182102 0.350187
54.096516 -10.309591 10.269052 0.651285
57.977892 -10.309591 10.096639 0.339739
61.859268 -10.309591 10.002718 0.415322
65.740644 -10.309591 10.079022 0.377168
69.622020 -10.309591 10.003319 0.400752
73.503396 -10.309591 10.026512 0.287485
77.384772 -10.309591 9.996428 0.297944
81.266148 -10.309591 9.908381 0.473671
85.147524 -10.309591 9.832063 0.441577
89.028900 -10.309591 9.735384 0.325073
92.910276 -10.309591 9.960427 0.431046
96.791652 -10.309591 9.993081 0.243444
100.673028 -10.309591 9.957944 0.271916
104.554404 -10.309591 9.880486 0.186889
108.435780 -10.309591 9.919148 0.180084
112.317156 -10.309591 9.877926 0.206469
116.198532 -10.309591 9.986767 0.285755
120.079908 -10.309591 9.928427 0.242689
123.961284 -10.309591 9.890205 0.195282
127.842660 -10.309591 9.956679 0.108513
131.724036 -10.309591 9.921391 0.078880
135.605412 -10.309591 9.836613 0.164684
139.486788 -10.309591 9.900172 0.154326
-54.582013 -14.190967 0.000000 0.000000
-50.700637 -14.190967 0.000000 0.000000
-46.819261 -14.190967 0.000000 0.000000
-42.937885 -14.190967 10.222939 0.379576
-39.056509 -14.190967 9.231064 0.346734
-35.175133 -14.190967 10.145898 -0.169783
-31.293757 -14.190967 10.067239 0.161806
-27.412381 -14.190967 10.322854 -0.130584
-23.531005 -14.190967 10.251781 0.321019
-19.649629 -14.190967 10.282152 -0.069876
-15.768253 -14.190967 10.379115 0.450250
-11.886877 -14.190967 10.215684 0.083640
-8.005501 -14.190967 10.273672 -0.092402
-4.124125 -14.190967 10.190251 0.075134
-0.242749 -14.190967 10.298859 0.186217
3.638627 -14.190967 10.362387 0.145407
7.520003 -14.190967 10.292010 0.159067
11.401379 -14.190967 10.379331 0.383876
15.282755 -14.190967 10.358426 0.494263
19.164131 -14.190967 10.414240 0.189374
23.045507 -14.190967 10.324347 0.237010
26.926883 -14.190967 10.256556 0.358855
30.808259 -14.190967 10.312428 0.247792
34.689635 -14.190967 10.181618 0.374198
38.571011 -14.190967 10.334613 0.342852
42.452387 -14.190967 10.159470 0.401591
46.333763 -14.190967 10.168144 0.340677
50.215140 -14.190967 10.093622 0.482615
54.096516 -14.190967 10.261081 0.301291
57.977892 -14.190967 10.174742 0.368409
61.859268 -14.190967 9.910934 0.285821
65.740644 -14.190967 10.126591 0.406269
69.622020 -14.190967 9.880017 0.279689
73.503396 -14.190967 9.863561 0.318296
77.384772 -14.190967 10.105991 0.434991
81.266148 -14.190967 10.055132 0.324479
85.147524 -14.190967 9.791663 0.177561
89.028900 -14.190967 10.000457 0.335894
92.910276 -14.190967 10.001913 0.226911
96.791652 -14.190967 9.908158 0.287684
100.673028 -14.190967 9.847400 0.242730
104.554404 -14.190967 9.873363 0.196104
108.435780 -14.190967 9.982729 0.198077
112.317156 -14.190967 9.996385 0.354160
116.198532 -14.190967 9.899305 0.030138
120.079908 -14.190967 9.901859 0.208861
123.961284 -14.190967 9.879323 0.300600
127.842660 -14.190967 9.868129 0.311897
131.724036 -14.190967 9.903016 0.115520
135.605412 -14.190967 9.828824 0.366961
139.486788 -14.190967 9.838621 0.190871
-54.582013 -18.072343 0.000000 0.000000
-50.700637 -18.072343 0.000000 0.000000
-46.819261 -18.072343 0.000000 0.000000
-42.937885 -18.072343 10.181519 0.429471
-39.056509 -18.072343 10.164744 -0.028118
-35.175133 -18.072343 10.227838 0.031571
-31.293757 -18.072343 9.981934 -0.147776
-27.412381 -18.072343 10.007456 0.265851
-23.531005 -18.072343 10.131279 -0.003712
-19.649629 -18.072343 10.092240 -0.378081
-15.768253 -18.072343 10.225793 -0.023792
-11.886877 -18.072343 10.420091 -0.226283
-8.005501 -18.072343 10.182645 0.092494
-4.124125 -18.072343 10.360477 0.274550
-0.242749 -18.072343 10.269218 0.032427
3.638627 -18.072343 10.073513 0.179184
7.520003 -18.072343 10.237209 0.276819
11.401379 -18.072343 10.298551 0.154437
15.282755 -18.072343 10.337685 0.252535
19.164131 -18.072343 10.324088 0.117910
23.045507 -18.072343 10.335097 0.046527
26.926883 -18.072343 10.247465 0.180273
30.808259 -18.072343 10.142255 0.275013
34.689635 -18.072343 10.356529 0.224590
38.571011 -18.072343 10.256716 0.355852
42.452387 -18.072343 10.129182 0.218258
46.333763 -18.072343 10.149000 0.310474
50.215140 -18.072343 10.207383 0.348256
54.096516 -18.072343 10.200983 0.364475
57.977892 -18.072343 10.115822 0.453993
61.859268 -18.072343 10.195354 0.464985
65.740644 -18.072343 9.906005 0.341291
69.622020 -18.072343 9.995447 0.357390
73.503396 -18.072343 9.933773 0.373467
77.384772 -18.072343 10.109937 0.258602
81.266148 -18.072343 9.876161 0.351089
85.147524 -18.072343 10.018468 0.256269
89.028900 -18.072343 9.932989 0.427368
92.910276 -18.072343 9.999355 0.354235
96.791652 -18.072343 9.931092 0.383074
100.673028 -18.072343 9.939868 0.380621
104.554404 -18.072343 9.890406 0.232701
108.435780 -18.072343 9.956389 0.357860
112.317156 -18.072343 9.945310 0.224668
116.198532 -18.072343 9.785133 0.153857
120.079908 -18.072343 9.816797 0.201078
123.961284 -18.072343 10.035949 0.183090
127.842660 -18.072343 9.995308 0.354741
131.724036 -18.072343 9.996416 0.200258
135.605412 -18.072343 9.964135 0.228068
139.486788 -18.072343 9.967142 0.099586
-54.582013 -21.953719 0.000000 0.000000
-50.700637 -21.953719 0.000000 0.000000
-46.819261 -21.953719 9.015223 0.177837
-42.937885 -21.953719 9.936559 0.235387
-39.056509 -21.953719 10.414348 -0.275642
-35.175133 -21.953719 10.160254 0.225953
-31.293757 -21.953719 10.080374 0.024686
-27.412381 -21.953719 10.026682 0.117215
-23.531005 -21.953719 10.232632 0.094262
-19.649629 -21.953719 10.148187 -0.157253
-15.768253 -21.953719 10.320442 0.046177
-11.886877 -21.953719 10.354176 -0.575167
-8.005501 -21.953719 10.292050 0.082483
-4.124125 -21.953719 10.215277 0.149247
-0.242749 -21.953719 10.359170 0.088612
3.638627 -21.953719 10.307178 0.110564
7.520003 -21.953719 10.365854 0.106321
11.401379 -21.953719 10.259678 0.293326
15.282755 -21.953719 10.502543 0.061374
19.164131 -21.953719 10.334900 0.390886
23.045507 -21.953719 10.269176 0.253379
26.926883 -21.953719 10.191281 0.214230
30.808259 -21.953719 10.279586 0.257874
34.689635 -21.953719 10.133880 0.379724
38.571011 -21.953719 10.199227 0.236495
42.452387 -21.953719 10.151826 0.442263
46.333763 -21.953719 10.160599 0.255623
50.215140 -21.953719 10.167891 0.274103
54.096516 -21.953719 10.197510 0.397848
57.977892 -21.953719 10.127933 0.343385
61.859268 -21.953719 10.043586 0.395890
65.740644 -21.953719 10.070481 0.307118
69.622020 -21.953719 10.104159 0.362903
73.503396 -21.953719 9.931234 0.491115
77.384772 -21.953719 10.008810 0.595257
81.266148 -21.953719 9.977574 0.205690
85.147524 -21.953719 9.929448 0.497994
89.028900 -21.953719 9.770383 0.246153
92.910276 -21.953719 10.112278 0.222540
96.791652 -21.953719 9.882580 0.255060
100.673028 -21.953719 9.995530 0.335811
104.554404 -21.953719 9.999615 0.255197
108.435780 -21.953719 9.840065 0.278120
112.317156 -21.953719 9.901329 0.238577
116.198532 -21.953719 9.931524 0.260993
120.079908 -21.953719 9.995364 0.204411
123.961284 -21.953719 9.894928 0.256596
127.842660 -21.953719 10.038750 0.147160
131.724036 -21.953719 9.904478 0.301392
135.605412 -21.953719 9.676301 0.250255
139.486788 -21.953719 9.845851 0.211067
-54.582013 -25.835095 0.000000 0.000000
-50.700637 -25.835095 0.000000 0.000000
-46.819261 -25.835095 0.000000 0.000000
-42.937885 -25.835095 10.458492 -0.740321
-39.056509 -25.835095 9.643758 -0.455695
-35.175133 -25.835095 10.249048 0.089871
-31.293757 -25.835095 10.215444 -0.243441
-27.412381 -25.835095 10.210163 0.380460
-23.531005 -25.835095 10.063815 -0.337583
-19.649629 -25.835095 10.143497 0.151106
-15.768253 -25.835095 10.219648 -0.019661
-11.886877 -25.835095 10.263571 0.041954
-8.005501 -25.835095 10.382841 0.173736
-4.124125 -25.835095 10.372474 -0.061707
-0.242749 -25.835095 10.360653 0.138482
3.638627 -25.835095 10.320355 0.232247
7.520003 -25.835095 10.375142 0.217864
11.401379 -25.835095 10.292600 0.015278
15.282755 -25.835095 10.378236 0.027028
19.164131 -25.835095 10.264301 0.260029
23.045507 -25.835095 10.278262 0.240320
26.926883 -25.835095 10.196988 0.273521
30.808259 -25.835095 10.178749 0.239993
34.689635 -25.835095 10.301928 0.330896
38.571011 -25.835095 10.223659 0.416690
42.452387 -25.835095 10.023314 0.310363
46.333763 -25.835095 10.094776 0.179662
50.215140 -25.835095 10.158979 0.232309
54.096516 -25.835095 10.079710 0.290283
57.977892 -25.835095 10.031556 0.304679
61.859268 -25.835095 10.175816 0.260273
65.740644 -25.835095 10.019320 0.295448
69.622020 -25.835095 10.038595 0.279219
73.503396 -25.835095 9.941707 0.247064
77.384772 -25.835095 10.097105 0.074132
81.266148 -25.835095 9.920485 0.249814
85.147524 -25.835095 10.088952 0.230043
89.028900 -25.835095 10.027725 0.457258
92.910276 -25.835095 10.038265 0.341359
96.791652 -25.835095 10.017246 0.316578
100.673028 -25.835095 9.823025 0.126427
104.554404 -25.835095 9.954727 0.231390
108.435780 -25.835095 9.793369 0.315034
112.317156 -25.835095 9.990435 0.224105
116.198532 -25.835095 9.842362 0.221866
120.079908 -25.835095 9.839164 0.071109
123.961284 -25.835095 9.961380 0.219262
127.842660 -25.835095 9.882297 0.281298
131.724036 -25.835095 9.983723 0.180479
135.605412 -25.835095 9.860559 0.282050
139.486788 -25.835095 9.879780 0.369198
-54.582013 -29.716471 0.000000 0.000000
-50.700637 -29.716471 0.000000 0.000000
-46.819261 -29.716471 0.000000 0.000000
-42.937885 -29.716471 10.421865 -0.466077
-39.056509 -29.716471 10.391910 -0.070883
-35.175133 -29.716471 10.169140 -0.120614
-31.293757 -29.716471 10.052411 0.135234
-27.412381 -29.716471 9.881347 0.009061
-23.531005 -29.716471 10.134204 0.030339
-19.649629 -29.716471 10.125437 -0.045903
-15.768253 -29.716471 10.192485 0.302710
-11.886877 -29.716471 10.213926 0.067284
-8.005501 -29.716471 10.224229 -0.102183
-4.124125 -29.716471 10.236703 0.172812
-0.242749 -29.716471 10.189567 0.022504
3.638627 -29.716471 10.225034 -0.090958
7.520003 -29.716471 10.146305 0.148615
11.401379 -29.716471 10.261183 0.234376
15.282755 -29.716471 10.277540 0.255965
19.164131 -29.716471 10.085592 0.205921
23.045507 -29.716471 10.298236 0.237817
26.926883 -29.716471 10.058343 0.245692
30.808259 -29.716471 10.239396 0.272489
34.689635 -29.716471 10.169091 0.205204
38.571011 -29.716471 10.321123 0.415299
42.452387 -29.716471 10.111896 0.406263
46.333763 -29.716471 10.178810 0.086489
50.215140 -29.716471 10.095701 0.308774
54.096516 -29.716471 10.024542 0.379767
57.977892 -29.716471 10.172160 0.093027
61.859268 -29.716471 10.086234 0.287959
65.740644 -29.716471 9.961880 0.369198
69.622020 -29.716471 9.993716 0.297606
73.503396 -29.716471 10.007758 0.308395
77.384772 -29.716471 10.040662 0.269682
81.266148 -29.716471 10.159307 0.377222
85.147524 -29.716471 10.037741 0.160613
89.028900 -29.716471 9.967001 0.215220
92.910276 -29.716471 9.908766 0.172257
96.791652 -29.716471 10.137665 0.252493
100.673028 -29.716471 10.041877 0.413939
104.554404 -29.716471 9.804493 0.334872
108.435780 -29.716471 9.969483 0.416912
112.317156 -29.716471 10.014106 0.158001
116.198532 -29.716471 10.095109 0.232496
120.079908 -29.716471 10.134287 0.255302
123.961284 -29.716471 9.986921 0.181491
127.842660 -29.716471 10.007011 0.373834
131.724036 -29.716471 10.090037 0.211191
135.605412 -29.716471 9.935497 0.250605
139.486788 -29.716471 9.781068 0.380258
-54.582013 -33.597847 0.000000 0.000000
-50.700637 -33.597847 0.000000 0.000000
-46.819261 -33.597847 9.916089 16.832920
-42.937885 -33.597847 0.000000 0.000000
-39.056509 -33.597847 10.218032 -0.223229
-35.175133 -33.597847 9.862086 -0.188498
-31.293757 -33.597847 9.958173 -0.117403
-27.412381 -33.597847 10.128022 -0.193533
-23.531005 -33.597847 10.090352 0.407436
-19.649629 -33.597847 10.237595 0.294463
-15.768253 -33.597847 10.029289 0.062705
-11.886877 -33.597847 10.208839 0.306963
-8.005501 -33.597847 10.247255 0.177941
-4.124125 -33.597847 10.114557 -0.112426
-0.242749 -33.597847 10.186828 0.165204
3.638627 -33.597847 10.171185 -0.025123
7.520003 -33.597847 10.178610 0.181494
11.401379 -33.597847 10.211943 0.300669
15.282755 -33.597847 10.124135 0.259491
19.164131 -33.597847 10.325491 0.101614
23.045507 -33.597847 10.133467 0.277227
26.926883 -33.597847 10.085729 0.245062
30.808259 -33.597847 10.263971 0.284398
34.689635 -33.597847 10.092216 0.289766
38.571011 -33.597847 10.155883 0.277249
42.452387 -33.597847 10.160839 0.293209
46.333763 -33.597847 10.041609 0.288027
50.215140 -33.597847 10.179878 0.335572
54.096516 -33.597847 10.141083 0.250989
57.977892 -33.597847 9.995817 0.273932
61.859268 -33.597847 10.160654 0.292085
65.740644 -33.597847 10.168117 0.389496
69.622020 -33.597847 10.058975 0.256619
73.503396 -33.597847 10.082003 0.258908
77.384772 -33.597847 10.055589 0.291983
81.266148 -33.597847 10.060662 0.169657
85.147524 -33.597847 10.083341 0.455015
89.028900 -33.597847 10.068121 0.335250
92.910276 -33.597847 10.030461 0.424993
96.791652 -33.597847 10.039110 0.151732
100.673028 -33.597847 10.049385 0.307088
104.554404 -33.597847 9.898211 0.227642
108.435780 -33.597847 10.035754 0.258834
112.317156 -33.597847 10.006885 0.234741
116.198532 -33.597847 9.978183 0.091298
120.079908 -33.597847 9.883666 0.269971
123.961284 -33.597847 9.800427 0.183035
127.842660 -33.597847 9.832544 0.132496
131.724036 -33.597847 9.955667 0.062857
135.605412 -33.597847 9.896735 0.223957
139.486788 -33.597847 10.158150 0.063659
-54.582013 -37.479223 0.000000 0.000000
-50.700637 -37.479223 0.000000 0.000000
-46.819261 -37.479223 0.000000 0.000000
-42.937885 -37.479223 8.902263 -0.364128
-39.056509 -37.479223 9.555544 0.263604
-35.175133 -37.479223 9.932634 -0.087909
-31.293757 -37.479223 10.169042 0.374281
-27.412381 -37.479223 9.975144 0.593807
-23.531005 -37.479223 9.799387 -0.169904
-19.649629 -37.479223 9.937444 0.171292
-15.768253 -37.479223 10.289179 0.017169
-11.886877 -37.479223 10.137797 0.064501
-8.005501 -37.479223 10.177610 0.307276
-4.124125 -37.479223 10.181593 0.110598
-0.242749 -37.479223 10.250300 0.219014
3.638627 -37.479223 9.949267 0.370723
7.520003 -37.479223 10.278632 -0.077883
11.401379 -37.479223 10.058870 0.173087
15.282755 -37.479223 10.201838 0.280335
19.164131 -37.479223 10.218652 0.211577
23.045507 -37.479223 10.244076 0.055405
26.926883 -37.479223 10.186911 0.309476
30.808259 -37.479223 10.146209 0.290442
34.689635 -37.479223 10.310435 0.203625
38.571011 -37.479223 10.198219 0.153188
42.452387 -37.479223 10.160244 0.331202
46.333763 -37.479223 10.107086 0.252971
50.215140 -37.479223 10.158079 0.362222
54.096516 -37.479223 10.021774 0.197638
57.977892 -37.479223 9.982109 0.225174
61.859268 -37.479223 10.197775 0.413777
65.740644 -37.479223 10.193389 0.213502
69.622020 -37.479223 9.941154 0.242883
73.503396 -37.479223 10.045832 0.468201
77.384772 -37.479223 10.064269 0.139076
81.266148 -37.479223 10.019205 0.474941
85.147524 -37.479223 9.942354 0.230180
89.028900 -37.479223 9.975443 0.309013
92.910276 -37.479223 10.031152 0.267262
96.791652 -37.479223 10.006512 0.026010
100.673028 -37.479223 9.840561 0.153919
104.554404 -37.479223 9.989096 0.267514
108.435780 -37.479223 9.932252 0.219033
112.317156 -37.479223 10.050175 0.284020
116.198532 -37.479223 9.951979 0.129405
120.079908 -37.479223 9.953441 0.144872
123.961284 -37.479223 10.125051 0.497804
127.842660 -37.479223 10.082693 0.088978
131.724036 -37.479223 9.944588 0.138926
135.605412 -37.479223 9.911169 0.041936
139.486788 -37.479223 9.877614 0.189468
-54.582013 -41.360599 0.000000 0.000000
-50.700637 -41.360599 0.000000 0.000000
-46.819261 -41.360599 0.000000 0.000000
-42.937885 -41.360599 0.000000 0.000000
-39.056509 -41.360599 9.881923 0.056851
-35.175133 -41.360599 8.168548 -0.176239
-31.293757 -41.360599 10.194280 0.119231
-27.412381 -41.360599 10.052072 0.153592
-23.531005 -41.360599 10.320692 0.379389
-19.649629 -41.360599 10.517926 0.148405
-15.768253 -41.360599 9.987526 -0.141150
-11.886877 -41.360599 10.107518 0.066818
-8.005501 -41.360599 10.433710 0.236259
-4.124125 -41.360599 10.253329 -0.012052
-0.242749 -41.360599 10.303399 0.170571
3.638627 -41.360599 10.169643 0.311239
7.520003 -41.360599 10.305182 0.144987
11.401379 -41.360599 10.228822 0.240216
15.282755 -41.360599 10.279595 0.383088
19.164131 -41.360599 10.159062 0.150200
23.045507 -41.360599 10.271050 0.384915
26.926883 -41.360599 10.075704 0.219158
30.808259 -41.360599 10.124120 0.331724
34.689635 -41.360599 10.166093 0.292840
38.571011 -41.360599 10.154494 0.354512
42.452387 -41.360599 10.174156 0.343763
46.333763 -41.360599 10.147693 0.389718
50.215140 -41.360599 10.144632 0.273142
54.096516 -41.360599 10.150327 0.292370
57.977892 -41.360599 10.296357 0.348686
61.859268 -41.360599 10.006978 0.359194
65.740644 -41.360599 10.040974 0.217441
69.622020 -41.360599 10.138013 0.426704
73.503396 -41.360599 9.943666 0.268325
77.384772 -41.360599 9.960070 0.271564
81.266148 -41.360599 10.021291 0.262272
85.147524 -41.360599 9.851027 0.221186
89.028900 -41.360599 9.998504 0.309542
92.910276 -41.360599 9.921719 0.170346
96.791652 -41.360599 10.190001 0.117067
100.673028 -41.360599 10.097802 0.463439
104.554404 -41.360599 10.088273 0.206222
108.435780 -41.360599 9.862082 0.180078
112.317156 -41.360599 10.051806 0.279302
116.198532 -41.360599 10.034755 0.144801
120.079908 -41.360599 9.920243 0.103484
123.961284 -41.360599 10.093458 0.288562
127.842660 -41.360599 9.998748 0.298895
131.724036 -41.360599 10.090232 0.093801
135.605412 -41.360599 9.960797 0.090369
139.486788 -41.360599 9.501529 0.144929
-54.582013 -45.241975 0.000000 0.000000
-50.700637 -45.241975 0.000000 0.000000
-46.819261 -45.241975 0.000000 0.000000
-42.937885 -45.241975 0.000000 0.000000
-39.056509 -45.241975 0.000000 0.000000
-35.175133 -45.241975 0.000000 0.000000
-31.293757 -45.241975 0.000000 0.000000
-27.412381 -45.241975 0.000000 0.000000
-23.531005 -45.241975 0.000000 0.000000
-19.649629 -45.241975 0.000000 0.000000
-15.768253 -45.241975 0.000000 0.000000
-11.886877 -45.241975 0.000000 0.000000
-8.005501 -45.241975 0.000000 0.000000
-4.124125 -45.241975 0.000000 0.000000
-0.242749 -45.241975 0.000000 0.000000
3.638627 -45.241975 0.000000 0.000000
7.520003 -45.241975 0.000000 0.000000
11.401379 -45.241975 0.000000 0.000000
15.282755 -45.241975 0.000000 0.000000
19.164131 -45.241975 0.000000 0.000000
23.045507 -45.241975 0.000000 0.000000
26.926883 -45.241975 0.000000 0.000000
30.808259 -45.241975 0.000000 0.000000
34.689635 -45.241975 0.000000 0.000000
38.571011 -45.241975 0.000000 0.000000
42.452387 -45.241975 0.000000 0.000000
46.333763 -45.241975 0.000000 0.000000
50.215140 -45.241975 0.000000 0.000000
54.096516 -45.241975 0.000000 0.000000
57.977892 -45.241975 0.000000 0.000000
61.859268 -45.241975 0.000000 0.000000
65.740644 -45.241975 0.000000 0.000000
69.622020 -45.241975 0.000000 0.000000
73.503396 -45.241975 0.000000 0.000000
77.384772 -45.241975 0.000000 0.000000
81.266148 -45.241975 0.000000 0.000000
85.147524 -45.241975 0.000000 0.000000
89.028900 -45.241975 0.000000 0.000000
92.910276 -45.241975 0.000000 0.000000
96.791652 -45.241975 0.000000 0.000000
100.673028 -45.241975 0.000000 0.000000
104.554404 -45.241975 0.000000 0.000000
108.435780 -45.241975 0.000000 0.000000
112.317156 -45.241975 0.000000 0.000000
116.198532 -45.241975 0.000000 0.000000
120.079908 -45.241975 0.000000 0.000000
123.961284 -45.241975 0.000000 0.000000
127.842660 -45.241975 0.000000 0.000000
131.724036 -45.241975 0.000000 0.000000
135.605412 -45.241975 0.000000 0.000000
139.486788 -45.241975 0.000000 0.000000
