TITLE = "B00019"
VARIABLES = "position", "position(2)", "Vx", "Vy"
ZONE T="Frame 0", I=51, J=39
-54.582013 102.250314 0.000000 0.000000
-50.700637 102.250314 0.000000 0.000000
-46.819261 102.250314 9.813765 0.371691
-42.937885 102.250314 9.405143 0.931330
-39.056509 102.250314 9.809289 -1.234256
-35.175133 102.250314 0.000000 0.000000
-31.293757 102.250314 0.000000 0.000000
-27.412381 102.250314 0.000000 0.000000
-23.531005 102.250314 0.000000 0.000000
-19.649629 102.250314 0.000000 0.000000
-15.768253 102.250314 10.353951 0.373703
-11.886877 102.250314 10.521545 1.188075
-8.005501 102.250314 10.467610 -0.374511
-4.124125 102.250314 9.861367 -0.421954
-0.242749 102.250314 11.576458 -0.327740
3.638627 102.250314 0.000000 0.000000
7.520003 102.250314 0.000000 0.000000
11.401379 102.250314 0.000000 0.000000
15.282755 102.250314 0.000000 0.000000
19.164131 102.250314 0.000000 0.000000
23.045507 102.250314 10.709624 -0.573722
26.926883 102.250314 8.951158 -0.598562
30.808259 102.250314 9.699843 -0.416058
34.689635 102.250314 0.000000 0.000000
38.571011 102.250314 0.000000 0.000000
42.452387 102.250314 0.000000 0.000000
46.333763 102.250314 0.000000 0.000000
50.215140 102.250314 0.000000 0.000000
54.096516 102.250314 0.000000 0.000000
57.977892 102.250314 0.000000 0.000000
61.859268 102.250314 0.000000 0.000000
65.740644 102.250314 0.000000 0.000000
69.622020 102.250314 6.523691 -1.236305
73.503396 102.250314 8.668935 -0.975385
77.384772 102.250314 9.613085 0.901733
81.266148 102.250314 10.287245 0.577856
85.147524 102.250314 9.395268 0.376875
89.028900 102.250314 9.611317 0.362788
92.910276 102.250314 9.376684 -0.520280
96.791652 102.250314 10.728065 0.446122
100.673028 102.250314 10.267642 -0.017191
104.554404 102.250314 8.845249 -1.922678
108.435780 102.250314 10.118398 -0.236211
112.317156 102.250314 10.079355 -0.352030
116.198532 102.250314 10.245516 0.033461
120.079908 102.250314 10.146953 0.137129
123.961284 102.250314 7.483384 0.221520
127.842660 102.250314 9.448223 0.443966
131.724036 102.250314 9.235531 -0.146584
135.605412 102.250314 10.585690 -0.719227
139.486788 102.250314 10.297801 -0.355162
-54.582013 98.368938 0.000000 0.000000
-50.700637 98.368938 0.000000 0.000000
-46.819261 98.368938 0.000000 0.000000
-42.937885 98.368938 10.416304 1.203349
-39.056509 98.368938 10.651362 0.778246
-35.175133 98.368938 0.000000 0.000000
-31.293757 98.368938 0.000000 0.000000
-27.412381 98.368938 0.000000 0.000000
-23.531005 98.368938 0.000000 0.000000
-19.649629 98.368938 0.000000 0.000000
-15.768253 98.368938 0.000000 0.000000
-11.886877 98.368938 9.743617 0.154224
-8.005501 98.368938 10.010979 0.837080
-4.124125 98.368938 10.445230 0.630897
-0.242749 98.368938 9.357670 -2.177833
3.638627 98.368938 8.912729 0.248042
7.520003 98.368938 10.962908 0.048777
11.401379 98.368938 0.000000 0.000000
15.282755 98.368938 0.000000 0.000000
19.164131 98.368938 0.000000 0.000000
23.045507 98.368938 11.869774 -0.541971
26.926883 98.368938 9.051735 0.584590
30.808259 98.368938 10.677057 -0.372353
34.689635 98.368938 0.000000 0.000000
38.571011 98.368938 0.000000 0.000000
42.452387 98.368938 0.000000 0.000000
46.333763 98.368938 0.000000 0.000000
50.215140 98.368938 0.000000 0.000000
54.096516 98.368938 0.000000 0.000000
57.977892 98.368938 0.000000 0.000000
61.859268 98.368938 0.000000 0.000000
65.740644 98.368938 0.000000 0.000000
69.622020 98.368938 0.000000 0.000000
73.503396 98.368938 10.490007 -0.157576
77.384772 98.368938 10.753159 0.702314
81.266148 98.368938 9.546437 0.370371
85.147524 98.368938 10.589622 -0.152609
89.028900 98.368938 10.611268 -0.120013
92.910276 98.368938 8.889511 -0.441966
96.791652 98.368938 10.145407 -0.488024
100.673028 98.368938 9.229592 0.373009
104.554404 98.368938 10.790831 0.541635
108.435780 98.368938 0.000000 0.000000
112.317156 98.368938 11.382320 0.449500
116.198532 98.368938 9.996977 -0.140604
120.079908 98.368938 10.110849 0.134854
123.961284 98.368938 9.633366 -0.464732
127.842660 98.368938 9.215971 0.041930
131.724036 98.368938 9.319479 1.084371
135.605412 98.368938 9.339746 -0.351597
139.486788 98.368938 9.723379 0.255587
-54.582013 94.487562 0.000000 0.000000
-50.700637 94.487562 9.619390 0.133947
-46.819261 94.487562 9.677276 0.004342
-42.937885 94.487562 9.996367 -0.147583
-39.056509 94.487562 10.007239 0.008879
-35.175133 94.487562 0.000000 0.000000
-31.293757 94.487562 0.000000 0.000000
-27.412381 94.487562 0.000000 0.000000
-23.531005 94.487562 0.000000 0.000000
-19.649629 94.487562 0.000000 0.000000
-15.768253 94.487562 10.109005 0.686962
-11.886877 94.487562 9.625669 0.605936
-8.005501 94.487562 10.177012 0.066221
-4.124125 94.487562 10.083307 0.356071
-0.242749 94.487562 0.000000 0.000000
3.638627 94.487562 0.000000 0.000000
7.520003 94.487562 10.186575 -0.566743
11.401379 94.487562 0.000000 0.000000
15.282755 94.487562 12.216814 2.321035
19.164131 94.487562 0.000000 0.000000
23.045507 94.487562 10.371194 0.215391
26.926883 94.487562 0.000000 0.000000
30.808259 94.487562 8.915258 1.775706
34.689635 94.487562 12.086312 0.148347
38.571011 94.487562 10.087271 0.496103
42.452387 94.487562 10.119604 -0.538592
46.333763 94.487562 10.047189 -0.235827
50.215140 94.487562 9.870050 -0.612599
54.096516 94.487562 0.000000 0.000000
57.977892 94.487562 0.000000 0.000000
61.859268 94.487562 0.000000 0.000000
65.740644 94.487562 0.000000 0.000000
69.622020 94.487562 0.000000 0.000000
73.503396 94.487562 10.111134 0.164390
77.384772 94.487562 9.632055 -0.543127
81.266148 94.487562 10.530684 -0.264144
85.147524 94.487562 0.000000 0.000000
89.028900 94.487562 10.226610 0.204401
92.910276 94.487562 9.399257 0.817255
96.791652 94.487562 9.702286 0.149597
100.673028 94.487562 10.730820 -0.299398
104.554404 94.487562 10.180449 0.661196
108.435780 94.487562 9.186038 1.025063
112.317156 94.487562 9.966060 0.376039
116.198532 94.487562 9.378282 0.285322
120.079908 94.487562 9.076132 -0.543242
123.961284 94.487562 9.715239 1.888563
127.842660 94.487562 9.299747 0.134901
131.724036 94.487562 10.203614 -0.033791
135.605412 94.487562 10.080898 -1.318033
139.486788 94.487562 9.538088 -0.049951
-54.582013 90.606186 0.000000 0.000000
-50.700637 90.606186 0.000000 0.000000
-46.819261 90.606186 10.463828 -0.266843
-42.937885 90.606186 10.295373 1.064849
-39.056509 90.606186 0.000000 0.000000
-35.175133 90.606186 0.000000 0.000000
-31.293757 90.606186 0.000000 0.000000
-27.412381 90.606186 0.000000 0.000000
-23.531005 90.606186 0.000000 0.000000
-19.649629 90.606186 0.000000 0.000000
-15.768253 90.606186 9.282800 0.560269
-11.886877 90.606186 10.296431 0.572387
-8.005501 90.606186 10.085642 0.950520
-4.124125 90.606186 9.935217 -0.006297
-0.242749 90.606186 10.030769 0.478150
3.638627 90.606186 10.191093 -0.234755
7.520003 90.606186 10.011330 -0.730068
11.401379 90.606186 9.927721 0.979202
15.282755 90.606186 8.690034 -0.287344
19.164131 90.606186 10.001466 0.467567
23.045507 90.606186 10.398674 0.618498
26.926883 90.606186 10.381947 0.631054
30.808259 90.606186 10.613369 1.570713
34.689635 90.606186 10.343536 -0.138952
38.571011 90.606186 10.430449 -1.919865
42.452387 90.606186 8.518358 0.788471
46.333763 90.606186 10.090319 0.772783
50.215140 90.606186 10.570412 -0.740960
54.096516 90.606186 0.000000 0.000000
57.977892 90.606186 10.026420 -0.347107
61.859268 90.606186 0.000000 0.000000
65.740644 90.606186 0.000000 0.000000
69.622020 90.606186 0.000000 0.000000
73.503396 90.606186 10.542483 -0.901627
77.384772 90.606186 10.186565 -0.926692
81.266148 90.606186 9.959394 0.106838
85.147524 90.606186 9.575057 0.465631
89.028900 90.606186 10.230879 1.533489
92.910276 90.606186 10.716880 -0.676486
96.791652 90.606186 8.823059 -1.162900
100.673028 90.606186 10.507741 0.040131
104.554404 90.606186 10.234075 0.215777
108.435780 90.606186 9.082202 0.324831
112.317156 90.606186 9.824799 -0.478679
116.198532 90.606186 9.893207 -0.392337
120.079908 90.606186 9.200600 0.130639
123.961284 90.606186 10.445675 -0.066721
127.842660 90.606186 10.147795 -0.676579
131.724036 90.606186 9.294731 0.355485
135.605412 90.606186 10.206924 0.219856
139.486788 90.606186 9.719162 0.125310
-54.582013 86.724810 9.610762 1.574023
-50.700637 86.724810 10.028428 0.795757
-46.819261 86.724810 0.000000 0.000000
-42.937885 86.724810 10.364463 -0.144483
-39.056509 86.724810 10.648317 -0.423335
-35.175133 86.724810 0.000000 0.000000
-31.293757 86.724810 0.000000 0.000000
-27.412381 86.724810 0.000000 0.000000
-23.531005 86.724810 0.000000 0.000000
-19.649629 86.724810 0.000000 0.000000
-15.768253 86.724810 10.230216 -0.063382
-11.886877 86.724810 10.321465 -0.226755
-8.005501 86.724810 9.826159 1.062728
-4.124125 86.724810 12.076250 -0.839485
-0.242749 86.724810 10.463045 0.456487
3.638627 86.724810 10.677510 -0.100339
7.520003 86.724810 10.362405 0.197033
11.401379 86.724810 10.087817 0.103309
15.282755 86.724810 10.060807 0.853045
19.164131 86.724810 9.965634 -0.234010
23.045507 86.724810 10.284016 0.366360
26.926883 86.724810 10.449047 0.393073
30.808259 86.724810 10.087838 -0.283491
34.689635 86.724810 10.526993 0.692007
38.571011 86.724810 9.135681 -0.571198
42.452387 86.724810 10.229578 -0.086182
46.333763 86.724810 10.103733 -0.463774
50.215140 86.724810 10.512853 -0.624276
54.096516 86.724810 10.516264 -0.197932
57.977892 86.724810 9.451283 0.447780
61.859268 86.724810 0.000000 0.000000
65.740644 86.724810 0.000000 0.000000
69.622020 86.724810 0.000000 0.000000
73.503396 86.724810 10.611459 -0.952343
77.384772 86.724810 0.000000 0.000000
81.266148 86.724810 0.000000 0.000000
85.147524 86.724810 10.421334 -0.637356
89.028900 86.724810 9.915395 0.349309
92.910276 86.724810 10.149692 0.358142
96.791652 86.724810 10.600786 0.334656
100.673028 86.724810 9.713986 -0.573077
104.554404 86.724810 9.360193 -0.303698
108.435780 86.724810 9.694932 -0.332314
112.317156 86.724810 10.163030 -0.662154
116.198532 86.724810 10.399488 0.052667
120.079908 86.724810 9.811023 0.045270
123.961284 86.724810 9.132578 0.803044
127.842660 86.724810 10.099341 -0.198885
131.724036 86.724810 10.203302 0.083153
135.605412 86.724810 10.023406 0.442175
139.486788 86.724810 9.174405 -0.431982
-54.582013 82.843434 0.000000 0.000000
-50.700637 82.843434 9.372424 1.261114
-46.819261 82.843434 8.942154 0.125081
-42.937885 82.843434 9.456669 0.551890
-39.056509 82.843434 10.429722 0.976230
-35.175133 82.843434 0.000000 0.000000
-31.293757 82.843434 0.000000 0.000000
-27.412381 82.843434 0.000000 0.000000
-23.531005 82.843434 0.000000 0.000000
-19.649629 82.843434 0.000000 0.000000
-15.768253 82.843434 10.202692 0.396279
-11.886877 82.843434 10.256297 0.454671
-8.005501 82.843434 11.280767 0.193689
-4.124125 82.843434 10.686163 -0.589029
-0.242749 82.843434 0.000000 0.000000
3.638627 82.843434 10.356039 -0.485399
7.520003 82.843434 10.553850 0.087493
11.401379 82.843434 10.125899 -0.329611
15.282755 82.843434 10.726325 -0.225078
19.164131 82.843434 10.471117 0.326904
23.045507 82.843434 9.934585 -0.524282
26.926883 82.843434 10.069265 0.430144
30.808259 82.843434 11.338855 -0.649900
34.689635 82.843434 11.193793 0.507141
38.571011 82.843434 10.257610 0.247211
42.452387 82.843434 10.672727 -0.482830
46.333763 82.843434 10.886377 0.132385
50.215140 82.843434 9.454818 0.203460
54.096516 82.843434 9.383566 0.300129
57.977892 82.843434 9.744095 -0.171845
61.859268 82.843434 0.000000 0.000000
65.740644 82.843434 0.000000 0.000000
69.622020 82.843434 9.143772 0.445272
73.503396 82.843434 10.065172 -0.302165
77.384772 82.843434 10.199699 0.332355
81.266148 82.843434 10.463948 0.081586
85.147524 82.843434 10.189024 0.221527
89.028900 82.843434 9.956164 0.438013
92.910276 82.843434 9.278250 -0.909645
96.791652 82.843434 9.810141 -0.148259
100.673028 82.843434 10.381311 -0.198544
104.554404 82.843434 9.493856 0.091399
108.435780 82.843434 9.421867 -0.133499
112.317156 82.843434 9.584625 -0.208745
116.198532 82.843434 9.141810 0.262679
120.079908 82.843434 10.257503 -0.064290
123.961284 82.843434 9.361415 -0.349709
127.842660 82.843434 10.322215 -0.399756
131.724036 82.843434 10.279521 -0.422202
135.605412 82.843434 10.020170 0.548671
139.486788 82.843434 10.149432 -0.146118
-54.582013 78.962058 0.000000 0.000000
-50.700637 78.962058 0.000000 0.000000
-46.819261 78.962058 9.999781 0.634214
-42.937885 78.962058 9.613171 0.946127
-39.056509 78.962058 9.779954 1.148901
-35.175133 78.962058 0.000000 0.000000
-31.293757 78.962058 0.000000 0.000000
-27.412381 78.962058 0.000000 0.000000
-23.531005 78.962058 0.000000 0.000000
-19.649629 78.962058 0.000000 0.000000
-15.768253 78.962058 10.273716 0.653140
-11.886877 78.962058 10.755398 0.650271
-8.005501 78.962058 10.503460 -0.074921
-4.124125 78.962058 10.778258 0.159653
-0.242749 78.962058 10.671310 1.532756
3.638627 78.962058 10.355517 0.699072
7.520003 78.962058 10.421917 -0.439174
11.401379 78.962058 10.255918 0.556742
15.282755 78.962058 10.580468 0.339314
19.164131 78.962058 10.352550 -0.206040
23.045507 78.962058 10.510629 0.444244
26.926883 78.962058 10.250643 -0.268242
30.808259 78.962058 10.357578 -0.722480
34.689635 78.962058 9.976711 -0.426137
38.571011 78.962058 10.594589 0.000949
42.452387 78.962058 10.453038 0.625201
46.333763 78.962058 10.195104 0.058858
50.215140 78.962058 10.168470 -0.195649
54.096516 78.962058 10.025525 -0.124441
57.977892 78.962058 10.054500 0.349902
61.859268 78.962058 0.000000 0.000000
65.740644 78.962058 0.000000 0.000000
69.622020 78.962058 10.032821 -0.085298
73.503396 78.962058 9.879316 0.109764
77.384772 78.962058 9.787070 -0.143232
81.266148 78.962058 10.467696 -0.024327
85.147524 78.962058 10.246118 -0.343046
89.028900 78.962058 10.247172 -0.216358
92.910276 78.962058 9.728703 0.277363
96.791652 78.962058 9.608568 0.353194
100.673028 78.962058 10.330008 0.471473
104.554404 78.962058 9.767538 -0.354892
108.435780 78.962058 9.282608 0.189725
112.317156 78.962058 10.345615 0.465625
116.198532 78.962058 9.132701 -0.592786
120.079908 78.962058 9.263252 -0.207966
123.961284 78.962058 9.833772 -0.655239
127.842660 78.962058 10.675983 -0.763222
131.724036 78.962058 9.980085 -0.362220
135.605412 78.962058 9.513698 0.680601
139.486788 78.962058 9.912704 -0.197587
-54.582013 75.080682 0.000000 0.000000
-50.700637 75.080682 0.000000 0.000000
-46.819261 75.080682 9.765963 0.798926
-42.937885 75.080682 10.330004 0.937092
-39.056509 75.080682 9.762505 0.814057
-35.175133 75.080682 0.000000 0.000000
-31.293757 75.080682 0.000000 0.000000
-27.412381 75.080682 0.000000 0.000000
-23.531005 75.080682 0.000000 0.000000
-19.649629 75.080682 0.000000 0.000000
-15.768253 75.080682 10.169634 1.014308
-11.886877 75.080682 10.290777 0.582672
-8.005501 75.080682 10.615472 1.506315
-4.124125 75.080682 11.111060 -1.395083
-0.242749 75.080682 9.828377 0.461709
3.638627 75.080682 10.608473 0.426840
7.520003 75.080682 10.360391 -0.382266
11.401379 75.080682 10.742165 -0.077750
15.282755 75.080682 11.034080 -0.480565
19.164131 75.080682 9.418971 -0.617528
23.045507 75.080682 10.476481 -0.488072
26.926883 75.080682 10.401999 -0.524976
30.808259 75.080682 10.471567 -0.472150
34.689635 75.080682 10.178432 -0.378518
38.571011 75.080682 10.730023 0.081040
42.452387 75.080682 10.008304 -0.312847
46.333763 75.080682 9.770395 -0.641414
50.215140 75.080682 9.918646 0.413589
54.096516 75.080682 10.306385 -0.084986
57.977892 75.080682 10.273676 -0.591012
61.859268 75.080682 0.000000 0.000000
65.740644 75.080682 0.000000 0.000000
69.622020 75.080682 9.945350 -0.048432
73.503396 75.080682 10.366002 0.212177
77.384772 75.080682 10.424749 -0.208286
81.266148 75.080682 9.759500 0.004786
85.147524 75.080682 10.054058 -0.280570
89.028900 75.080682 10.516439 -0.512382
92.910276 75.080682 9.928199 -0.273507
96.791652 75.080682 9.717839 0.137723
100.673028 75.080682 10.188857 0.082213
104.554404 75.080682 9.856650 -0.175969
108.435780 75.080682 9.745579 -0.425591
112.317156 75.080682 9.864625 0.776217
116.198532 75.080682 10.142014 0.308725
120.079908 75.080682 9.165432 0.063362
123.961284 75.080682 10.101383 -0.741669
127.842660 75.080682 10.030236 0.359524
131.724036 75.080682 9.251543 0.293840
135.605412 75.080682 10.614489 -0.430025
139.486788 75.080682 10.368941 0.205658
-54.582013 71.199306 0.000000 0.000000
-50.700637 71.199306 0.000000 0.000000
-46.819261 71.199306 11.487537 1.254590
-42.937885 71.199306 9.614429 0.565018
-39.056509 71.199306 10.565020 2.192933
-35.175133 71.199306 0.000000 0.000000
-31.293757 71.199306 0.000000 0.000000
-27.412381 71.199306 0.000000 0.000000
-23.531005 71.199306 0.000000 0.000000
-19.649629 71.199306 0.000000 0.000000
-15.768253 71.199306 10.533585 0.459709
-11.886877 71.199306 10.591230 0.540842
-8.005501 71.199306 10.785378 0.242823
-4.124125 71.199306 10.576066 0.737966
-0.242749 71.199306 0.000000 0.000000
3.638627 71.199306 10.865180 0.456770
7.520003 71.199306 10.353136 0.164596
11.401379 71.199306 10.403931 -0.011475
15.282755 71.199306 10.442513 -0.089217
19.164131 71.199306 10.479804 0.021468
23.045507 71.199306 10.217794 -0.251107
26.926883 71.199306 10.217215 -0.253241
30.808259 71.199306 10.150950 0.431594
34.689635 71.199306 10.631256 0.952616
38.571011 71.199306 10.421479 -0.984725
42.452387 71.199306 10.383890 0.098796
46.333763 71.199306 10.378689 -0.360130
50.215140 71.199306 9.956300 -0.251975
54.096516 71.199306 10.590549 -0.231365
57.977892 71.199306 10.160136 -0.730289
61.859268 71.199306 0.000000 0.000000
65.740644 71.199306 0.000000 0.000000
69.622020 71.199306 10.048663 -0.489559
73.503396 71.199306 9.806513 -0.199387
77.384772 71.199306 9.812713 -0.774544
81.266148 71.199306 10.263469 0.345908
85.147524 71.199306 10.031711 -0.631703
89.028900 71.199306 9.387357 -0.576280
92.910276 71.199306 10.050897 0.924905
96.791652 71.199306 10.188937 -0.107049
100.673028 71.199306 9.191244 0.349653
104.554404 71.199306 10.151216 -0.805898
108.435780 71.199306 9.938243 -0.092357
112.317156 71.199306 9.915835 -0.032361
116.198532 71.199306 10.126039 0.493305
120.079908 71.199306 9.661504 0.335803
123.961284 71.199306 9.998677 -0.613863
127.842660 71.199306 9.552042 0.120696
131.724036 71.199306 10.163591 0.229059
135.605412 71.199306 9.665634 -0.367155
139.486788 71.199306 9.479992 -0.222813
-54.582013 67.317930 0.000000 0.000000
-50.700637 67.317930 0.000000 0.000000
-46.819261 67.317930 9.093983 0.676537
-42.937885 67.317930 10.318767 1.190816
-39.056509 67.317930 10.156681 0.764672
-35.175133 67.317930 0.000000 0.000000
-31.293757 67.317930 0.000000 0.000000
-27.412381 67.317930 0.000000 0.000000
-23.531005 67.317930 0.000000 0.000000
-19.649629 67.317930 10.387166 0.866483
-15.768253 67.317930 10.681705 0.556870
-11.886877 67.317930 10.375503 0.616174
-8.005501 67.317930 10.681551 0.177512
-4.124125 67.317930 10.933268 -0.267114
-0.242749 67.317930 11.435807 -1.293697
3.638627 67.317930 11.505449 0.104788
7.520003 67.317930 9.684672 0.604287
11.401379 67.317930 11.109117 -0.067652
15.282755 67.317930 10.793527 -0.015665
19.164131 67.317930 10.602446 0.251065
23.045507 67.317930 10.972276 0.164316
26.926883 67.317930 10.552641 -0.316657
30.808259 67.317930 10.293279 -0.478312
34.689635 67.317930 10.445780 -1.029656
38.571011 67.317930 10.370653 -0.484728
42.452387 67.317930 10.166448 -0.104250
46.333763 67.317930 10.197155 -0.423318
50.215140 67.317930 10.705016 -0.313194
54.096516 67.317930 10.327444 -0.259443
57.977892 67.317930 10.199120 0.155463
61.859268 67.317930 0.000000 0.000000
65.740644 67.317930 0.000000 0.000000
69.622020 67.317930 10.411102 -0.726706
73.503396 67.317930 9.791293 -0.557234
77.384772 67.317930 9.889280 -0.498509
81.266148 67.317930 10.295154 -0.149198
85.147524 67.317930 9.301406 -0.340509
89.028900 67.317930 9.323757 -0.025360
92.910276 67.317930 10.223167 0.241302
96.791652 67.317930 9.874042 0.785351
100.673028 67.317930 9.478795 0.310950
104.554404 67.317930 9.874409 -0.514074
108.435780 67.317930 10.037593 -0.477052
112.317156 67.317930 9.974752 0.584306
116.198532 67.317930 10.188558 0.326046
120.079908 67.317930 9.670974 0.354826
123.961284 67.317930 9.972377 0.095570
127.842660 67.317930 9.779988 0.070979
131.724036 67.317930 10.241870 -0.425228
135.605412 67.317930 9.309608 0.261972
139.486788 67.317930 10.030128 0.294722
-54.582013 63.436554 0.000000 0.000000
-50.700637 63.436554 10.523183 0.424053
-46.819261 63.436554 9.879024 0.548765
-42.937885 63.436554 9.994797 0.998546
-39.056509 63.436554 9.989941 0.849279
-35.175133 63.436554 0.000000 0.000000
-31.293757 63.436554 0.000000 0.000000
-27.412381 63.436554 0.000000 0.000000
-23.531005 63.436554 0.000000 0.000000
-19.649629 63.436554 10.734450 0.584283
-15.768253 63.436554 10.953033 0.507360
-11.886877 63.436554 10.659061 0.064640
-8.005501 63.436554 11.390075 -0.433249
-4.124125 63.436554 11.031504 -0.288415
-0.242749 63.436554 11.094397 -0.456683
3.638627 63.436554 10.495125 0.342455
7.520003 63.436554 10.874878 -0.132205
11.401379 63.436554 11.031800 -0.002429
15.282755 63.436554 10.464482 0.587226
19.164131 63.436554 10.330390 0.262142
23.045507 63.436554 10.362476 0.185902
26.926883 63.436554 10.497904 0.113063
30.808259 63.436554 10.329505 -0.155622
34.689635 63.436554 10.318397 -0.429089
38.571011 63.436554 10.219581 0.060391
42.452387 63.436554 9.917742 -0.292444
46.333763 63.436554 10.191433 0.099737
50.215140 63.436554 10.121491 -0.247157
54.096516 63.436554 9.824676 -0.728962
57.977892 63.436554 9.539577 -0.368257
61.859268 63.436554 0.000000 0.000000
65.740644 63.436554 0.000000 0.000000
69.622020 63.436554 9.606341 -0.316608
73.503396 63.436554 10.007264 -0.336133
77.384772 63.436554 9.666618 -0.280576
81.266148 63.436554 10.022925 -0.497114
85.147524 63.436554 9.899715 -0.202576
89.028900 63.436554 10.377032 0.028015
92.910276 63.436554 9.685534 -0.367325
96.791652 63.436554 9.805609 -0.393821
100.673028 63.436554 9.301107 -0.316379
104.554404 63.436554 10.635578 0.496809
108.435780 63.436554 9.331053 -0.030280
112.317156 63.436554 9.910290 -0.121566
116.198532 63.436554 9.770565 0.139884
120.079908 63.436554 9.348147 -0.608356
123.961284 63.436554 9.744981 -0.082796
127.842660 63.436554 9.779482 -0.015770
131.724036 63.436554 9.976575 0.076712
135.605412 63.436554 9.342034 -0.844877
139.486788 63.436554 10.506991 -1.001034
-54.582013 59.555178 9.518331 0.954112
-50.700637 59.555178 0.000000 0.000000
-46.819261 59.555178 9.963056 1.224437
-42.937885 59.555178 9.639409 1.499786
-39.056509 59.555178 10.475645 1.151413
-35.175133 59.555178 0.000000 0.000000
-31.293757 59.555178 0.000000 0.000000
-27.412381 59.555178 0.000000 0.000000
-23.531005 59.555178 0.000000 0.000000
-19.649629 59.555178 10.574172 0.833063
-15.768253 59.555178 10.497763 0.651946
-11.886877 59.555178 10.520252 0.313691
-8.005501 59.555178 10.822236 0.531217
-4.124125 59.555178 10.763431 0.368570
-0.242749 59.555178 11.243169 0.177598
3.638627 59.555178 11.093243 0.274732
7.520003 59.555178 10.518435 0.357197
11.401379 59.555178 10.966455 0.177031
15.282755 59.555178 10.643952 -0.442051
19.164131 59.555178 10.409412 -0.251407
23.045507 59.555178 10.369845 0.042337
26.926883 59.555178 10.137668 -0.499681
30.808259 59.555178 10.688609 -0.425629
34.689635 59.555178 10.551229 0.123494
38.571011 59.555178 10.264598 -0.462361
42.452387 59.555178 10.016901 -0.406296
46.333763 59.555178 10.305488 -0.533185
50.215140 59.555178 10.357396 -0.825897
54.096516 59.555178 9.934806 -0.081913
57.977892 59.555178 9.833642 -0.820471
61.859268 59.555178 0.000000 0.000000
65.740644 59.555178 0.000000 0.000000
69.622020 59.555178 10.143917 -0.300700
73.503396 59.555178 10.191868 -0.345962
77.384772 59.555178 10.024412 -0.016444
81.266148 59.555178 10.029320 -0.317484
85.147524 59.555178 9.783804 -0.151824
89.028900 59.555178 9.929152 -0.286323
92.910276 59.555178 9.908664 -0.423850
96.791652 59.555178 9.799399 -0.305017
100.673028 59.555178 9.837748 0.312454
104.554404 59.555178 10.004417 0.140104
108.435780 59.555178 10.286125 0.144767
112.317156 59.555178 10.107706 0.175584
116.198532 59.555178 9.700037 0.388234
120.079908 59.555178 10.304364 -0.194220
123.961284 59.555178 8.942632 0.382597
127.842660 59.555178 10.201650 -0.666474
131.724036 59.555178 9.900632 -0.565310
135.605412 59.555178 9.793752 0.451369
139.486788 59.555178 9.170302 0.147247
-54.582013 55.673802 10.341652 0.426848
-50.700637 55.673802 9.420051 0.168622
-46.819261 55.673802 10.181386 0.811964
-42.937885 55.673802 9.557888 0.799435
-39.056509 55.673802 9.693187 0.909775
-35.175133 55.673802 0.000000 0.000000
-31.293757 55.673802 0.000000 0.000000
-27.412381 55.673802 0.000000 0.000000
-23.531005 55.673802 10.509440 0.952037
-19.649629 55.673802 10.688905 0.898307
-15.768253 55.673802 11.028580 0.842193
-11.886877 55.673802 11.014619 0.661057
-8.005501 55.673802 11.071003 0.354380
-4.124125 55.673802 10.905888 0.541703
-0.242749 55.673802 10.799175 0.421442
3.638627 55.673802 10.818383 0.240423
7.520003 55.673802 11.186988 0.101787
11.401379 55.673802 10.694797 -0.448959
15.282755 55.673802 10.517915 -0.468884
19.164131 55.673802 11.038728 -0.430460
23.045507 55.673802 10.630236 -0.332995
26.926883 55.673802 10.627990 -0.430202
30.808259 55.673802 10.604682 0.049839
34.689635 55.673802 10.392570 -0.524918
38.571011 55.673802 10.126806 -0.239532
42.452387 55.673802 10.374803 -0.625033
46.333763 55.673802 10.200665 -0.712884
50.215140 55.673802 10.538588 -0.393091
54.096516 55.673802 10.006164 -0.708212
57.977892 55.673802 10.043799 -0.453536
61.859268 55.673802 0.000000 0.000000
65.740644 55.673802 0.000000 0.000000
69.622020 55.673802 9.517658 -0.405260
73.503396 55.673802 9.622973 -0.645649
77.384772 55.673802 9.026377 -0.156297
81.266148 55.673802 9.917958 -0.290951
85.147524 55.673802 9.808567 0.415151
89.028900 55.673802 9.684584 -0.519862
92.910276 55.673802 10.033496 0.163557
96.791652 55.673802 9.911323 -0.381308
100.673028 55.673802 9.974095 -0.105856
104.554404 55.673802 10.085729 -0.061434
108.435780 55.673802 9.544858 -0.272617
112.317156 55.673802 9.708875 -0.246136
116.198532 55.673802 10.091589 -0.137768
120.079908 55.673802 9.538958 -0.225322
123.961284 55.673802 10.033450 0.070543
127.842660 55.673802 10.017074 -0.333777
131.724036 55.673802 9.966424 0.165454
135.605412 55.673802 9.380697 -0.269286
139.486788 55.673802 10.156453 0.455975
-54.582013 51.792426 0.000000 0.000000
-50.700637 51.792426 9.259187 0.865282
-46.819261 51.792426 9.557576 0.641610
-42.937885 51.792426 9.868943 1.131017
-39.056509 51.792426 9.667809 1.195698
-35.175133 51.792426 0.000000 0.000000
-31.293757 51.792426 0.000000 0.000000
-27.412381 51.792426 0.000000 0.000000
-23.531005 51.792426 10.736970 1.136630
-19.649629 51.792426 10.970795 1.075859
-15.768253 51.792426 11.275394 0.813451
-11.886877 51.792426 11.060349 0.623466
-8.005501 51.792426 11.343910 0.598525
-4.124125 51.792426 10.950896 0.426032
-0.242749 51.792426 11.457962 0.214986
3.638627 51.792426 10.759204 -0.324661
7.520003 51.792426 10.800415 0.161274
11.401379 51.792426 10.596276 -0.156467
15.282755 51.792426 11.050357 -0.092831
19.164131 51.792426 10.710973 -0.313622
23.045507 51.792426 10.734709 -0.463274
26.926883 51.792426 10.617970 -0.353461
30.808259 51.792426 10.564930 -0.212017
34.689635 51.792426 10.466049 -0.283073
38.571011 51.792426 10.596258 -0.480852
42.452387 51.792426 10.733620 -0.905199
46.333763 51.792426 10.324890 -0.564909
50.215140 51.792426 10.180609 -0.497037
54.096516 51.792426 10.116386 -0.828659
57.977892 51.792426 10.192343 -0.607221
61.859268 51.792426 0.000000 0.000000
65.740644 51.792426 0.000000 0.000000
69.622020 51.792426 10.002008 -0.713351
73.503396 51.792426 9.338259 -0.626868
77.384772 51.792426 9.786068 -0.352941
81.266148 51.792426 9.832316 -0.423274
85.147524 51.792426 9.992359 -0.319726
89.028900 51.792426 10.309883 0.252504
92.910276 51.792426 9.510696 -0.236532
96.791652 51.792426 9.334072 -0.230702
100.673028 51.792426 10.084442 -0.261249
104.554404 51.792426 9.331133 0.498621
108.435780 51.792426 9.873564 -0.547553
112.317156 51.792426 10.026238 -0.631616
116.198532 51.792426 9.519327 0.108528
120.079908 51.792426 9.379626 -0.852356
123.961284 51.792426 9.759781 -0.423009
127.842660 51.792426 10.231814 -0.571852
131.724036 51.792426 9.938662 0.006826
135.605412 51.792426 9.609167 -0.182295
139.486788 51.792426 9.964003 -0.394448
-54.582013 47.911049 9.342527 0.340203
-50.700637 47.911049 9.370551 0.836106
-46.819261 47.911049 9.537421 0.974534
-42.937885 47.911049 9.163177 0.877347
-39.056509 47.911049 9.329942 1.671243
-35.175133 47.911049 0.000000 0.000000
-31.293757 47.911049 0.000000 0.000000
-27.412381 47.911049 0.000000 0.000000
-23.531005 47.911049 10.743846 1.411994
-19.649629 47.911049 11.053815 1.194985
-15.768253 47.911049 11.432341 0.670497
-11.886877 47.911049 11.609097 0.617028
-8.005501 47.911049 11.322869 0.552607
-4.124125 47.911049 11.330973 0.226228
-0.242749 47.911049 11.087175 0.098432
3.638627 47.911049 11.183484 -0.314313
7.520003 47.911049 10.885499 -0.191872
11.401379 47.911049 11.010639 -0.384983
15.282755 47.911049 11.290505 -0.481599
19.164131 47.911049 11.296317 -0.433114
23.045507 47.911049 10.624921 -0.411389
26.926883 47.911049 10.723611 -0.255459
30.808259 47.911049 10.478576 -1.078012
34.689635 47.911049 10.604947 -0.380364
38.571011 47.911049 10.537228 -0.514797
42.452387 47.911049 10.180038 -0.468959
46.333763 47.911049 10.309655 -0.821017
50.215140 47.911049 10.368361 -0.818588
54.096516 47.911049 10.465244 -0.310612
57.977892 47.911049 10.144235 -0.651715
61.859268 47.911049 0.000000 0.000000
65.740644 47.911049 0.000000 0.000000
69.622020 47.911049 9.274690 -0.946966
73.503396 47.911049 9.426115 -0.680484
77.384772 47.911049 9.818731 -0.449984
81.266148 47.911049 9.663879 0.155649
85.147524 47.911049 9.626756 -0.174538
89.028900 47.911049 9.791753 -0.488709
92.910276 47.911049 9.489813 -0.404611
96.791652 47.911049 9.855148 -0.376821
100.673028 47.911049 10.145491 -0.116912
104.554404 47.911049 10.326260 0.569536
108.435780 47.911049 10.111365 -0.573880
112.317156 47.911049 9.297912 -0.307135
116.198532 47.911049 9.776345 0.072637
120.079908 47.911049 8.989182 0.128375
123.961284 47.911049 9.903099 -0.183755
127.842660 47.911049 10.052121 -0.457087
131.724036 47.911049 10.220531 -0.807636
135.605412 47.911049 9.797018 -0.393349
139.486788 47.911049 9.936272 -0.324737
-54.582013 44.029673 10.034067 0.450820
-50.700637 44.029673 9.040498 0.651768
-46.819261 44.029673 9.146964 0.746602
-42.937885 44.029673 9.541542 1.194075
-39.056509 44.029673 9.152415 1.387783
-35.175133 44.029673 0.000000 0.000000
-31.293757 44.029673 0.000000 0.000000
-27.412381 44.029673 10.940325 2.285322
-23.531005 44.029673 11.774073 2.100952
-19.649629 44.029673 11.564441 1.585394
-15.768253 44.029673 11.987970 0.866219
-11.886877 44.029673 11.673389 0.646246
-8.005501 44.029673 11.818543 -0.040133
-4.124125 44.029673 11.177028 0.282545
-0.242749 44.029673 0.000000 0.000000
3.638627 44.029673 0.000000 0.000000
7.520003 44.029673 11.335659 -0.129600
11.401379 44.029673 11.051261 -0.060966
15.282755 44.029673 11.163061 -0.676803
19.164131 44.029673 10.844753 -0.795180
23.045507 44.029673 9.163880 -1.031289
26.926883 44.029673 10.980804 -0.481781
30.808259 44.029673 10.878694 -0.400787
34.689635 44.029673 10.603380 -0.570338
38.571011 44.029673 10.232150 -0.741603
42.452387 44.029673 10.897979 -0.290049
46.333763 44.029673 10.183916 -0.422849
50.215140 44.029673 10.555066 -0.517541
54.096516 44.029673 10.323586 -0.701740
57.977892 44.029673 10.231391 -0.998426
61.859268 44.029673 0.000000 0.000000
65.740644 44.029673 0.000000 0.000000
69.622020 44.029673 9.988026 -0.843054
73.503396 44.029673 9.196229 -0.649272
77.384772 44.029673 9.012776 0.170520
81.266148 44.029673 9.837992 0.506813
85.147524 44.029673 10.219284 -0.293854
89.028900 44.029673 9.450934 -0.688331
92.910276 44.029673 9.410023 -0.643126
96.791652 44.029673 9.167776 -0.641105
100.673028 44.029673 9.897902 0.058890
104.554404 44.029673 10.511381 -0.091134
108.435780 44.029673 10.031442 -1.037027
112.317156 44.029673 9.989818 -0.860675
116.198532 44.029673 8.713945 -0.292717
120.079908 44.029673 8.507494 0.730636
123.961284 44.029673 8.919291 0.981642
127.842660 44.029673 10.284154 -1.174571
131.724036 44.029673 10.433781 -0.801545
135.605412 44.029673 9.485695 -1.201674
139.486788 44.029673 9.406185 -0.731487
-54.582013 40.148297 0.000000 0.000000
-50.700637 40.148297 0.000000 0.000000
-46.819261 40.148297 8.354227 0.543635
-42.937885 40.148297 8.514033 1.153429
-39.056509 40.148297 8.344088 1.600884
-35.175133 40.148297 0.000000 0.000000
-31.293757 40.148297 0.000000 0.000000
-27.412381 40.148297 0.000000 0.000000
-23.531005 40.148297 0.000000 0.000000
-19.649629 40.148297 0.000000 0.000000
-15.768253 40.148297 0.000000 0.000000
-11.886877 40.148297 0.000000 0.000000
-8.005501 40.148297 0.000000 0.000000
-4.124125 40.148297 0.000000 0.000000
-0.242749 40.148297 0.000000 0.000000
3.638627 40.148297 0.000000 0.000000
7.520003 40.148297 0.000000 0.000000
11.401379 40.148297 0.000000 0.000000
15.282755 40.148297 0.000000 0.000000
19.164131 40.148297 0.000000 0.000000
23.045507 40.148297 0.000000 0.000000
26.926883 40.148297 0.000000 0.000000
30.808259 40.148297 0.000000 0.000000
34.689635 40.148297 0.000000 0.000000
38.571011 40.148297 0.000000 0.000000
42.452387 40.148297 9.358552 -0.292023
46.333763 40.148297 10.236142 -0.862860
50.215140 40.148297 9.376653 -1.077491
54.096516 40.148297 10.338274 -0.214967
57.977892 40.148297 10.719107 -2.124592
61.859268 40.148297 9.589854 -0.715874
65.740644 40.148297 0.000000 0.000000
69.622020 40.148297 9.201035 -2.206810
73.503396 40.148297 8.468667 -1.190622
77.384772 40.148297 7.748392 -0.648465
81.266148 40.148297 10.300626 0.826619
85.147524 40.148297 10.418136 -1.046006
89.028900 40.148297 9.625710 -1.753186
92.910276 40.148297 9.057022 -1.371340
96.791652 40.148297 7.567659 -0.517007
100.673028 40.148297 8.296334 2.082276
104.554404 40.148297 10.341165 1.043137
108.435780 40.148297 10.064324 -1.904756
112.317156 40.148297 8.717721 -1.470710
116.198532 40.148297 7.516007 -1.434595
120.079908 40.148297 7.223614 0.534067
123.961284 40.148297 8.791056 2.949206
127.842660 40.148297 9.244149 1.068617
131.724036 40.148297 9.410605 -1.590251
135.605412 40.148297 9.419005 -1.346557
139.486788 40.148297 8.864618 -1.228071
-54.582013 36.266921 9.454800 1.030299
-50.700637 36.266921 8.959606 -0.391634
-46.819261 36.266921 9.259341 0.550636
-42.937885 36.266921 8.320974 0.803540
-39.056509 36.266921 8.307717 1.250155
-35.175133 36.266921 0.000000 0.000000
-31.293757 36.266921 0.000000 0.000000
-27.412381 36.266921 0.000000 0.000000
-23.531005 36.266921 0.000000 0.000000
-19.649629 36.266921 0.000000 0.000000
-15.768253 36.266921 0.000000 0.000000
-11.886877 36.266921 0.000000 0.000000
-8.005501 36.266921 0.000000 0.000000
-4.124125 36.266921 0.000000 0.000000
-0.242749 36.266921 0.000000 0.000000
3.638627 36.266921 0.000000 0.000000
7.520003 36.266921 0.000000 0.000000
11.401379 36.266921 0.000000 0.000000
15.282755 36.266921 0.000000 0.000000
19.164131 36.266921 0.000000 0.000000
23.045507 36.266921 0.000000 0.000000
26.926883 36.266921 0.000000 0.000000
30.808259 36.266921 0.000000 0.000000
34.689635 36.266921 0.000000 0.000000
38.571011 36.266921 0.000000 0.000000
42.452387 36.266921 0.000000 0.000000
46.333763 36.266921 0.000000 0.000000
50.215140 36.266921 0.000000 0.000000
54.096516 36.266921 0.000000 0.000000
57.977892 36.266921 0.000000 0.000000
61.859268 36.266921 0.000000 0.000000
65.740644 36.266921 0.000000 0.000000
69.622020 36.266921 0.000000 0.000000
73.503396 36.266921 7.138910 -2.211814
77.384772 36.266921 7.683216 -0.801376
81.266148 36.266921 0.000000 0.000000
85.147524 36.266921 6.949062 -0.901784
89.028900 36.266921 8.756850 -1.757677
92.910276 36.266921 9.280316 -1.520947
96.791652 36.266921 10.822301 -2.525651
100.673028 36.266921 8.858896 3.397349
104.554404 36.266921 7.382948 2.219078
108.435780 36.266921 8.108024 -1.253467
112.317156 36.266921 8.815106 -1.550871
116.198532 36.266921 8.921823 -1.457235
120.079908 36.266921 9.393634 2.073110
123.961284 36.266921 8.484121 2.104531
127.842660 36.266921 8.156085 0.605486
131.724036 36.266921 8.950507 -1.124580
135.605412 36.266921 9.277470 -1.056818
139.486788 36.266921 9.884623 -1.703144
-54.582013 32.385545 0.000000 0.000000
-50.700637 32.385545 8.224460 0.080591
-46.819261 32.385545 0.000000 0.000000
-42.937885 32.385545 0.000000 0.000000
-39.056509 32.385545 0.000000 0.000000
-35.175133 32.385545 0.000000 0.000000
-31.293757 32.385545 0.000000 0.000000
-27.412381 32.385545 0.000000 0.000000
-23.531005 32.385545 0.000000 0.000000
-19.649629 32.385545 0.000000 0.000000
-15.768253 32.385545 0.000000 0.000000
-11.886877 32.385545 0.000000 0.000000
-8.005501 32.385545 0.000000 0.000000
-4.124125 32.385545 0.000000 0.000000
-0.242749 32.385545 0.000000 0.000000
3.638627 32.385545 0.000000 0.000000
7.520003 32.385545 0.000000 0.000000
11.401379 32.385545 0.000000 0.000000
15.282755 32.385545 0.000000 0.000000
19.164131 32.385545 0.000000 0.000000
23.045507 32.385545 0.000000 0.000000
26.926883 32.385545 0.000000 0.000000
30.808259 32.385545 0.000000 0.000000
34.689635 32.385545 0.000000 0.000000
38.571011 32.385545 0.000000 0.000000
42.452387 32.385545 0.000000 0.000000
46.333763 32.385545 0.000000 0.000000
50.215140 32.385545 0.000000 0.000000
54.096516 32.385545 0.000000 0.000000
57.977892 32.385545 0.000000 0.000000
61.859268 32.385545 0.000000 0.000000
65.740644 32.385545 0.000000 0.000000
69.622020 32.385545 0.000000 0.000000
73.503396 32.385545 0.000000 0.000000
77.384772 32.385545 9.875356 0.557211
81.266148 32.385545 9.263866 1.752338
85.147524 32.385545 8.396721 0.730599
89.028900 32.385545 8.733148 -0.964012
92.910276 32.385545 8.982285 -0.975484
96.791652 32.385545 0.000000 0.000000
100.673028 32.385545 9.850885 1.060287
104.554404 32.385545 8.830156 1.075463
108.435780 32.385545 8.595372 -0.243036
112.317156 32.385545 9.064678 -0.700671
116.198532 32.385545 10.181401 -1.001416
120.079908 32.385545 9.704584 0.738989
123.961284 32.385545 9.444833 1.054813
127.842660 32.385545 8.838257 0.470886
131.724036 32.385545 9.062800 -0.299131
135.605412 32.385545 9.522634 -0.778346
139.486788 32.385545 10.198154 -0.495290
-54.582013 28.504169 0.000000 0.000000
-50.700637 28.504169 0.000000 0.000000
-46.819261 28.504169 0.000000 0.000000
-42.937885 28.504169 0.000000 0.000000
-39.056509 28.504169 0.000000 0.000000
-35.175133 28.504169 0.000000 0.000000
-31.293757 28.504169 0.000000 0.000000
-27.412381 28.504169 0.000000 0.000000
-23.531005 28.504169 0.000000 0.000000
-19.649629 28.504169 0.000000 0.000000
-15.768253 28.504169 0.000000 0.000000
-11.886877 28.504169 0.000000 0.000000
-8.005501 28.504169 0.000000 0.000000
-4.124125 28.504169 0.000000 0.000000
-0.242749 28.504169 0.000000 0.000000
3.638627 28.504169 0.000000 0.000000
7.520003 28.504169 0.000000 0.000000
11.401379 28.504169 0.000000 0.000000
15.282755 28.504169 0.000000 0.000000
19.164131 28.504169 0.000000 0.000000
23.045507 28.504169 0.000000 0.000000
26.926883 28.504169 0.000000 0.000000
30.808259 28.504169 0.000000 0.000000
34.689635 28.504169 0.000000 0.000000
38.571011 28.504169 0.000000 0.000000
42.452387 28.504169 0.000000 0.000000
46.333763 28.504169 0.000000 0.000000
50.215140 28.504169 0.000000 0.000000
54.096516 28.504169 0.000000 0.000000
57.977892 28.504169 0.000000 0.000000
61.859268 28.504169 0.000000 0.000000
65.740644 28.504169 0.000000 0.000000
69.622020 28.504169 0.000000 0.000000
73.503396 28.504169 0.000000 0.000000
77.384772 28.504169 0.000000 0.000000
81.266148 28.504169 9.332564 0.629572
85.147524 28.504169 8.657343 0.775243
89.028900 28.504169 9.309886 0.381357
92.910276 28.504169 9.679805 0.495072
96.791652 28.504169 10.104156 -0.121435
100.673028 28.504169 9.851792 0.690326
104.554404 28.504169 9.259504 0.165881
108.435780 28.504169 9.403338 0.321022
112.317156 28.504169 9.713052 -0.083591
116.198532 28.504169 10.371012 -0.324279
120.079908 28.504169 10.487327 -0.194790
123.961284 28.504169 9.576818 0.467863
127.842660 28.504169 9.453374 0.320493
131.724036 28.504169 9.364858 0.193905
135.605412 28.504169 9.851897 -0.422608
139.486788 28.504169 10.287902 -0.436231
-54.582013 24.622793 0.000000 0.000000
-50.700637 24.622793 0.000000 0.000000
-46.819261 24.622793 0.000000 0.000000
-42.937885 24.622793 0.000000 0.000000
-39.056509 24.622793 0.000000 0.000000
-35.175133 24.622793 0.000000 0.000000
-31.293757 24.622793 0.000000 0.000000
-27.412381 24.622793 0.000000 0.000000
-23.531005 24.622793 0.000000 0.000000
-19.649629 24.622793 0.000000 0.000000
-15.768253 24.622793 0.000000 0.000000
-11.886877 24.622793 0.000000 0.000000
-8.005501 24.622793 0.000000 0.000000
-4.124125 24.622793 0.000000 0.000000
-0.242749 24.622793 0.000000 0.000000
3.638627 24.622793 0.000000 0.000000
7.520003 24.622793 0.000000 0.000000
11.401379 24.622793 0.000000 0.000000
15.282755 24.622793 0.000000 0.000000
19.164131 24.622793 0.000000 0.000000
23.045507 24.622793 0.000000 0.000000
26.926883 24.622793 0.000000 0.000000
30.808259 24.622793 0.000000 0.000000
34.689635 24.622793 0.000000 0.000000
38.571011 24.622793 0.000000 0.000000
42.452387 24.622793 0.000000 0.000000
46.333763 24.622793 0.000000 0.000000
50.215140 24.622793 0.000000 0.000000
54.096516 24.622793 0.000000 0.000000
57.977892 24.622793 0.000000 0.000000
61.859268 24.622793 0.000000 0.000000
65.740644 24.622793 0.000000 0.000000
69.622020 24.622793 9.831829 0.542463
73.503396 24.622793 10.363833 0.845312
77.384772 24.622793 9.679836 0.531676
81.266148 24.622793 9.432281 0.586182
85.147524 24.622793 9.208808 0.397422
89.028900 24.622793 9.621804 0.379815
92.910276 24.622793 9.547533 0.496809
96.791652 24.622793 9.836178 0.437203
100.673028 24.622793 9.843803 0.255141
104.554404 24.622793 9.506699 0.317143
108.435780 24.622793 9.734147 -0.243901
112.317156 24.622793 9.884356 -0.017299
116.198532 24.622793 9.921709 0.042554
120.079908 24.622793 9.971260 0.267721
123.961284 24.622793 0.000000 0.000000
127.842660 24.622793 9.675493 0.216357
131.724036 24.622793 9.682230 -0.030797
135.605412 24.622793 9.808311 -0.128608
139.486788 24.622793 9.984697 0.107571
-54.582013 20.741417 0.000000 0.000000
-50.700637 20.741417 0.000000 0.000000
-46.819261 20.741417 0.000000 0.000000
-42.937885 20.741417 8.919596 0.146869
-39.056509 20.741417 9.921268 -0.822763
-35.175133 20.741417 9.358294 -0.999477
-31.293757 20.741417 0.000000 0.000000
-27.412381 20.741417 0.000000 0.000000
-23.531005 20.741417 0.000000 0.000000
-19.649629 20.741417 0.000000 0.000000
-15.768253 20.741417 0.000000 0.000000
-11.886877 20.741417 0.000000 0.000000
-8.005501 20.741417 0.000000 0.000000
-4.124125 20.741417 0.000000 0.000000
-0.242749 20.741417 0.000000 0.000000
3.638627 20.741417 0.000000 0.000000
7.520003 20.741417 0.000000 0.000000
11.401379 20.741417 10.806159 0.267872
15.282755 20.741417 10.838458 0.280920
19.164131 20.741417 10.881986 0.139586
23.045507 20.741417 10.710013 0.561113
26.926883 20.741417 10.171003 0.345213
30.808259 20.741417 10.606021 0.407843
34.689635 20.741417 10.725360 0.342810
38.571011 20.741417 10.715985 0.228629
42.452387 20.741417 10.604204 0.577298
46.333763 20.741417 10.380222 0.530800
50.215140 20.741417 10.170341 0.607435
54.096516 20.741417 10.119354 0.790772
57.977892 20.741417 10.316605 0.882915
61.859268 20.741417 9.828516 0.549367
65.740644 20.741417 9.679552 0.764803
69.622020 20.741417 9.859803 0.637442
73.503396 20.741417 9.854300 0.223374
77.384772 20.741417 9.479248 0.482742
81.266148 20.741417 9.739659 0.328517
85.147524 20.741417 9.678892 0.439731
89.028900 20.741417 9.467832 0.330704
92.910276 20.741417 9.466083 0.257726
96.791652 20.741417 10.020809 0.268270
100.673028 20.741417 9.691348 0.519912
104.554404 20.741417 9.431939 0.224119
108.435780 20.741417 9.681733 0.295914
112.317156 20.741417 9.734074 0.148481
116.198532 20.741417 9.667482 0.040096
120.079908 20.741417 10.029539 0.122846
123.961284 20.741417 9.555164 0.087591
127.842660 20.741417 9.912245 -0.017336
131.724036 20.741417 9.587843 0.006461
135.605412 20.741417 9.558845 -0.263593
139.486788 20.741417 9.884461 -0.246685
-54.582013 16.860041 0.000000 0.000000
-50.700637 16.860041 0.000000 0.000000
-46.819261 16.860041 9.648577 -0.552293
-42.937885 16.860041 9.232328 -0.921708
-39.056509 16.860041 9.424554 -0.591724
-35.175133 16.860041 10.294500 -0.517377
-31.293757 16.860041 10.187244 -0.962286
-27.412381 16.860041 10.058870 -0.793323
-23.531005 16.860041 10.362473 -0.680567
-19.649629 16.860041 10.626525 -0.395149
-15.768253 16.860041 10.623542 -0.666827
-11.886877 16.860041 10.670345 -0.336733
-8.005501 16.860041 10.815845 -0.242383
-4.124125 16.860041 10.895008 -0.292629
-0.242749 16.860041 10.763656 -0.160335
3.638627 16.860041 10.947413 0.098018
7.520003 16.860041 10.814693 0.087931
11.401379 16.860041 10.700438 0.275279
15.282755 16.860041 10.608372 0.331536
19.164131 16.860041 10.573697 0.653318
23.045507 16.860041 10.428435 0.316179
26.926883 16.860041 10.481229 0.456121
30.808259 16.860041 10.467354 0.480690
34.689635 16.860041 10.602900 0.343715
38.571011 16.860041 10.318443 0.653419
42.452387 16.860041 10.359506 0.805867
46.333763 16.860041 10.366264 0.637381
50.215140 16.860041 10.214503 0.681988
54.096516 16.860041 10.465834 0.757248
57.977892 16.860041 10.044021 0.594052
61.859268 16.860041 10.171935 0.603366
65.740644 16.860041 10.018683 0.597146
69.622020 16.860041 9.945510 0.647475
73.503396 16.860041 9.767912 0.628516
77.384772 16.860041 9.669117 0.525613
81.266148 16.860041 9.896955 0.579260
85.147524 16.860041 9.568755 0.434994
89.028900 16.860041 9.432871 0.206697
92.910276 16.860041 9.547449 0.274825
96.791652 16.860041 9.627499 0.155270
100.673028 16.860041 9.939998 -0.101517
104.554404 16.860041 9.658999 0.023008
108.435780 16.860041 10.008578 -0.037614
112.317156 16.860041 10.489777 0.454867
116.198532 16.860041 10.042618 -0.074153
120.079908 16.860041 9.558203 0.014470
123.961284 16.860041 9.759238 0.141331
127.842660 16.860041 9.868382 -0.103966
131.724036 16.860041 9.897146 0.220755
135.605412 16.860041 10.163220 0.109167
139.486788 16.860041 10.002274 0.009538
-54.582013 12.978665 0.000000 0.000000
-50.700637 12.978665 9.894036 0.203585
-46.819261 12.978665 9.222260 -0.466697
-42.937885 12.978665 10.132640 -0.306743
-39.056509 12.978665 10.068698 -0.816268
-35.175133 12.978665 9.835203 -0.689221
-31.293757 12.978665 9.484045 -0.965607
-27.412381 12.978665 9.877259 -0.380204
-23.531005 12.978665 10.020155 -0.745203
-19.649629 12.978665 10.434195 -0.570689
-15.768253 12.978665 10.527828 -0.438216
-11.886877 12.978665 10.520349 -0.467268
-8.005501 12.978665 10.697995 -0.340281
-4.124125 12.978665 10.901999 -0.049928
-0.242749 12.978665 10.801840 0.287259
3.638627 12.978665 10.895024 0.052274
7.520003 12.978665 10.777672 0.277730
11.401379 12.978665 10.678223 0.135013
15.282755 12.978665 10.685987 0.369350
19.164131 12.978665 10.589228 0.302559
23.045507 12.978665 10.748334 0.647435
26.926883 12.978665 10.434398 0.287860
30.808259 12.978665 10.843165 0.402388
34.689635 12.978665 10.178144 0.196458
38.571011 12.978665 10.362982 0.464681
42.452387 12.978665 10.115973 0.620514
46.333763 12.978665 10.229963 0.634858
50.215140 12.978665 10.134614 0.698475
54.096516 12.978665 9.935849 0.546311
57.977892 12.978665 9.916089 0.471446
61.859268 12.978665 9.925772 0.630985
65.740644 12.978665 9.877787 0.506342
69.622020 12.978665 10.047485 0.591137
73.503396 12.978665 9.872102 0.581566
77.384772 12.978665 9.624424 0.285699
81.266148 12.978665 9.689445 0.505705
85.147524 12.978665 9.821013 0.152438
89.028900 12.978665 9.857292 0.420733
92.910276 12.978665 9.722895 0.292914
96.791652 12.978665 9.512596 0.505909
100.673028 12.978665 9.583086 0.206730
104.554404 12.978665 9.636645 0.303629
108.435780 12.978665 10.011169 0.155882
112.317156 12.978665 9.689649 0.121809
116.198532 12.978665 10.105498 -0.225726
120.079908 12.978665 9.998260 0.300189
123.961284 12.978665 9.879946 0.240856
127.842660 12.978665 9.754648 0.078574
131.724036 12.978665 9.939174 0.012030
135.605412 12.978665 9.873116 -0.033660
139.486788 12.978665 9.892512 0.114662
-54.582013 9.097289 0.000000 0.000000
-50.700637 9.097289 9.800016 -0.066695
-46.819261 9.097289 9.119527 0.463990
-42.937885 9.097289 10.356554 -0.543060
-39.056509 9.097289 10.172117 -1.208545
-35.175133 9.097289 9.970789 -0.417418
-31.293757 9.097289 10.264906 -0.550516
-27.412381 9.097289 10.079510 -0.521509
-23.531005 9.097289 10.216542 -0.662402
-19.649629 9.097289 10.496112 -0.747054
-15.768253 9.097289 10.452634 -0.460814
-11.886877 9.097289 10.825472 -0.444743
-8.005501 9.097289 10.664438 -0.233245
-4.124125 9.097289 10.735458 -0.100545
-0.242749 9.097289 10.649296 0.087524
3.638627 9.097289 10.534787 -0.092168
7.520003 9.097289 10.597495 0.114749
11.401379 9.097289 10.516008 0.140942
15.282755 9.097289 10.611691 0.504291
19.164131 9.097289 10.528445 -0.018670
23.045507 9.097289 10.549992 0.395423
26.926883 9.097289 10.444510 0.372751
30.808259 9.097289 10.317348 0.358694
34.689635 9.097289 10.433950 0.347397
38.571011 9.097289 10.280431 0.400915
42.452387 9.097289 10.306770 0.582272
46.333763 9.097289 10.192716 0.493893
50.215140 9.097289 10.072948 0.544953
54.096516 9.097289 10.026192 0.493704
57.977892 9.097289 9.928600 0.563035
61.859268 9.097289 10.057609 0.525973
65.740644 9.097289 10.154102 0.638178
69.622020 9.097289 10.020732 0.493300
73.503396 9.097289 9.871025 0.254619
77.384772 9.097289 9.928671 0.256981
81.266148 9.097289 9.845327 0.553880
85.147524 9.097289 9.943449 0.259704
89.028900 9.097289 9.716321 0.304422
92.910276 9.097289 9.784019 0.271356
96.791652 9.097289 9.782302 0.324442
100.673028 9.097289 10.036591 0.581665
104.554404 9.097289 9.515927 0.232628
108.435780 9.097289 10.125289 0.258866
112.317156 9.097289 9.868348 0.196729
116.198532 9.097289 9.835036 0.182992
120.079908 9.097289 9.829679 0.402657
123.961284 9.097289 9.869214 0.307847
127.842660 9.097289 9.974947 0.158894
131.724036 9.097289 9.967901 -0.046470
135.605412 9.097289 9.941669 0.061196
139.486788 9.097289 9.784692 0.179253
-54.582013 5.215913 0.000000 0.000000
-50.700637 5.215913 0.000000 0.000000
-46.819261 5.215913 9.633030 -0.580738
-42.937885 5.215913 9.739413 0.116883
-39.056509 5.215913 10.079735 0.123236
-35.175133 5.215913 10.110951 -0.796491
-31.293757 5.215913 10.070132 -0.308159
-27.412381 5.215913 10.465392 -0.581978
-23.531005 5.215913 10.315870 -0.332444
-19.649629 5.215913 10.387036 -0.102822
-15.768253 5.215913 10.568018 -0.185341
-11.886877 5.215913 10.636096 -0.407259
-8.005501 5.215913 10.473313 -0.071704
-4.124125 5.215913 10.595052 -0.119194
-0.242749 5.215913 10.709785 -0.024245
3.638627 5.215913 10.679818 0.105586
7.520003 5.215913 10.462286 0.383034
11.401379 5.215913 10.475797 -0.008822
15.282755 5.215913 10.606224 0.250707
19.164131 5.215913 10.331423 0.256846
23.045507 5.215913 10.405849 0.300447
26.926883 5.215913 10.392746 0.349166
30.808259 5.215913 10.259449 0.441114
34.689635 5.215913 10.322610 0.550755
38.571011 5.215913 10.140974 0.408277
42.452387 5.215913 10.286835 -0.306141
46.333763 5.215913 10.079460 0.384988
50.215140 5.215913 10.353836 0.410404
54.096516 5.215913 10.031448 0.473000
57.977892 5.215913 10.050838 0.538388
61.859268 5.215913 10.107324 0.479439
65.740644 5.215913 9.832880 0.549964
69.622020 5.215913 10.070571 0.323752
73.503396 5.215913 9.667044 0.413569
77.384772 5.215913 9.638801 0.305709
81.266148 5.215913 9.728971 0.348106
85.147524 5.215913 9.922786 0.309093
89.028900 5.215913 9.905810 0.315227
92.910276 5.215913 9.819684 0.322103
96.791652 5.215913 9.676844 0.244165
100.673028 5.215913 9.665137 0.389072
104.554404 5.215913 9.743130 0.197641
108.435780 5.215913 9.754086 0.231672
112.317156 5.215913 9.825486 0.173727
116.198532 5.215913 9.837881 0.168872
120.079908 5.215913 9.807099 0.078282
123.961284 5.215913 9.655267 0.232617
127.842660 5.215913 9.959643 -0.119013
131.724036 5.215913 9.766410 0.004079
135.605412 5.215913 10.038706 0.187807
139.486788 5.215913 9.804191 0.021992
-54.582013 1.334537 0.000000 0.000000
-50.700637 1.334537 0.000000 0.000000
-46.819261 1.334537 9.687973 -0.570282
-42.937885 1.334537 9.844441 -0.435195
-39.056509 1.334537 9.506186 -0.189494
-35.175133 1.334537 9.662982 -0.239880
-31.293757 1.334537 10.339086 -0.613823
-27.412381 1.334537 10.520360 -0.599447
-23.531005 1.334537 10.332574 -0.391390
-19.649629 1.334537 10.290175 -0.268677
-15.768253 1.334537 10.420295 -0.142604
-11.886877 1.334537 10.411991 0.324540
-8.005501 1.334537 10.507793 -0.080827
-4.124125 1.334537 10.483974 -0.210308
-0.242749 1.334537 10.340118 -0.047943
3.638627 1.334537 10.487343 -0.031490
7.520003 1.334537 10.573997 0.224995
11.401379 1.334537 10.602403 0.263672
15.282755 1.334537 10.438263 0.254042
19.164131 1.334537 10.502071 0.273008
23.045507 1.334537 10.430267 0.276566
26.926883 1.334537 10.364605 0.332566
30.808259 1.334537 10.539158 -0.004695
34.689635 1.334537 10.428935 0.502186
38.571011 1.334537 10.396966 0.564943
42.452387 1.334537 10.230250 0.275585
46.333763 1.334537 10.415815 0.716614
50.215140 1.334537 10.214503 0.608143
54.096516 1.334537 10.312342 0.566542
57.977892 1.334537 10.183860 0.676855
61.859268 1.334537 10.020355 0.447120
65.740644 1.334537 10.007771 0.390896
69.622020 1.334537 9.962294 0.536049
73.503396 1.334537 9.976245 0.380458
77.384772 1.334537 10.022243 0.378178
81.266148 1.334537 9.877722 0.373471
85.147524 1.334537 9.880220 0.345563
89.028900 1.334537 9.886395 0.389275
92.910276 1.334537 10.045850 0.327530
96.791652 1.334537 9.731226 0.402567
100.673028 1.334537 9.737784 0.211605
104.554404 1.334537 9.774297 0.255501
108.435780 1.334537 9.980579 0.168915
112.317156 1.334537 9.837844 0.262976
116.198532 1.334537 9.773437 0.240323
120.079908 1.334537 9.721189 0.124513
123.961284 1.334537 9.894675 0.202157
127.842660 1.334537 9.939992 0.194579
131.724036 1.334537 9.848372 0.283526
135.605412 1.334537 9.719082 0.016211
139.486788 1.334537 9.962901 0.163401
-54.582013 -2.546839 0.000000 0.000000
-50.700637 -2.546839 0.000000 0.000000
-46.819261 -2.546839 0.000000 0.000000
-42.937885 -2.546839 10.034298 0.250336
-39.056509 -2.546839 10.213263 -0.330957
-35.175133 -2.546839 10.278846 -0.062305
-31.293757 -2.546839 10.171534 -0.193958
-27.412381 -2.546839 10.149652 -0.005753
-23.531005 -2.546839 10.199749 -0.285605
-19.649629 -2.546839 10.264878 -0.458226
-15.768253 -2.546839 10.360780 -0.309554
-11.886877 -2.546839 10.545664 0.140228
-8.005501 -2.546839 10.442387 -0.329208
-4.124125 -2.546839 10.350348 0.250004
-0.242749 -2.546839 10.338219 -0.030729
3.638627 -2.546839 10.446841 0.116601
7.520003 -2.546839 10.443377 0.016171
11.401379 -2.546839 10.446419 0.332014
15.282755 -2.546839 10.456607 0.412268
19.164131 -2.546839 10.382573 0.069773
23.045507 -2.546839 10.390482 0.293103
26.926883 -2.546839 10.387851 0.221480
30.808259 -2.546839 10.368689 0.538820
34.689635 -2.546839 10.285123 0.475525
38.571011 -2.546839 10.490137 0.408476
42.452387 -2.546839 10.171226 0.459810
46.333763 -2.546839 10.192102 0.612986
50.215140 -2.546839 10.117349 0.402094
54.096516 -2.546839 10.078618 0.423268
57.977892 -2.546839 10.198849 0.336235
61.859268 -2.546839 10.058278 0.393566
65.740644 -2.546839 10.089365 0.335745
69.622020 -2.546839 10.036679 0.502056
73.503396 -2.546839 9.890230 0.375748
77.384772 -2.546839 9.975629 0.498436
81.266148 -2.546839 10.000654 0.396011
85.147524 -2.546839 10.031364 0.248502
89.028900 -2.546839 9.880847 0.400161
92.910276 -2.546839 9.779389 0.275056
96.791652 -2.546839 9.626706 0.244331
100.673028 -2.546839 9.937304 0.232784
104.554404 -2.546839 9.867722 0.263496
108.435780 -2.546839 9.876809 0.212822
112.317156 -2.546839 9.880363 0.129202
116.198532 -2.546839 9.888244 0.216264
120.079908 -2.546839 10.014723 -0.029542
123.961284 -2.546839 9.824651 0.290504
127.842660 -2.546839 9.853569 0.199346
131.724036 -2.546839 9.837872 0.109253
135.605412 -2.546839 9.762292 0.275125
139.486788 -2.546839 9.935510 0.134557
-54.582013 -6.428215 0.000000 0.000000
-50.700637 -6.428215 0.000000 0.000000
-46.819261 -6.428215 10.532125 0.513337
-42.937885 -6.428215 9.899845 -0.316546
-39.056509 -6.428215 9.864451 -0.624857
-35.175133 -6.428215 9.930507 -0.056595
-31.293757 -6.428215 10.074405 -0.265301
-27.412381 -6.428215 9.952537 0.266403
-23.531005 -6.428215 10.281162 -0.070371
-19.649629 -6.428215 10.198179 -0.272958
-15.768253 -6.428215 10.422497 -0.545494
-11.886877 -6.428215 10.322037 -0.030490
-8.005501 -6.428215 10.416732 0.287604
-4.124125 -6.428215 10.379368 -0.066358
-0.242749 -6.428215 10.234692 0.224978
3.638627 -6.428215 10.418913 0.052531
7.520003 -6.428215 10.391549 0.156263
11.401379 -6.428215 10.277062 0.163853
15.282755 -6.428215 10.358318 0.119215
19.164131 -6.428215 10.384460 0.252334
23.045507 -6.428215 10.294586 0.237682
26.926883 -6.428215 10.321373 0.267212
30.808259 -6.428215 10.364123 0.220051
34.689635 -6.428215 10.279318 0.312161
38.571011 -6.428215 10.349977 0.417901
42.452387 -6.428215 10.198204 0.467615
46.333763 -6.428215 10.148273 0.411624
50.215140 -6.428215 10.214105 0.364982
54.096516 -6.428215 10.015914 0.365053
57.977892 -6.428215 10.216119 0.344169
61.859268 -6.428215 10.112346 0.299846
65.740644 -6.428215 9.988155 0.291730
69.622020 -6.428215 10.105680 0.453084
73.503396 -6.428215 10.098145 0.423538
77.384772 -6.428215 10.037543 0.374512
81.266148 -6.428215 10.051017 0.363213
85.147524 -6.428215 9.959243 0.244814
89.028900 -6.428215 9.841632 0.385585
92.910276 -6.428215 9.783449 -0.003385
96.791652 -6.428215 9.970128 0.283209
100.673028 -6.428215 9.940717 0.183707
104.554404 -6.428215 10.040554 0.250829
108.435780 -6.428215 9.994963 0.329362
112.317156 -6.428215 9.931055 0.139185
116.198532 -6.428215 9.912254 0.179002
120.079908 -6.428215 9.992458 0.102583
123.961284 -6.428215 9.963077 0.211013
127.842660 -6.428215 9.926392 0.110291
131.724036 -6.428215 9.986536 0.231903
135.605412 -6.428215 9.897831 0.187122
139.486788 -6.428215 9.886600 0.049974
-54.582013 -10.309591 0.000000 0.000000
-50.700637 -10.309591 9.656408 -0.348595
-46.819261 -10.309591 9.865217 -0.184716
-42.937885 -10.309591 10.151108 -0.182063
-39.056509 -10.309591 10.038515 -0.430310
-35.175133 -10.309591 10.126433 -0.036220
-31.293757 -10.309591 10.426557 -0.034411
-27.412381 -10.309591 10.362615 -0.451429
-23.531005 -10.309591 10.072813 0.123164
-19.649629 -10.309591 10.025433 -0.047648
-15.768253 -10.309591 10.256183 -0.352668
-11.886877 -10.309591 10.286557 -0.049976
-8.005501 -10.309591 10.393529 -0.016412
-4.124125 -10.309591 10.467918 -0.290296
-0.242749 -10.309591 10.238597 0.107467
3.638627 -10.309591 10.378878 -0.097063
7.520003 -10.309591 10.321425 0.104238
11.401379 -10.309591 10.496094 0.259051
15.282755 -10.309591 10.343978 0.278316
19.164131 -10.309591 10.445635 0.271095
23.045507 -10.309591 10.280603 0.272022
26.926883 -10.309591 10.360628 0.373878
30.808259 -10.309591 10.319486 0.162442
34.689635 -10.309591 10.205036 0.103794
38.571011 -10.309591 10.319723 0.402758
42.452387 -10.309591 10.282152 0.319040
46.333763 -10.309591 10.233507 0.339414
50.215140 -10.309591 10.194428 0.364837
54.096516 -10.309591 10.122935 0.403886
57.977892 -10.309591 10.083131 0.359632
61.859268 -10.309591 9.985305 0.524033
65.740644 -10.309591 9.878876 0.254793
69.622020 -10.309591 10.123620 0.446155
73.503396 -10.309591 9.990629 0.375726
77.384772 -10.309591 9.924858 0.340444
81.266148 -10.309591 10.029742 0.453260
85.147524 -10.309591 9.802269 0.235414
89.028900 -10.309591 9.840305 0.287797
92.910276 -10.309591 9.932854 0.373522
96.791652 -10.309591 9.982516 0.273936
100.673028 -10.309591 9.759654 0.308635
104.554404 -10.309591 9.856900 0.244371
108.435780 -10.309591 9.861534 0.199769
112.317156 -10.309591 9.878558 0.227526
116.198532 -10.309591 10.009738 0.103909
120.079908 -10.309591 9.898251 0.320059
123.961284 -10.309591 9.933461 0.212974
127.842660 -10.309591 9.995392 0.290385
131.724036 -10.309591 9.927739 0.111320
135.605412 -10.309591 10.052523 0.412441
139.486788 -10.309591 9.883774 0.090400
-54.582013 -14.190967 0.000000 0.000000
-50.700637 -14.190967 0.000000 0.000000
-46.819261 -14.190967 0.000000 0.000000
-42.937885 -14.190967 10.195517 -0.225493
-39.056509 -14.190967 10.198160 -0.209356
-35.175133 -14.190967 10.014850 -0.036951
-31.293757 -14.190967 0.000000 0.000000
-27.412381 -14.190967 10.106349 -0.273962
-23.531005 -14.190967 10.132096 -0.213730
-19.649629 -14.190967 10.134244 -0.107782
-15.768253 -14.190967 10.275807 0.369275
-11.886877 -14.190967 10.249949 0.045733
-8.005501 -14.190967 10.366175 -0.051600
-4.124125 -14.190967 10.364960 0.068778
-0.242749 -14.190967 10.276421 0.124078
3.638627 -14.190967 10.458628 0.217868
7.520003 -14.190967 10.244044 0.234439
11.401379 -14.190967 10.346689 0.163972
15.282755 -14.190967 10.222665 0.214736
19.164131 -14.190967 10.415727 0.404888
23.045507 -14.190967 10.286798 0.393862
26.926883 -14.190967 10.378668 0.263206
30.808259 -14.190967 9.946556 0.246796
34.689635 -14.190967 10.267599 0.323742
38.571011 -14.190967 10.383023 0.352847
42.452387 -14.190967 10.233107 0.346104
46.333763 -14.190967 10.297310 0.446122
50.215140 -14.190967 10.227792 0.386362
54.096516 -14.190967 10.110434 0.270637
57.977892 -14.190967 10.101374 0.344417
61.859268 -14.190967 10.173138 0.411533
65.740644 -14.190967 10.130342 0.337629
69.622020 -14.190967 9.970412 0.342191
73.503396 -14.190967 9.946294 0.232519
77.384772 -14.190967 9.948298 0.295644
81.266148 -14.190967 10.042738 0.345631
85.147524 -14.190967 10.001629 0.234425
89.028900 -14.190967 10.018925 0.212552
92.910276 -14.190967 9.921335 0.390432
96.791652 -14.190967 9.885730 0.285201
100.673028 -14.190967 9.994522 0.229030
104.554404 -14.190967 10.038815 0.336705
108.435780 -14.190967 9.960659 0.166390
112.317156 -14.190967 9.887741 0.216688
116.198532 -14.190967 9.843062 0.206276
120.079908 -14.190967 10.016679 0.155612
123.961284 -14.190967 9.934476 -0.023335
127.842660 -14.190967 9.948678 0.236651
131.724036 -14.190967 10.118444 0.158467
135.605412 -14.190967 9.875871 0.191639
139.486788 -14.190967 9.753475 0.333915
-54.582013 -18.072343 0.000000 0.000000
-50.700637 -18.072343 0.000000 0.000000
-46.819261 -18.072343 8.954301 0.814212
-42.937885 -18.072343 9.680129 -0.205840
-39.056509 -18.072343 10.004522 0.463814
-35.175133 -18.072343 10.030587 0.041064
-31.293757 -18.072343 10.145978 0.181334
-27.412381 -18.072343 9.791780 -0.210374
-23.531005 -18.072343 10.132251 0.022908
-19.649629 -18.072343 10.078960 0.294747
-15.768253 -18.072343 10.246928 0.270347
-11.886877 -18.072343 10.245618 0.407066
-8.005501 -18.072343 10.285253 -0.302423
-4.124125 -18.072343 10.399705 0.324574
-0.242749 -18.072343 10.343157 -0.022666
3.638627 -18.072343 10.372144 0.069838
7.520003 -18.072343 10.212714 0.071064
11.401379 -18.072343 10.330649 0.163653
15.282755 -18.072343 10.204252 0.032856
19.164131 -18.072343 10.392567 0.372819
23.045507 -18.072343 10.403271 0.379412
26.926883 -18.072343 10.408996 0.259067
30.808259 -18.072343 10.265023 0.275398
34.689635 -18.072343 10.136708 0.145395
38.571011 -18.072343 10.190125 0.311768
42.452387 -18.072343 10.200326 0.252848
46.333763 -18.072343 10.154519 0.322590
50.215140 -18.072343 10.078513 0.433583
54.096516 -18.072343 10.242625 0.430417
57.977892 -18.072343 10.108003 0.357811
61.859268 -18.072343 10.118562 0.289646
65.740644 -18.072343 10.097648 0.399026
69.622020 -18.072343 10.013298 0.298171
73.503396 -18.072343 10.111078 0.246395
77.384772 -18.072343 10.034310 0.149636
81.266148 -18.072343 10.075907 0.275741
85.147524 -18.072343 9.961596 0.292681
89.028900 -18.072343 10.077736 0.312486
92.910276 -18.072343 9.935482 0.345625
96.791652 -18.072343 9.994695 0.231649
100.673028 -18.072343 9.818457 0.321207
104.554404 -18.072343 9.797047 0.243184
108.435780 -18.072343 9.873561 0.369498
112.317156 -18.072343 9.904093 0.213716
116.198532 -18.072343 9.929467 0.239636
120.079908 -18.072343 9.914713 0.277247
123.961284 -18.072343 9.993890 0.351267
127.842660 -18.072343 9.829713 0.276015
131.724036 -18.072343 9.871802 0.133101
135.605412 -18.072343 10.020667 0.256978
139.486788 -18.072343 9.959258 0.049387
-54.582013 -21.953719 0.000000 0.000000
-50.700637 -21.953719 0.000000 0.000000
-46.819261 -21.953719 0.000000 0.000000
-42.937885 -21.953719 10.229183 0.434717
-39.056509 -21.953719 10.485754 -0.661319
-35.175133 -21.953719 10.153137 -0.089077
-31.293757 -21.953719 10.273639 -0.142583
-27.412381 -21.953719 9.984376 -0.048878
-23.531005 -21.953719 10.249563 -0.244779
-19.649629 -21.953719 10.132168 -0.023636
-15.768253 -21.953719 10.341612 -0.145672
-11.886877 -21.953719 10.204080 -0.027802
-8.005501 -21.953719 10.204410 0.130992
-4.124125 -21.953719 10.013066 0.350255
-0.242749 -21.953719 10.095059 0.240374
3.638627 -21.953719 10.273358 0.144451
7.520003 -21.953719 10.294358 0.263362
11.401379 -21.953719 10.309491 0.105265
15.282755 -21.953719 10.337102 0.138215
19.164131 -21.953719 10.530034 0.170834
23.045507 -21.953719 10.256741 0.190250
26.926883 -21.953719 10.303476 0.332433
30.808259 -21.953719 10.339635 0.260362
34.689635 -21.953719 10.073658 0.366162
38.571011 -21.953719 10.221033 0.417295
42.452387 -21.953719 10.200989 0.315839
46.333763 -21.953719 10.183897 0.326859
50.215140 -21.953719 10.073853 0.129078
54.096516 -21.953719 10.157348 0.239738
57.977892 -21.953719 10.076382 0.261047
61.859268 -21.953719 10.140632 0.256583
65.740644 -21.953719 10.278466 0.355491
69.622020 -21.953719 9.972214 0.314073
73.503396 -21.953719 9.928313 0.235117
77.384772 -21.953719 10.225333 0.263049
81.266148 -21.953719 9.981215 0.397132
85.147524 -21.953719 9.988361 0.276870
89.028900 -21.953719 10.060919 0.385694
92.910276 -21.953719 10.024347 0.299768
96.791652 -21.953719 10.104057 0.266191
100.673028 -21.953719 9.796735 0.294478
104.554404 -21.953719 10.050172 0.199294
108.435780 -21.953719 10.043552 0.364137
112.317156 -21.953719 10.021334 0.260817
116.198532 -21.953719 9.996546 0.298100
120.079908 -21.953719 9.947037 0.283711
123.961284 -21.953719 10.104347 0.055072
127.842660 -21.953719 9.854149 0.303327
131.724036 -21.953719 9.862012 0.336596
135.605412 -21.953719 9.759259 0.163710
139.486788 -21.953719 9.542221 0.146992
-54.582013 -25.835095 0.000000 0.000000
-50.700637 -25.835095 0.000000 0.000000
-46.819261 -25.835095 0.000000 0.000000
-42.937885 -25.835095 9.208732 0.475119
-39.056509 -25.835095 10.100199 0.037889
-35.175133 -25.835095 10.386660 -0.151962
-31.293757 -25.835095 10.209139 -0.215778
-27.412381 -25.835095 10.407629 0.120913
-23.531005 -25.835095 10.139432 0.093645
-19.649629 -25.835095 10.157708 -0.133347
-15.768253 -25.835095 10.296767 -0.328198
-11.886877 -25.835095 10.129987 0.022646
-8.005501 -25.835095 10.190378 -0.052513
-4.124125 -25.835095 10.246645 -0.214531
-0.242749 -25.835095 10.322647 0.104213
3.638627 -25.835095 10.280181 0.005492
7.520003 -25.835095 10.313572 0.182123
11.401379 -25.835095 10.227409 0.263825
15.282755 -25.835095 10.139250 -0.123578
19.164131 -25.835095 10.219062 0.121945
23.045507 -25.835095 10.247352 0.335556
26.926883 -25.835095 10.243560 0.385563
30.808259 -25.835095 10.372344 0.260231
34.689635 -25.835095 10.296360 0.406906
38.571011 -25.835095 10.316752 0.323895
42.452387 -25.835095 10.210755 0.170650
46.333763 -25.835095 10.317614 0.160563
50.215140 -25.835095 10.127630 0.328190
54.096516 -25.835095 10.175896 0.473031
57.977892 -25.835095 10.084739 0.237633
61.859268 -25.835095 10.021611 0.259340
65.740644 -25.835095 10.165232 0.261133
69.622020 -25.835095 10.010568 0.238602
73.503396 -25.835095 10.074815 0.474594
77.384772 -25.835095 10.042763 0.301106
81.266148 -25.835095 10.072958 0.240343
85.147524 -25.835095 10.032404 0.099085
89.028900 -25.835095 10.088523 0.335490
92.910276 -25.835095 10.091191 0.208005
96.791652 -25.835095 9.934359 0.236456
100.673028 -25.835095 10.016019 0.336530
104.554404 -25.835095 9.856262 0.314541
108.435780 -25.835095 10.087234 0.302207
112.317156 -25.835095 10.005164 0.117782
116.198532 -25.835095 9.887472 0.102901
120.079908 -25.835095 10.008226 0.254558
123.961284 -25.835095 9.911767 -0.118407
127.842660 -25.835095 10.074025 0.300484
131.724036 -25.835095 9.904728 0.229010
135.605412 -25.835095 10.057168 0.280675
139.486788 -25.835095 9.910197 0.329978
-54.582013 -29.716471 0.000000 0.000000
-50.700637 -29.716471 0.000000 0.000000
-46.819261 -29.716471 0.000000 0.000000
-42.937885 -29.716471 9.224725 1.817621
-39.056509 -29.716471 9.956263 -0.571285
-35.175133 -29.716471 10.281717 -0.013441
-31.293757 -29.716471 10.074359 0.002549
-27.412381 -29.716471 10.564644 -0.055212
-23.531005 -29.716471 10.238705 0.162428
-19.649629 -29.716471 10.159961 0.192283
-15.768253 -29.716471 10.141933 0.338086
-11.886877 -29.716471 10.255588 0.092385
-8.005501 -29.716471 10.204857 0.167024
-4.124125 -29.716471 10.141810 0.078555
-0.242749 -29.716471 10.264856 -0.016073
3.638627 -29.716471 10.238767 0.390546
7.520003 -29.716471 10.343734 -0.083117
11.401379 -29.716471 10.152276 0.084231
15.282755 -29.716471 10.282387 0.317016
19.164131 -29.716471 10.236835 0.182734
23.045507 -29.716471 10.385877 0.134771
26.926883 -29.716471 10.308322 0.436612
30.808259 -29.716471 10.171898 0.227909
34.689635 -29.716471 10.286341 0.253480
38.571011 -29.716471 10.249930 0.154394
42.452387 -29.716471 10.153252 0.214179
46.333763 -29.716471 10.072813 0.325024
50.215140 -29.716471 10.262222 0.287266
54.096516 -29.716471 10.165337 0.385781
57.977892 -29.716471 10.051199 0.202818
61.859268 -29.716471 10.159859 0.379946
65.740644 -29.716471 10.029033 0.445792
69.622020 -29.716471 10.061286 0.191650
73.503396 -29.716471 10.039577 0.311168
77.384772 -29.716471 9.854649 0.270554
81.266148 -29.716471 10.086978 0.309096
85.147524 -29.716471 10.054052 0.157182
89.028900 -29.716471 10.026938 0.223752
92.910276 -29.716471 10.096756 0.228027
96.791652 -29.716471 10.028333 0.310845
100.673028 -29.716471 9.902784 0.267819
104.554404 -29.716471 9.983458 0.356188
108.435780 -29.716471 9.936339 0.105556
112.317156 -29.716471 9.998745 0.122747
116.198532 -29.716471 9.874653 0.224230
120.079908 -29.716471 9.976214 0.262757
123.961284 -29.716471 9.841724 0.295547
127.842660 -29.716471 9.937607 0.405161
131.724036 -29.716471 9.936922 0.426569
135.605412 -29.716471 9.606372 0.151479
139.486788 -29.716471 9.794301 0.208360
-54.582013 -33.597847 0.000000 0.000000
-50.700637 -33.597847 0.000000 0.000000
-46.819261 -33.597847 9.941302 -0.068732
-42.937885 -33.597847 11.406056 -1.156316
-39.056509 -33.597847 10.206008 -0.440522
-35.175133 -33.597847 9.499308 0.316008
-31.293757 -33.597847 10.415390 -0.001939
-27.412381 -33.597847 9.982181 -0.157401
-23.531005 -33.597847 10.200338 -0.066232
-19.649629 -33.597847 10.243277 0.208020
-15.768253 -33.597847 10.298439 0.341209
-11.886877 -33.597847 10.193089 0.013572
-8.005501 -33.597847 10.278833 0.120100
-4.124125 -33.597847 10.093150 0.192987
-0.242749 -33.597847 10.283219 0.045790
3.638627 -33.597847 10.157360 0.061050
7.520003 -33.597847 10.214151 0.190265
11.401379 -33.597847 10.375438 0.064504
15.282755 -33.597847 10.246870 0.341332
19.164131 -33.597847 10.298599 0.372851
23.045507 -33.597847 10.165257 0.168519
26.926883 -33.597847 10.179246 0.255977
30.808259 -33.597847 10.350884 0.376753
34.689635 -33.597847 10.192080 0.186186
38.571011 -33.597847 10.193222 0.217631
42.452387 -33.597847 10.251885 0.255063
46.333763 -33.597847 10.228554 0.305190
50.215140 -33.597847 10.056711 0.210448
54.096516 -33.597847 10.139256 0.407020
57.977892 -33.597847 10.169467 0.454145
61.859268 -33.597847 10.064898 0.368443
65.740644 -33.597847 10.185846 0.159316
69.622020 -33.597847 9.999615 0.230824
73.503396 -33.597847 9.901048 0.270142
77.384772 -33.597847 10.037028 0.496587
81.266148 -33.597847 9.857416 0.179372
85.147524 -33.597847 9.741927 0.339909
89.028900 -33.597847 10.121001 0.318674
92.910276 -33.597847 10.023515 0.254423
96.791652 -33.597847 9.975197 0.278861
100.673028 -33.597847 9.954761 0.222292
104.554404 -33.597847 9.874748 0.309720
108.435780 -33.597847 9.920759 0.171352
112.317156 -33.597847 9.807494 0.385435
116.198532 -33.597847 9.930531 0.255968
120.079908 -33.597847 9.902486 0.286053
123.961284 -33.597847 10.083060 -0.019157
127.842660 -33.597847 10.027818 0.052567
131.724036 -33.597847 10.016481 0.181855
135.605412 -33.597847 9.786398 0.278896
139.486788 -33.597847 9.794270 0.286406
-54.582013 -37.479223 0.000000 0.000000
-50.700637 -37.479223 0.000000 0.000000
-46.819261 -37.479223 10.885902 -0.670448
-42.937885 -37.479223 9.914513 -0.232278
-39.056509 -37.479223 10.712422 -0.355676
-35.175133 -37.479223 10.017034 -0.348174
-31.293757 -37.479223 10.111136 0.472343
-27.412381 -37.479223 10.348978 0.079921
-23.531005 -37.479223 10.426649 -0.191416
-19.649629 -37.479223 10.149947 0.089290
-15.768253 -37.479223 10.132967 -0.031482
-11.886877 -37.479223 10.288741 0.143047
-8.005501 -37.479223 10.320245 0.024995
-4.124125 -37.479223 10.195653 0.132479
-0.242749 -37.479223 10.230845 0.010351
3.638627 -37.479223 10.194481 0.029511
7.520003 -37.479223 10.286755 0.112137
11.401379 -37.479223 10.225826 0.145444
15.282755 -37.479223 10.150364 0.070643
19.164131 -37.479223 10.140761 0.160335
23.045507 -37.479223 10.186241 0.292811
26.926883 -37.479223 10.097466 0.204413
30.808259 -37.479223 10.336260 0.240947
34.689635 -37.479223 10.222075 0.091146
38.571011 -37.479223 10.085657 0.135163
42.452387 -37.479223 10.114597 0.305288
46.333763 -37.479223 10.096629 0.348185
50.215140 -37.479223 10.086144 0.211332
54.096516 -37.479223 10.131566 0.244197
57.977892 -37.479223 9.887485 0.398668
61.859268 -37.479223 10.189379 0.339574
65.740644 -37.479223 10.173150 0.386140
69.622020 -37.479223 9.948144 0.299812
73.503396 -37.479223 10.156928 0.240266
77.384772 -37.479223 10.152372 0.154076
81.266148 -37.479223 9.918483 0.131514
85.147524 -37.479223 10.098080 0.105117
89.028900 -37.479223 10.077928 0.284000
92.910276 -37.479223 9.942676 0.195747
96.791652 -37.479223 9.986597 0.228228
100.673028 -37.479223 9.907587 0.210562
104.554404 -37.479223 9.939550 0.245289
108.435780 -37.479223 9.900974 0.120665
112.317156 -37.479223 9.969947 0.183477
116.198532 -37.479223 10.080849 0.243574
120.079908 -37.479223 9.715559 0.314235
123.961284 -37.479223 9.933810 0.394162
127.842660 -37.479223 9.708961 0.221607
131.724036 -37.479223 9.741338 0.080353
135.605412 -37.479223 9.956392 0.228256
139.486788 -37.479223 9.753531 0.023457
-54.582013 -41.360599 0.000000 0.000000
-50.700637 -41.360599 0.000000 0.000000
-46.819261 -41.360599 0.000000 0.000000
-42.937885 -41.360599 0.000000 0.000000
-39.056509 -41.360599 0.000000 0.000000
-35.175133 -41.360599 9.794939 -0.022131
-31.293757 -41.360599 9.890881 -0.208462
-27.412381 -41.360599 9.594243 -0.471989
-23.531005 -41.360599 10.188457 0.266612
-19.649629 -41.360599 10.194796 0.350788
-15.768253 -41.360599 10.195434 0.080839
-11.886877 -41.360599 10.128247 0.323938
-8.005501 -41.360599 9.945445 0.292958
-4.124125 -41.360599 10.226595 0.255464
-0.242749 -41.360599 10.196504 0.157122
3.638627 -41.360599 10.291909 -0.065095
7.520003 -41.360599 10.219476 0.349362
11.401379 -41.360599 10.197226 0.380780
15.282755 -41.360599 10.161651 0.132013
19.164131 -41.360599 10.178734 0.188083
23.045507 -41.360599 10.186309 0.181948
26.926883 -41.360599 10.100816 0.113240
30.808259 -41.360599 10.258557 0.279138
34.689635 -41.360599 10.258342 0.393768
38.571011 -41.360599 10.004945 0.270076
42.452387 -41.360599 10.205231 0.259855
46.333763 -41.360599 10.182010 0.299431
50.215140 -41.360599 10.216977 0.348555
54.096516 -41.360599 10.147267 0.387597
57.977892 -41.360599 10.296252 0.236095
61.859268 -41.360599 10.048333 0.370763
65.740644 -41.360599 10.071363 0.323133
69.622020 -41.360599 10.203732 0.258891
73.503396 -41.360599 9.895638 0.439185
77.384772 -41.360599 9.979731 0.203515
81.266148 -41.360599 9.867771 0.556404
85.147524 -41.360599 9.964443 0.415085
89.028900 -41.360599 9.845910 0.083739
92.910276 -41.360599 9.652376 0.656624
96.791652 -41.360599 10.101068 0.170571
100.673028 -41.360599 10.038154 0.322874
104.554404 -41.360599 9.882161 0.376570
108.435780 -41.360599 10.007619 0.312517
112.317156 -41.360599 9.896640 0.237419
116.198532 -41.360599 9.944178 0.237878
120.079908 -41.360599 9.962806 0.160815
123.961284 -41.360599 9.976644 0.148903
127.842660 -41.360599 10.167157 0.288068
131.724036 -41.360599 9.995685 0.308712
135.605412 -41.360599 9.807759 0.180172
139.486788 -41.360599 9.552268 0.158566
-54.582013 -45.241975 0.000000 0.000000
-50.700637 -45.241975 0.000000 0.000000
-46.819261 -45.241975 0.000000 0.000000
-42.937885 -45.241975 0.000000 0.000000
-39.056509 -45.241975 0.000000 0.000000
-35.175133 -45.241975 0.000000 0.000000
-31.293757 -45.241975 0.000000 0.000000
-27.412381 -45.241975 0.000000 0.000000
-23.531005 -45.241975 0.000000 0.000000
-19.649629 -45.241975 0.000000 0.000000
-15.768253 -45.241975 0.000000 0.000000
-11.886877 -45.241975 0.000000 0.000000
-8.005501 -45.241975 0.000000 0.000000
-4.124125 -45.241975 0.000000 0.000000
-0.242749 -45.241975 0.000000 0.000000
3.638627 -45.241975 0.000000 0.000000
7.520003 -45.241975 0.000000 0.000000
11.401379 -45.241975 0.000000 0.000000
15.282755 -45.241975 0.000000 0.000000
19.164131 -45.241975 0.000000 0.000000
23.045507 -45.241975 0.000000 0.000000
26.926883 -45.241975 0.000000 0.000000
30.808259 -45.241975 0.000000 0.000000
34.689635 -45.241975 0.000000 0.000000
38.571011 -45.241975 0.000000 0.000000
42.452387 -45.241975 0.000000 0.000000
46.333763 -45.241975 0.000000 0.000000
50.215140 -45.241975 0.000000 0.000000
54.096516 -45.241975 0.000000 0.000000
57.977892 -45.241975 0.000000 0.000000
61.859268 -45.241975 0.000000 0.000000
65.740644 -45.241975 0.000000 0.000000
69.622020 -45.241975 0.000000 0.000000
73.503396 -45.241975 0.000000 0.000000
77.384772 -45.241975 0.000000 0.000000
81.266148 -45.241975 0.000000 0.000000
85.147524 -45.241975 0.000000 0.000000
89.028900 -45.241975 0.000000 0.000000
92.910276 -45.241975 0.000000 0.000000
96.791652 -45.241975 0.000000 0.000000
100.673028 -45.241975 0.000000 0.000000
104.554404 -45.241975 0.000000 0.000000
108.435780 -45.241975 0.000000 0.000000
112.317156 -45.241975 0.000000 0.000000
116.198532 -45.241975 0.000000 0.000000
120.079908 -45.241975 0.000000 0.000000
123.961284 -45.241975 0.000000 0.000000
127.842660 -45.241975 0.000000 0.000000
131.724036 -45.241975 0.000000 0.000000
135.605412 -45.241975 0.000000 0.000000
139.486788 -45.241975 0.000000 0.000000
