TITLE = "B00008"
VARIABLES = "position", "position(2)", "Vx", "Vy"
ZONE T="Frame 0", I=51, J=39
-54.582013 102.250314 0.000000 0.000000
-50.700637 102.250314 0.000000 0.000000
-46.819261 102.250314 0.000000 0.000000
-42.937885 102.250314 0.000000 0.000000
-39.056509 102.250314 0.000000 0.000000
-35.175133 102.250314 0.000000 0.000000
-31.293757 102.250314 0.000000 0.000000
-27.412381 102.250314 0.000000 0.000000
-23.531005 102.250314 0.000000 0.000000
-19.649629 102.250314 0.000000 0.000000
-15.768253 102.250314 10.034375 0.042997
-11.886877 102.250314 9.986637 0.113030
-8.005501 102.250314 9.345159 0.142728
-4.124125 102.250314 11.930433 0.589859
-0.242749 102.250314 0.000000 0.000000
3.638627 102.250314 0.000000 0.000000
7.520003 102.250314 0.000000 0.000000
11.401379 102.250314 0.000000 0.000000
15.282755 102.250314 0.000000 0.000000
19.164131 102.250314 9.968698 -0.635646
23.045507 102.250314 8.266623 0.140817
26.926883 102.250314 0.000000 0.000000
30.808259 102.250314 10.395704 -1.881371
34.689635 102.250314 0.000000 0.000000
38.571011 102.250314 8.308208 -0.185231
42.452387 102.250314 0.000000 0.000000
46.333763 102.250314 0.000000 0.000000
50.215140 102.250314 0.000000 0.000000
54.096516 102.250314 0.000000 0.000000
57.977892 102.250314 0.000000 0.000000
61.859268 102.250314 0.000000 0.000000
65.740644 102.250314 0.000000 0.000000
69.622020 102.250314 9.666091 0.083170
73.503396 102.250314 10.048743 0.802054
77.384772 102.250314 10.738741 -2.655804
81.266148 102.250314 10.627395 -0.314763
85.147524 102.250314 9.973383 0.507698
89.028900 102.250314 11.197577 -0.894371
92.910276 102.250314 9.782965 -1.949052
96.791652 102.250314 10.337725 0.518909
100.673028 102.250314 10.437736 0.193503
104.554404 102.250314 10.424413 -0.204249
108.435780 102.250314 8.855515 0.335829
112.317156 102.250314 9.915420 1.875215
116.198532 102.250314 9.456037 0.563974
120.079908 102.250314 8.912205 -0.621213
123.961284 102.250314 9.127223 -0.352462
127.842660 102.250314 9.010855 -0.129351
131.724036 102.250314 9.749354 0.606328
135.605412 102.250314 8.977472 -0.262728
139.486788 102.250314 10.798549 -0.297685
-54.582013 98.368938 0.000000 0.000000
-50.700637 98.368938 0.000000 0.000000
-46.819261 98.368938 0.000000 0.000000
-42.937885 98.368938 0.000000 0.000000
-39.056509 98.368938 0.000000 0.000000
-35.175133 98.368938 0.000000 0.000000
-31.293757 98.368938 0.000000 0.000000
-27.412381 98.368938 0.000000 0.000000
-23.531005 98.368938 0.000000 0.000000
-19.649629 98.368938 0.000000 0.000000
-15.768253 98.368938 10.331757 0.956112
-11.886877 98.368938 9.167400 0.704725
-8.005501 98.368938 10.747828 -0.680814
-4.124125 98.368938 11.963016 1.124904
-0.242749 98.368938 11.165168 -0.136489
3.638627 98.368938 10.814623 0.182560
7.520003 98.368938 0.000000 0.000000
11.401379 98.368938 0.000000 0.000000
15.282755 98.368938 0.000000 0.000000
19.164131 98.368938 0.000000 0.000000
23.045507 98.368938 9.994812 -0.591316
26.926883 98.368938 11.293899 -1.478260
30.808259 98.368938 11.654839 -0.510274
34.689635 98.368938 10.004584 -3.245187
38.571011 98.368938 10.147551 -3.296987
42.452387 98.368938 9.204549 -0.306811
46.333763 98.368938 9.030662 1.738832
50.215140 98.368938 0.000000 0.000000
54.096516 98.368938 0.000000 0.000000
57.977892 98.368938 0.000000 0.000000
61.859268 98.368938 0.000000 0.000000
65.740644 98.368938 0.000000 0.000000
69.622020 98.368938 0.000000 0.000000
73.503396 98.368938 10.315587 -1.648342
77.384772 98.368938 10.712425 -0.235154
81.266148 98.368938 9.539377 0.092666
85.147524 98.368938 9.802691 -0.220627
89.028900 98.368938 11.525506 1.805818
92.910276 98.368938 9.956562 -0.183754
96.791652 98.368938 11.046581 1.089145
100.673028 98.368938 10.001719 -0.661261
104.554404 98.368938 10.236320 0.964768
108.435780 98.368938 9.560390 -0.398384
112.317156 98.368938 9.414048 1.160516
116.198532 98.368938 9.716380 0.525492
120.079908 98.368938 10.000142 -0.480758
123.961284 98.368938 9.010225 0.232693
127.842660 98.368938 11.289016 -0.159292
131.724036 98.368938 8.539660 -1.483379
135.605412 98.368938 10.161364 0.119047
139.486788 98.368938 10.448313 -0.368275
-54.582013 94.487562 0.000000 0.000000
-50.700637 94.487562 0.000000 0.000000
-46.819261 94.487562 0.000000 0.000000
-42.937885 94.487562 10.879607 -0.716380
-39.056509 94.487562 10.558847 0.806948
-35.175133 94.487562 0.000000 0.000000
-31.293757 94.487562 0.000000 0.000000
-27.412381 94.487562 0.000000 0.000000
-23.531005 94.487562 0.000000 0.000000
-19.649629 94.487562 0.000000 0.000000
-15.768253 94.487562 9.870405 0.199350
-11.886877 94.487562 10.466784 0.283230
-8.005501 94.487562 9.665264 0.996964
-4.124125 94.487562 10.342796 -0.296152
-0.242749 94.487562 0.000000 0.000000
3.638627 94.487562 0.000000 0.000000
7.520003 94.487562 9.421967 0.091475
11.401379 94.487562 10.995854 -0.539166
15.282755 94.487562 11.621096 -0.896583
19.164131 94.487562 11.360697 -1.005525
23.045507 94.487562 11.148994 -0.461000
26.926883 94.487562 10.373411 -0.537031
30.808259 94.487562 9.322829 0.989648
34.689635 94.487562 10.972695 -1.124211
38.571011 94.487562 0.000000 0.000000
42.452387 94.487562 10.164063 -0.994388
46.333763 94.487562 9.339628 0.785689
50.215140 94.487562 8.960057 -0.670547
54.096516 94.487562 0.000000 0.000000
57.977892 94.487562 0.000000 0.000000
61.859268 94.487562 0.000000 0.000000
65.740644 94.487562 0.000000 0.000000
69.622020 94.487562 0.000000 0.000000
73.503396 94.487562 9.862937 0.248770
77.384772 94.487562 9.432766 0.774883
81.266148 94.487562 9.049687 0.143976
85.147524 94.487562 9.131350 0.718912
89.028900 94.487562 9.709184 -0.149167
92.910276 94.487562 9.712336 0.876718
96.791652 94.487562 8.535268 0.061081
100.673028 94.487562 9.548433 0.412079
104.554404 94.487562 9.695312 0.327617
108.435780 94.487562 9.870812 -0.569742
112.317156 94.487562 10.258206 -0.706056
116.198532 94.487562 10.095824 -0.205639
120.079908 94.487562 9.983731 0.072463
123.961284 94.487562 9.848889 -0.608072
127.842660 94.487562 9.657663 0.470286
131.724036 94.487562 9.680737 0.913962
135.605412 94.487562 9.673910 -0.421252
139.486788 94.487562 9.776173 0.064287
-54.582013 90.606186 0.000000 0.000000
-50.700637 90.606186 0.000000 0.000000
-46.819261 90.606186 9.857314 0.681958
-42.937885 90.606186 10.479757 -0.454389
-39.056509 90.606186 11.038278 -1.063883
-35.175133 90.606186 0.000000 0.000000
-31.293757 90.606186 0.000000 0.000000
-27.412381 90.606186 0.000000 0.000000
-23.531005 90.606186 0.000000 0.000000
-19.649629 90.606186 0.000000 0.000000
-15.768253 90.606186 10.301292 0.896489
-11.886877 90.606186 0.000000 0.000000
-8.005501 90.606186 9.302075 1.452495
-4.124125 90.606186 10.574962 -0.593702
-0.242749 90.606186 0.000000 0.000000
3.638627 90.606186 9.761446 1.859080
7.520003 90.606186 10.669456 0.137563
11.401379 90.606186 0.000000 0.000000
15.282755 90.606186 11.893531 -0.634861
19.164131 90.606186 11.722676 0.058258
23.045507 90.606186 10.743698 0.539055
26.926883 90.606186 9.813879 -0.291471
30.808259 90.606186 10.612433 -0.407711
34.689635 90.606186 10.505107 -0.870740
38.571011 90.606186 9.779889 -0.977160
42.452387 90.606186 9.787907 -0.950446
46.333763 90.606186 10.134339 0.785345
50.215140 90.606186 11.496618 0.459619
54.096516 90.606186 10.572679 -0.821114
57.977892 90.606186 0.000000 0.000000
61.859268 90.606186 0.000000 0.000000
65.740644 90.606186 0.000000 0.000000
69.622020 90.606186 0.000000 0.000000
73.503396 90.606186 9.440625 -0.293300
77.384772 90.606186 10.949949 -0.409548
81.266148 90.606186 10.015180 0.227142
85.147524 90.606186 9.172058 0.490213
89.028900 90.606186 9.390182 1.071263
92.910276 90.606186 10.047578 0.462224
96.791652 90.606186 9.853717 -1.294443
100.673028 90.606186 9.522226 -0.251727
104.554404 90.606186 10.194160 -0.621612
108.435780 90.606186 9.705556 0.297023
112.317156 90.606186 8.866858 -0.252415
116.198532 90.606186 10.250760 -0.283019
120.079908 90.606186 9.513830 -0.880435
123.961284 90.606186 9.170951 0.041826
127.842660 90.606186 9.621388 0.856979
131.724036 90.606186 10.326383 -0.104366
135.605412 90.606186 10.216471 0.043032
139.486788 90.606186 10.115242 1.656655
-54.582013 86.724810 10.308566 2.478624
-50.700637 86.724810 10.128417 1.982114
-46.819261 86.724810 12.782558 1.205140
-42.937885 86.724810 10.355807 1.367256
-39.056509 86.724810 10.235593 0.646377
-35.175133 86.724810 0.000000 0.000000
-31.293757 86.724810 0.000000 0.000000
-27.412381 86.724810 0.000000 0.000000
-23.531005 86.724810 0.000000 0.000000
-19.649629 86.724810 0.000000 0.000000
-15.768253 86.724810 9.849414 0.284085
-11.886877 86.724810 0.000000 0.000000
-8.005501 86.724810 10.360668 -0.420364
-4.124125 86.724810 10.143485 0.417614
-0.242749 86.724810 10.122763 1.458622
3.638627 86.724810 9.605357 0.401417
7.520003 86.724810 9.940522 -0.677819
11.401379 86.724810 11.340853 0.487000
15.282755 86.724810 10.578197 -0.311763
19.164131 86.724810 10.021898 -0.257808
23.045507 86.724810 9.760839 -0.368158
26.926883 86.724810 10.099220 -0.445266
30.808259 86.724810 10.438078 -0.664032
34.689635 86.724810 10.343336 0.357423
38.571011 86.724810 10.111041 -0.608939
42.452387 86.724810 11.067776 -0.140764
46.333763 86.724810 10.229566 -0.309758
50.215140 86.724810 10.595428 -0.427611
54.096516 86.724810 10.377282 1.526544
57.977892 86.724810 11.804879 0.312104
61.859268 86.724810 0.000000 0.000000
65.740644 86.724810 0.000000 0.000000
69.622020 86.724810 0.000000 0.000000
73.503396 86.724810 10.209456 -1.660231
77.384772 86.724810 10.461456 0.396731
81.266148 86.724810 11.429860 0.645523
85.147524 86.724810 9.909299 0.307499
89.028900 86.724810 10.131393 -0.307522
92.910276 86.724810 11.003255 0.359688
96.791652 86.724810 9.624041 -0.377107
100.673028 86.724810 10.205523 0.667542
104.554404 86.724810 9.354715 -0.097530
108.435780 86.724810 10.069910 0.525862
112.317156 86.724810 9.964496 0.279121
116.198532 86.724810 10.463940 -0.868831
120.079908 86.724810 9.785433 -0.549007
123.961284 86.724810 9.330216 0.504112
127.842660 86.724810 10.227674 0.720442
131.724036 86.724810 10.679065 0.328747
135.605412 86.724810 9.107697 0.535376
139.486788 86.724810 10.066714 -0.124710
-54.582013 82.843434 12.482374 1.217478
-50.700637 82.843434 10.019532 3.123746
-46.819261 82.843434 10.791781 0.546893
-42.937885 82.843434 0.000000 0.000000
-39.056509 82.843434 10.657889 -0.587760
-35.175133 82.843434 0.000000 0.000000
-31.293757 82.843434 0.000000 0.000000
-27.412381 82.843434 0.000000 0.000000
-23.531005 82.843434 0.000000 0.000000
-19.649629 82.843434 0.000000 0.000000
-15.768253 82.843434 10.618690 0.330734
-11.886877 82.843434 10.773603 0.290393
-8.005501 82.843434 10.288904 0.605800
-4.124125 82.843434 11.500706 0.608078
-0.242749 82.843434 11.093567 0.469914
3.638627 82.843434 9.882463 0.236555
7.520003 82.843434 10.158153 0.292985
11.401379 82.843434 10.581381 -0.657969
15.282755 82.843434 10.738852 -0.164977
19.164131 82.843434 10.084050 0.465002
23.045507 82.843434 10.916030 0.435087
26.926883 82.843434 10.148834 0.064250
30.808259 82.843434 10.979133 -0.068228
34.689635 82.843434 10.054635 -0.358987
38.571011 82.843434 10.287205 -0.532485
42.452387 82.843434 10.464895 -0.181758
46.333763 82.843434 10.004377 -0.304013
50.215140 82.843434 10.415245 -0.920087
54.096516 82.843434 10.165784 -0.603055
57.977892 82.843434 10.250236 -0.090232
61.859268 82.843434 0.000000 0.000000
65.740644 82.843434 0.000000 0.000000
69.622020 82.843434 9.141061 -0.429012
73.503396 82.843434 10.318221 0.175243
77.384772 82.843434 9.512263 -0.431217
81.266148 82.843434 9.796315 -0.009178
85.147524 82.843434 10.138957 0.537230
89.028900 82.843434 9.251228 -0.288181
92.910276 82.843434 10.739743 -0.511989
96.791652 82.843434 10.440021 0.142951
100.673028 82.843434 10.146508 0.157068
104.554404 82.843434 9.651566 0.628553
108.435780 82.843434 9.817177 -0.238239
112.317156 82.843434 9.684247 0.350341
116.198532 82.843434 10.576279 -0.071457
120.079908 82.843434 9.860003 -0.152125
123.961284 82.843434 10.362184 -0.608757
127.842660 82.843434 10.248974 -0.230879
131.724036 82.843434 9.765790 -0.341079
135.605412 82.843434 10.774171 0.628113
139.486788 82.843434 9.478230 0.125323
-54.582013 78.962058 0.000000 0.000000
-50.700637 78.962058 0.000000 0.000000
-46.819261 78.962058 10.091953 1.027506
-42.937885 78.962058 10.292369 -0.021474
-39.056509 78.962058 10.848021 0.568795
-35.175133 78.962058 0.000000 0.000000
-31.293757 78.962058 0.000000 0.000000
-27.412381 78.962058 0.000000 0.000000
-23.531005 78.962058 0.000000 0.000000
-19.649629 78.962058 0.000000 0.000000
-15.768253 78.962058 10.576479 0.254645
-11.886877 78.962058 10.646833 -0.309764
-8.005501 78.962058 10.255121 0.848250
-4.124125 78.962058 10.322289 0.834523
-0.242749 78.962058 10.234893 0.707822
3.638627 78.962058 10.647466 -0.452748
7.520003 78.962058 9.758158 0.273446
11.401379 78.962058 10.224541 -0.511446
15.282755 78.962058 10.838430 0.302975
19.164131 78.962058 11.098826 0.000791
23.045507 78.962058 10.123494 -2.235661
26.926883 78.962058 10.475492 -0.240139
30.808259 78.962058 10.235611 0.000168
34.689635 78.962058 9.351415 0.608811
38.571011 78.962058 10.277722 -0.409139
42.452387 78.962058 11.000241 -0.428193
46.333763 78.962058 10.508901 -0.238056
50.215140 78.962058 10.441443 0.076370
54.096516 78.962058 10.216351 -0.003043
57.977892 78.962058 10.180189 -0.157391
61.859268 78.962058 0.000000 0.000000
65.740644 78.962058 0.000000 0.000000
69.622020 78.962058 9.665227 -0.619180
73.503396 78.962058 9.405830 -0.257217
77.384772 78.962058 9.558570 -0.233953
81.266148 78.962058 10.394563 -0.392331
85.147524 78.962058 9.636296 0.094544
89.028900 78.962058 9.773529 -0.414832
92.910276 78.962058 10.105637 0.040145
96.791652 78.962058 9.890773 -0.201037
100.673028 78.962058 9.922517 -0.061074
104.554404 78.962058 9.676360 -0.507251
108.435780 78.962058 9.182506 0.499499
112.317156 78.962058 10.672908 -0.259773
116.198532 78.962058 9.976717 0.477263
120.079908 78.962058 9.475087 0.073569
123.961284 78.962058 9.746390 -0.108127
127.842660 78.962058 9.819333 0.075222
131.724036 78.962058 8.954331 -0.273319
135.605412 78.962058 10.512353 -0.563309
139.486788 78.962058 9.933069 -0.236792
-54.582013 75.080682 0.000000 0.000000
-50.700637 75.080682 0.000000 0.000000
-46.819261 75.080682 9.396132 0.553810
-42.937885 75.080682 10.607798 0.594648
-39.056509 75.080682 9.951994 1.107549
-35.175133 75.080682 0.000000 0.000000
-31.293757 75.080682 0.000000 0.000000
-27.412381 75.080682 0.000000 0.000000
-23.531005 75.080682 0.000000 0.000000
-19.649629 75.080682 0.000000 0.000000
-15.768253 75.080682 10.213365 0.766775
-11.886877 75.080682 10.337861 1.025412
-8.005501 75.080682 10.612545 0.131586
-4.124125 75.080682 9.055924 -0.072805
-0.242749 75.080682 9.709748 0.178749
3.638627 75.080682 10.687844 0.448561
7.520003 75.080682 10.196153 0.217375
11.401379 75.080682 11.192414 -0.215205
15.282755 75.080682 10.414875 -0.504626
19.164131 75.080682 10.573160 0.213042
23.045507 75.080682 10.594484 0.256966
26.926883 75.080682 10.519632 -0.337086
30.808259 75.080682 10.508775 -0.493416
34.689635 75.080682 10.271563 -0.272048
38.571011 75.080682 9.397215 0.586315
42.452387 75.080682 10.062921 -0.341175
46.333763 75.080682 9.586304 -0.700007
50.215140 75.080682 9.545979 -0.756496
54.096516 75.080682 10.549387 -0.688638
57.977892 75.080682 9.982889 0.064063
61.859268 75.080682 0.000000 0.000000
65.740644 75.080682 0.000000 0.000000
69.622020 75.080682 9.913865 0.288675
73.503396 75.080682 9.939818 -0.067032
77.384772 75.080682 9.699121 -0.675197
81.266148 75.080682 10.535543 0.238398
85.147524 75.080682 10.426887 -0.222275
89.028900 75.080682 9.952226 0.431015
92.910276 75.080682 10.065506 0.021998
96.791652 75.080682 9.610487 -0.181593
100.673028 75.080682 10.087548 -0.368001
104.554404 75.080682 9.355835 -0.413838
108.435780 75.080682 9.857095 -0.372930
112.317156 75.080682 9.594897 -0.152397
116.198532 75.080682 10.075096 -0.077266
120.079908 75.080682 10.044200 -0.188084
123.961284 75.080682 9.515785 0.164837
127.842660 75.080682 9.977581 0.465983
131.724036 75.080682 10.400982 -0.570955
135.605412 75.080682 9.863446 -0.029426
139.486788 75.080682 10.131508 0.003988
-54.582013 71.199306 0.000000 0.000000
-50.700637 71.199306 10.566244 0.436790
-46.819261 71.199306 10.135249 0.620773
-42.937885 71.199306 9.241478 0.920577
-39.056509 71.199306 10.290055 1.094059
-35.175133 71.199306 0.000000 0.000000
-31.293757 71.199306 0.000000 0.000000
-27.412381 71.199306 0.000000 0.000000
-23.531005 71.199306 0.000000 0.000000
-19.649629 71.199306 0.000000 0.000000
-15.768253 71.199306 10.711432 0.530446
-11.886877 71.199306 10.542508 0.113592
-8.005501 71.199306 10.368538 -0.423586
-4.124125 71.199306 10.774479 1.050371
-0.242749 71.199306 11.217785 -0.367717
3.638627 71.199306 10.761530 -0.296472
7.520003 71.199306 10.742155 0.319803
11.401379 71.199306 10.212353 0.252698
15.282755 71.199306 10.687237 -0.337401
19.164131 71.199306 10.502920 0.225592
23.045507 71.199306 10.508620 -0.266476
26.926883 71.199306 10.610509 0.128782
30.808259 71.199306 10.540546 -0.064612
34.689635 71.199306 10.292800 -0.445325
38.571011 71.199306 10.537480 -0.495628
42.452387 71.199306 10.429857 -0.302697
46.333763 71.199306 10.648746 -0.226377
50.215140 71.199306 9.953253 -0.350386
54.096516 71.199306 10.193715 -0.514495
57.977892 71.199306 9.675964 -0.142771
61.859268 71.199306 0.000000 0.000000
65.740644 71.199306 0.000000 0.000000
69.622020 71.199306 10.235084 -0.428924
73.503396 71.199306 10.058892 0.023710
77.384772 71.199306 10.496658 -0.151973
81.266148 71.199306 9.650177 -0.217205
85.147524 71.199306 10.020637 -0.391780
89.028900 71.199306 10.097713 -0.276606
92.910276 71.199306 9.941136 -0.766353
96.791652 71.199306 9.694112 -0.357829
100.673028 71.199306 9.673985 0.039470
104.554404 71.199306 10.421254 0.599338
108.435780 71.199306 9.874329 0.029423
112.317156 71.199306 9.901819 0.420387
116.198532 71.199306 9.776250 -0.216394
120.079908 71.199306 9.806402 0.005574
123.961284 71.199306 9.570050 0.206447
127.842660 71.199306 9.932039 0.220576
131.724036 71.199306 9.588216 0.387412
135.605412 71.199306 10.053275 -0.137626
139.486788 71.199306 9.858344 0.012849
-54.582013 67.317930 0.000000 0.000000
-50.700637 67.317930 0.000000 0.000000
-46.819261 67.317930 11.010763 -0.038217
-42.937885 67.317930 10.050471 0.679903
-39.056509 67.317930 10.429435 0.451590
-35.175133 67.317930 0.000000 0.000000
-31.293757 67.317930 0.000000 0.000000
-27.412381 67.317930 0.000000 0.000000
-23.531005 67.317930 0.000000 0.000000
-19.649629 67.317930 10.694591 0.487151
-15.768253 67.317930 10.716084 0.364660
-11.886877 67.317930 10.687313 0.504545
-8.005501 67.317930 11.171371 0.027780
-4.124125 67.317930 0.000000 0.000000
-0.242749 67.317930 10.619772 0.218763
3.638627 67.317930 10.271423 0.303866
7.520003 67.317930 10.449105 -0.602512
11.401379 67.317930 10.966233 -0.311231
15.282755 67.317930 10.666310 0.797014
19.164131 67.317930 10.677977 -0.384946
23.045507 67.317930 10.873221 -0.711377
26.926883 67.317930 10.710938 -0.253968
30.808259 67.317930 10.642475 0.126674
34.689635 67.317930 10.881881 -0.856184
38.571011 67.317930 10.374333 -0.223454
42.452387 67.317930 10.199527 -0.734624
46.333763 67.317930 10.310787 -0.291745
50.215140 67.317930 10.387314 -0.920720
54.096516 67.317930 9.536064 -0.111132
57.977892 67.317930 9.815391 -0.648905
61.859268 67.317930 0.000000 0.000000
65.740644 67.317930 0.000000 0.000000
69.622020 67.317930 10.091516 -0.352923
73.503396 67.317930 10.388721 -0.284828
77.384772 67.317930 9.900040 0.128230
81.266148 67.317930 10.275353 0.105282
85.147524 67.317930 9.508210 -0.569992
89.028900 67.317930 9.185022 0.145845
92.910276 67.317930 9.456495 0.073880
96.791652 67.317930 9.793440 -0.133050
100.673028 67.317930 10.015093 0.871122
104.554404 67.317930 10.102660 0.046799
108.435780 67.317930 10.068575 0.439395
112.317156 67.317930 9.625164 -0.492477
116.198532 67.317930 9.423974 0.192819
120.079908 67.317930 9.908112 -0.275221
123.961284 67.317930 9.820385 -0.200534
127.842660 67.317930 9.584740 -0.225237
131.724036 67.317930 10.042858 -0.313828
135.605412 67.317930 9.419215 -0.283690
139.486788 67.317930 9.645859 0.403426
-54.582013 63.436554 0.000000 0.000000
-50.700637 63.436554 9.628585 1.321446
-46.819261 63.436554 10.153440 0.867657
-42.937885 63.436554 9.529111 0.939113
-39.056509 63.436554 9.809628 0.945394
-35.175133 63.436554 0.000000 0.000000
-31.293757 63.436554 0.000000 0.000000
-27.412381 63.436554 0.000000 0.000000
-23.531005 63.436554 0.000000 0.000000
-19.649629 63.436554 10.561864 0.502944
-15.768253 63.436554 11.044132 0.689244
-11.886877 63.436554 10.542570 0.540828
-8.005501 63.436554 10.978883 0.907958
-4.124125 63.436554 10.911709 0.736441
-0.242749 63.436554 10.032411 0.702567
3.638627 63.436554 10.615309 -0.175717
7.520003 63.436554 10.654274 -0.195016
11.401379 63.436554 10.742291 -0.560060
15.282755 63.436554 11.182765 -0.768887
19.164131 63.436554 10.753664 -0.110281
23.045507 63.436554 10.602600 -0.783550
26.926883 63.436554 10.492392 0.072145
30.808259 63.436554 10.494844 0.042866
34.689635 63.436554 10.346235 -0.460927
38.571011 63.436554 9.590564 -0.112929
42.452387 63.436554 9.983349 -0.544695
46.333763 63.436554 10.324230 -0.592445
50.215140 63.436554 10.300472 -0.183107
54.096516 63.436554 10.447668 -0.975959
57.977892 63.436554 10.533171 -0.084720
61.859268 63.436554 0.000000 0.000000
65.740644 63.436554 0.000000 0.000000
69.622020 63.436554 9.826433 -0.111852
73.503396 63.436554 10.076206 -0.260991
77.384772 63.436554 9.722718 -0.329443
81.266148 63.436554 10.078899 -0.208199
85.147524 63.436554 9.873567 0.008170
89.028900 63.436554 9.884354 -0.160881
92.910276 63.436554 9.968916 -0.222022
96.791652 63.436554 9.531175 -0.202994
100.673028 63.436554 9.632265 0.045042
104.554404 63.436554 10.425690 -0.225925
108.435780 63.436554 10.194391 -0.774439
112.317156 63.436554 10.162853 -0.531900
116.198532 63.436554 9.824870 0.410145
120.079908 63.436554 0.000000 0.000000
123.961284 63.436554 10.251840 0.336439
127.842660 63.436554 9.913381 -0.442371
131.724036 63.436554 9.640316 -0.050818
135.605412 63.436554 10.088723 -0.698279
139.486788 63.436554 9.521930 0.275295
-54.582013 59.555178 0.000000 0.000000
-50.700637 59.555178 9.805359 0.630086
-46.819261 59.555178 9.677381 0.780277
-42.937885 59.555178 10.131440 1.185489
-39.056509 59.555178 10.141816 1.468172
-35.175133 59.555178 0.000000 0.000000
-31.293757 59.555178 0.000000 0.000000
-27.412381 59.555178 0.000000 0.000000
-23.531005 59.555178 0.000000 0.000000
-19.649629 59.555178 10.641096 0.999201
-15.768253 59.555178 10.662251 0.577175
-11.886877 59.555178 10.970712 0.715262
-8.005501 59.555178 10.907520 0.571663
-4.124125 59.555178 10.902026 -0.085130
-0.242749 59.555178 11.164239 0.262100
3.638627 59.555178 10.686255 0.128687
7.520003 59.555178 10.981711 0.045609
11.401379 59.555178 11.465062 0.024659
15.282755 59.555178 10.739463 -0.220333
19.164131 59.555178 10.851749 -0.511976
23.045507 59.555178 10.442664 0.602583
26.926883 59.555178 10.525762 -0.176904
30.808259 59.555178 10.821572 -0.632783
34.689635 59.555178 10.086311 -0.548717
38.571011 59.555178 11.124306 -0.590053
42.452387 59.555178 10.577103 -0.628252
46.333763 59.555178 9.674777 -0.593565
50.215140 59.555178 10.441773 -0.283909
54.096516 59.555178 10.235676 -0.856214
57.977892 59.555178 10.203861 -0.687536
61.859268 59.555178 0.000000 0.000000
65.740644 59.555178 0.000000 0.000000
69.622020 59.555178 9.542706 -0.372000
73.503396 59.555178 9.978293 -0.597537
77.384772 59.555178 9.700833 -0.299656
81.266148 59.555178 10.089205 -0.276917
85.147524 59.555178 9.656418 -0.292487
89.028900 59.555178 9.457646 -0.164257
92.910276 59.555178 9.515434 -0.401565
96.791652 59.555178 9.978013 -0.182575
100.673028 59.555178 10.054302 0.442686
104.554404 59.555178 9.757495 -0.266558
108.435780 59.555178 10.196455 -0.028480
112.317156 59.555178 9.615962 -0.173707
116.198532 59.555178 9.945704 0.203016
120.079908 59.555178 10.776080 0.773828
123.961284 59.555178 10.137316 -0.160899
127.842660 59.555178 9.695691 -0.338644
131.724036 59.555178 10.087113 -0.106531
135.605412 59.555178 10.011663 0.256409
139.486788 59.555178 9.877334 0.501228
-54.582013 55.673802 0.000000 0.000000
-50.700637 55.673802 0.000000 0.000000
-46.819261 55.673802 9.635365 1.437131
-42.937885 55.673802 9.404140 0.748837
-39.056509 55.673802 9.504249 1.044569
-35.175133 55.673802 0.000000 0.000000
-31.293757 55.673802 0.000000 0.000000
-27.412381 55.673802 0.000000 0.000000
-23.531005 55.673802 10.421014 1.082607
-19.649629 55.673802 10.634542 0.772482
-15.768253 55.673802 11.118160 0.685219
-11.886877 55.673802 11.168332 0.607690
-8.005501 55.673802 10.823152 0.401665
-4.124125 55.673802 11.705162 -0.275805
-0.242749 55.673802 10.995901 -0.259580
3.638627 55.673802 10.876896 0.265111
7.520003 55.673802 10.685685 -0.365740
11.401379 55.673802 11.231567 0.059669
15.282755 55.673802 10.660064 -0.587743
19.164131 55.673802 10.729801 -0.436231
23.045507 55.673802 10.770636 -0.414731
26.926883 55.673802 10.751085 -0.347617
30.808259 55.673802 10.389855 -0.098971
34.689635 55.673802 10.266689 -0.707916
38.571011 55.673802 10.456678 -0.335445
42.452387 55.673802 10.332216 -0.243946
46.333763 55.673802 9.922711 -0.853577
50.215140 55.673802 10.045036 -0.453181
54.096516 55.673802 10.532780 -0.863465
57.977892 55.673802 9.968608 0.045022
61.859268 55.673802 0.000000 0.000000
65.740644 55.673802 0.000000 0.000000
69.622020 55.673802 9.811152 -0.780752
73.503396 55.673802 9.890508 -0.523238
77.384772 55.673802 9.801500 -0.327388
81.266148 55.673802 10.266809 -0.318218
85.147524 55.673802 9.194705 -0.289671
89.028900 55.673802 9.860547 -0.195460
92.910276 55.673802 9.954141 0.050289
96.791652 55.673802 9.961880 -0.014271
100.673028 55.673802 9.766958 -0.019372
104.554404 55.673802 10.133574 -0.382770
108.435780 55.673802 10.136276 -0.595123
112.317156 55.673802 9.344046 -0.751659
116.198532 55.673802 9.956436 0.470597
120.079908 55.673802 9.695941 -0.101247
123.961284 55.673802 9.937589 0.226880
127.842660 55.673802 10.012326 0.169561
131.724036 55.673802 9.968681 0.163339
135.605412 55.673802 9.786441 0.845737
139.486788 55.673802 9.222911 0.154547
-54.582013 51.792426 0.000000 0.000000
-50.700637 51.792426 9.890508 0.716170
-46.819261 51.792426 8.960782 1.254685
-42.937885 51.792426 9.168625 1.206927
-39.056509 51.792426 10.142767 1.636235
-35.175133 51.792426 0.000000 0.000000
-31.293757 51.792426 0.000000 0.000000
-27.412381 51.792426 0.000000 0.000000
-23.531005 51.792426 10.813167 1.154203
-19.649629 51.792426 10.877661 0.892424
-15.768253 51.792426 11.038028 1.053127
-11.886877 51.792426 11.202254 0.594737
-8.005501 51.792426 11.358543 0.386478
-4.124125 51.792426 11.320994 0.219805
-0.242749 51.792426 11.318715 0.117037
3.638627 51.792426 10.997228 -0.043884
7.520003 51.792426 11.095322 -0.257257
11.401379 51.792426 10.258509 -0.347201
15.282755 51.792426 10.754081 -0.602861
19.164131 51.792426 10.681181 -0.286633
23.045507 51.792426 10.690784 -0.229553
26.926883 51.792426 10.436354 -0.210254
30.808259 51.792426 10.577701 -0.686789
34.689635 51.792426 10.397449 -0.788968
38.571011 51.792426 10.574900 -0.441659
42.452387 51.792426 10.837544 -0.530392
46.333763 51.792426 10.382311 -0.665843
50.215140 51.792426 9.966310 -0.579641
54.096516 51.792426 10.311907 -0.531701
57.977892 51.792426 10.109774 -0.407953
61.859268 51.792426 0.000000 0.000000
65.740644 51.792426 0.000000 0.000000
69.622020 51.792426 10.148275 -0.785740
73.503396 51.792426 9.941003 -0.169373
77.384772 51.792426 9.453753 0.283033
81.266148 51.792426 9.545725 -0.077699
85.147524 51.792426 9.587143 -0.243876
89.028900 51.792426 10.171620 -0.318651
92.910276 51.792426 9.601662 -0.433099
96.791652 51.792426 9.964005 -0.637365
100.673028 51.792426 9.531159 -0.540941
104.554404 51.792426 9.841270 -0.214475
108.435780 51.792426 9.883780 -0.339031
112.317156 51.792426 10.065349 -0.392070
116.198532 51.792426 9.909673 0.397655
120.079908 51.792426 9.819656 0.366102
123.961284 51.792426 9.709893 0.372362
127.842660 51.792426 10.255621 0.205858
131.724036 51.792426 10.225398 -0.317616
135.605412 51.792426 9.959095 0.231626
139.486788 51.792426 9.322240 -0.342816
-54.582013 47.911049 0.000000 0.000000
-50.700637 47.911049 9.159225 1.269963
-46.819261 47.911049 9.421374 1.110696
-42.937885 47.911049 9.136104 1.609331
-39.056509 47.911049 9.427411 1.297548
-35.175133 47.911049 0.000000 0.000000
-31.293757 47.911049 0.000000 0.000000
-27.412381 47.911049 0.000000 0.000000
-23.531005 47.911049 11.238681 1.723208
-19.649629 47.911049 11.573204 1.210191
-15.768253 47.911049 11.184934 0.878060
-11.886877 47.911049 11.756018 0.611198
-8.005501 47.911049 11.508855 0.386910
-4.124125 47.911049 11.722609 0.309854
-0.242749 47.911049 11.411442 0.126419
3.638627 47.911049 11.246457 -0.134014
7.520003 47.911049 11.356224 -0.381166
11.401379 47.911049 10.665949 -0.418365
15.282755 47.911049 10.703629 -0.464750
19.164131 47.911049 10.987486 -0.089718
23.045507 47.911049 11.136974 -0.253011
26.926883 47.911049 10.470657 -0.599315
30.808259 47.911049 10.396207 -0.374087
34.689635 47.911049 10.615611 -0.755586
38.571011 47.911049 10.325763 -0.577658
42.452387 47.911049 10.453877 0.183121
46.333763 47.911049 10.472999 -0.454027
50.215140 47.911049 10.505959 -0.548318
54.096516 47.911049 9.972868 -0.793821
57.977892 47.911049 10.317292 -0.726072
61.859268 47.911049 0.000000 0.000000
65.740644 47.911049 0.000000 0.000000
69.622020 47.911049 10.160991 -0.748303
73.503396 47.911049 9.538081 -0.398287
77.384772 47.911049 9.418909 -0.671845
81.266148 47.911049 9.557764 -0.149696
85.147524 47.911049 10.079424 -0.416232
89.028900 47.911049 9.983470 -0.181223
92.910276 47.911049 9.330059 -0.299343
96.791652 47.911049 9.405130 -0.213454
100.673028 47.911049 9.584644 0.394698
104.554404 47.911049 9.918088 0.372043
108.435780 47.911049 10.422441 -0.627217
112.317156 47.911049 9.428953 -0.468299
116.198532 47.911049 9.774220 -0.288476
120.079908 47.911049 8.971210 0.161271
123.961284 47.911049 9.730359 0.578711
127.842660 47.911049 10.206748 0.595217
131.724036 47.911049 10.201134 0.096116
135.605412 47.911049 9.600039 -0.503918
139.486788 47.911049 8.993442 -0.158157
-54.582013 44.029673 9.591159 0.890141
-50.700637 44.029673 9.317995 0.556588
-46.819261 44.029673 9.955042 0.862521
-42.937885 44.029673 9.468584 1.057700
-39.056509 44.029673 9.060810 1.143629
-35.175133 44.029673 0.000000 0.000000
-31.293757 44.029673 0.000000 0.000000
-27.412381 44.029673 11.006694 1.966213
-23.531005 44.029673 11.455617 1.849092
-19.649629 44.029673 12.117621 1.143785
-15.768253 44.029673 11.889836 1.025627
-11.886877 44.029673 11.908424 0.319118
-8.005501 44.029673 11.652257 0.450334
-4.124125 44.029673 11.624149 0.171475
-0.242749 44.029673 11.376082 -0.578197
3.638627 44.029673 0.000000 0.000000
7.520003 44.029673 11.183599 -0.160236
11.401379 44.029673 11.063500 -0.406474
15.282755 44.029673 10.915966 -0.277519
19.164131 44.029673 10.405399 -0.510109
23.045507 44.029673 10.809339 -0.522193
26.926883 44.029673 11.516644 -0.678225
30.808259 44.029673 11.164896 -0.524437
34.689635 44.029673 10.622181 -0.274211
38.571011 44.029673 10.354185 -0.660690
42.452387 44.029673 10.568937 -0.593941
46.333763 44.029673 10.521057 -0.648476
50.215140 44.029673 10.239254 -0.084639
54.096516 44.029673 10.200971 -0.559410
57.977892 44.029673 10.307529 -0.863653
61.859268 44.029673 0.000000 0.000000
65.740644 44.029673 0.000000 0.000000
69.622020 44.029673 9.847797 -0.977189
73.503396 44.029673 9.165364 -1.081733
77.384772 44.029673 9.186291 -0.271908
81.266148 44.029673 9.472202 -0.054012
85.147524 44.029673 10.251636 -0.259643
89.028900 44.029673 10.137788 -0.882013
92.910276 44.029673 9.401370 -0.761041
96.791652 44.029673 9.398369 -0.437771
100.673028 44.029673 9.969123 -0.562938
104.554404 44.029673 10.170794 0.441997
108.435780 44.029673 9.993001 -1.214808
112.317156 44.029673 9.832825 -0.804109
116.198532 44.029673 9.240854 -0.588287
120.079908 44.029673 8.371001 -0.183285
123.961284 44.029673 8.154993 1.052703
127.842660 44.029673 9.551768 1.772407
131.724036 44.029673 10.268176 -0.612607
135.605412 44.029673 10.067569 -0.850651
139.486788 44.029673 9.015827 -0.856876
-54.582013 40.148297 9.319026 -0.160153
-50.700637 40.148297 9.550451 1.180276
-46.819261 40.148297 8.964554 0.319931
-42.937885 40.148297 8.781166 1.137692
-39.056509 40.148297 8.609013 1.281390
-35.175133 40.148297 0.000000 0.000000
-31.293757 40.148297 0.000000 0.000000
-27.412381 40.148297 0.000000 0.000000
-23.531005 40.148297 0.000000 0.000000
-19.649629 40.148297 0.000000 0.000000
-15.768253 40.148297 0.000000 0.000000
-11.886877 40.148297 0.000000 0.000000
-8.005501 40.148297 0.000000 0.000000
-4.124125 40.148297 0.000000 0.000000
-0.242749 40.148297 0.000000 0.000000
3.638627 40.148297 0.000000 0.000000
7.520003 40.148297 0.000000 0.000000
11.401379 40.148297 0.000000 0.000000
15.282755 40.148297 0.000000 0.000000
19.164131 40.148297 0.000000 0.000000
23.045507 40.148297 0.000000 0.000000
26.926883 40.148297 0.000000 0.000000
30.808259 40.148297 0.000000 0.000000
34.689635 40.148297 0.000000 0.000000
38.571011 40.148297 0.000000 0.000000
42.452387 40.148297 10.449793 -0.546683
46.333763 40.148297 10.222748 -0.889012
50.215140 40.148297 10.013662 -0.355648
54.096516 40.148297 9.926598 -0.470815
57.977892 40.148297 10.211119 -1.747421
61.859268 40.148297 8.838380 -1.829991
65.740644 40.148297 0.000000 0.000000
69.622020 40.148297 9.993846 -2.511280
73.503396 40.148297 8.681831 -1.717047
77.384772 40.148297 7.813900 -1.140200
81.266148 40.148297 8.011008 0.432052
85.147524 40.148297 9.082761 0.692309
89.028900 40.148297 10.264116 -1.633277
92.910276 40.148297 9.125587 -1.058918
96.791652 40.148297 9.603417 -1.677249
100.673028 40.148297 8.646417 -1.711812
104.554404 40.148297 0.000000 0.000000
108.435780 40.148297 10.202510 -1.591861
112.317156 40.148297 9.597473 -1.393071
116.198532 40.148297 9.064493 -1.414926
120.079908 40.148297 9.277167 -1.647408
123.961284 40.148297 9.361803 2.552515
127.842660 40.148297 8.884021 2.820967
131.724036 40.148297 8.980341 -1.267457
135.605412 40.148297 9.213087 -1.905675
139.486788 40.148297 8.451183 -1.060536
-54.582013 36.266921 0.000000 0.000000
-50.700637 36.266921 0.000000 0.000000
-46.819261 36.266921 9.091601 1.789164
-42.937885 36.266921 6.693334 0.312795
-39.056509 36.266921 7.409470 1.515290
-35.175133 36.266921 0.000000 0.000000
-31.293757 36.266921 0.000000 0.000000
-27.412381 36.266921 0.000000 0.000000
-23.531005 36.266921 0.000000 0.000000
-19.649629 36.266921 0.000000 0.000000
-15.768253 36.266921 0.000000 0.000000
-11.886877 36.266921 0.000000 0.000000
-8.005501 36.266921 0.000000 0.000000
-4.124125 36.266921 0.000000 0.000000
-0.242749 36.266921 0.000000 0.000000
3.638627 36.266921 0.000000 0.000000
7.520003 36.266921 0.000000 0.000000
11.401379 36.266921 0.000000 0.000000
15.282755 36.266921 0.000000 0.000000
19.164131 36.266921 0.000000 0.000000
23.045507 36.266921 0.000000 0.000000
26.926883 36.266921 0.000000 0.000000
30.808259 36.266921 0.000000 0.000000
34.689635 36.266921 0.000000 0.000000
38.571011 36.266921 0.000000 0.000000
42.452387 36.266921 0.000000 0.000000
46.333763 36.266921 0.000000 0.000000
50.215140 36.266921 0.000000 0.000000
54.096516 36.266921 0.000000 0.000000
57.977892 36.266921 0.000000 0.000000
61.859268 36.266921 0.000000 0.000000
65.740644 36.266921 0.000000 0.000000
69.622020 36.266921 10.758942 -1.418918
73.503396 36.266921 7.556638 -2.686500
77.384772 36.266921 7.321064 -2.596931
81.266148 36.266921 6.909505 3.945406
85.147524 36.266921 8.145989 2.492140
89.028900 36.266921 8.831134 -1.478625
92.910276 36.266921 9.293454 -1.029844
96.791652 36.266921 10.214142 -1.658519
100.673028 36.266921 10.509875 -1.356992
104.554404 36.266921 8.780916 3.000488
108.435780 36.266921 7.238060 0.735474
112.317156 36.266921 9.018134 -1.439258
116.198532 36.266921 9.462816 -1.308756
120.079908 36.266921 10.031812 -1.826536
123.961284 36.266921 10.642969 1.518243
127.842660 36.266921 8.782313 2.035653
131.724036 36.266921 7.659542 -0.293443
135.605412 36.266921 9.083998 -0.831796
139.486788 36.266921 9.201140 -1.525395
-54.582013 32.385545 0.000000 0.000000
-50.700637 32.385545 0.000000 0.000000
-46.819261 32.385545 0.000000 0.000000
-42.937885 32.385545 0.000000 0.000000
-39.056509 32.385545 0.000000 0.000000
-35.175133 32.385545 0.000000 0.000000
-31.293757 32.385545 0.000000 0.000000
-27.412381 32.385545 0.000000 0.000000
-23.531005 32.385545 0.000000 0.000000
-19.649629 32.385545 0.000000 0.000000
-15.768253 32.385545 0.000000 0.000000
-11.886877 32.385545 0.000000 0.000000
-8.005501 32.385545 0.000000 0.000000
-4.124125 32.385545 0.000000 0.000000
-0.242749 32.385545 0.000000 0.000000
3.638627 32.385545 0.000000 0.000000
7.520003 32.385545 0.000000 0.000000
11.401379 32.385545 0.000000 0.000000
15.282755 32.385545 0.000000 0.000000
19.164131 32.385545 0.000000 0.000000
23.045507 32.385545 0.000000 0.000000
26.926883 32.385545 0.000000 0.000000
30.808259 32.385545 0.000000 0.000000
34.689635 32.385545 0.000000 0.000000
38.571011 32.385545 0.000000 0.000000
42.452387 32.385545 0.000000 0.000000
46.333763 32.385545 0.000000 0.000000
50.215140 32.385545 0.000000 0.000000
54.096516 32.385545 0.000000 0.000000
57.977892 32.385545 0.000000 0.000000
61.859268 32.385545 0.000000 0.000000
65.740644 32.385545 0.000000 0.000000
69.622020 32.385545 0.000000 0.000000
73.503396 32.385545 0.000000 0.000000
77.384772 32.385545 8.088112 -1.436930
81.266148 32.385545 9.747470 1.512109
85.147524 32.385545 8.790204 0.652443
89.028900 32.385545 7.981988 0.103536
92.910276 32.385545 9.089235 -0.336596
96.791652 32.385545 9.816146 -1.143472
100.673028 32.385545 10.303486 0.364173
104.554404 32.385545 9.488043 1.289020
108.435780 32.385545 8.297735 0.340566
112.317156 32.385545 8.938677 -0.430597
116.198532 32.385545 9.384593 -0.931671
120.079908 32.385545 10.568508 -0.667037
123.961284 32.385545 10.526641 0.547211
127.842660 32.385545 9.261698 0.702781
131.724036 32.385545 9.028573 -0.044263
135.605412 32.385545 9.264739 -0.593386
139.486788 32.385545 9.469513 -0.905081
-54.582013 28.504169 0.000000 0.000000
-50.700637 28.504169 0.000000 0.000000
-46.819261 28.504169 0.000000 0.000000
-42.937885 28.504169 0.000000 0.000000
-39.056509 28.504169 0.000000 0.000000
-35.175133 28.504169 0.000000 0.000000
-31.293757 28.504169 0.000000 0.000000
-27.412381 28.504169 0.000000 0.000000
-23.531005 28.504169 0.000000 0.000000
-19.649629 28.504169 0.000000 0.000000
-15.768253 28.504169 0.000000 0.000000
-11.886877 28.504169 0.000000 0.000000
-8.005501 28.504169 0.000000 0.000000
-4.124125 28.504169 0.000000 0.000000
-0.242749 28.504169 0.000000 0.000000
3.638627 28.504169 0.000000 0.000000
7.520003 28.504169 0.000000 0.000000
11.401379 28.504169 0.000000 0.000000
15.282755 28.504169 0.000000 0.000000
19.164131 28.504169 0.000000 0.000000
23.045507 28.504169 0.000000 0.000000
26.926883 28.504169 0.000000 0.000000
30.808259 28.504169 0.000000 0.000000
34.689635 28.504169 0.000000 0.000000
38.571011 28.504169 0.000000 0.000000
42.452387 28.504169 0.000000 0.000000
46.333763 28.504169 0.000000 0.000000
50.215140 28.504169 0.000000 0.000000
54.096516 28.504169 0.000000 0.000000
57.977892 28.504169 0.000000 0.000000
61.859268 28.504169 0.000000 0.000000
65.740644 28.504169 0.000000 0.000000
69.622020 28.504169 0.000000 0.000000
73.503396 28.504169 0.000000 0.000000
77.384772 28.504169 0.000000 0.000000
81.266148 28.504169 9.766915 0.981093
85.147524 28.504169 9.902454 0.737473
89.028900 28.504169 9.259974 0.475019
92.910276 28.504169 9.411982 0.121985
96.791652 28.504169 9.767538 -0.797733
100.673028 28.504169 10.368399 0.468838
104.554404 28.504169 9.310049 0.219333
108.435780 28.504169 9.361205 0.186710
112.317156 28.504169 9.434240 -0.016819
116.198532 28.504169 10.187815 -0.058311
120.079908 28.504169 10.137535 -0.047948
123.961284 28.504169 10.029927 0.399725
127.842660 28.504169 9.777225 0.461037
131.724036 28.504169 9.811738 0.079807
135.605412 28.504169 10.063112 -0.135932
139.486788 28.504169 10.009785 -0.163810
-54.582013 24.622793 0.000000 0.000000
-50.700637 24.622793 0.000000 0.000000
-46.819261 24.622793 0.000000 0.000000
-42.937885 24.622793 0.000000 0.000000
-39.056509 24.622793 0.000000 0.000000
-35.175133 24.622793 0.000000 0.000000
-31.293757 24.622793 0.000000 0.000000
-27.412381 24.622793 0.000000 0.000000
-23.531005 24.622793 0.000000 0.000000
-19.649629 24.622793 0.000000 0.000000
-15.768253 24.622793 0.000000 0.000000
-11.886877 24.622793 0.000000 0.000000
-8.005501 24.622793 0.000000 0.000000
-4.124125 24.622793 0.000000 0.000000
-0.242749 24.622793 0.000000 0.000000
3.638627 24.622793 0.000000 0.000000
7.520003 24.622793 0.000000 0.000000
11.401379 24.622793 0.000000 0.000000
15.282755 24.622793 0.000000 0.000000
19.164131 24.622793 0.000000 0.000000
23.045507 24.622793 0.000000 0.000000
26.926883 24.622793 0.000000 0.000000
30.808259 24.622793 0.000000 0.000000
34.689635 24.622793 0.000000 0.000000
38.571011 24.622793 0.000000 0.000000
42.452387 24.622793 0.000000 0.000000
46.333763 24.622793 0.000000 0.000000
50.215140 24.622793 0.000000 0.000000
54.096516 24.622793 0.000000 0.000000
57.977892 24.622793 0.000000 0.000000
61.859268 24.622793 0.000000 0.000000
65.740644 24.622793 0.000000 0.000000
69.622020 24.622793 9.623960 0.500292
73.503396 24.622793 9.827510 0.445766
77.384772 24.622793 9.715772 0.593351
81.266148 24.622793 9.289719 0.470378
85.147524 24.622793 9.471530 0.493195
89.028900 24.622793 9.198873 0.376456
92.910276 24.622793 9.305484 0.345023
96.791652 24.622793 9.883651 -0.367472
100.673028 24.622793 9.750546 -0.001058
104.554404 24.622793 9.593195 0.234723
108.435780 24.622793 9.631062 0.240161
112.317156 24.622793 9.771098 0.114985
116.198532 24.622793 9.993815 -0.292604
120.079908 24.622793 9.914562 0.270289
123.961284 24.622793 10.122460 0.593806
127.842660 24.622793 9.934516 0.308256
131.724036 24.622793 9.587790 0.247384
135.605412 24.622793 9.788681 0.104179
139.486788 24.622793 9.901464 -0.027439
-54.582013 20.741417 0.000000 0.000000
-50.700637 20.741417 0.000000 0.000000
-46.819261 20.741417 10.643089 -0.856315
-42.937885 20.741417 9.496142 -0.012382
-39.056509 20.741417 9.328986 -1.234032
-35.175133 20.741417 10.400908 -1.407987
-31.293757 20.741417 0.000000 0.000000
-27.412381 20.741417 0.000000 0.000000
-23.531005 20.741417 0.000000 0.000000
-19.649629 20.741417 0.000000 0.000000
-15.768253 20.741417 0.000000 0.000000
-11.886877 20.741417 0.000000 0.000000
-8.005501 20.741417 0.000000 0.000000
-4.124125 20.741417 0.000000 0.000000
-0.242749 20.741417 0.000000 0.000000
3.638627 20.741417 0.000000 0.000000
7.520003 20.741417 0.000000 0.000000
11.401379 20.741417 10.725146 0.171637
15.282755 20.741417 10.542486 0.056654
19.164131 20.741417 10.654012 0.485692
23.045507 20.741417 10.974922 0.444258
26.926883 20.741417 10.679883 -0.227529
30.808259 20.741417 10.496661 0.301627
34.689635 20.741417 10.234244 0.950560
38.571011 20.741417 10.320978 0.599460
42.452387 20.741417 10.176186 0.575242
46.333763 20.741417 10.063044 0.867157
50.215140 20.741417 10.230907 0.742943
54.096516 20.741417 10.134071 0.618430
57.977892 20.741417 10.330686 0.553209
61.859268 20.741417 10.095167 0.657346
65.740644 20.741417 9.924603 0.861532
69.622020 20.741417 9.573293 0.671337
73.503396 20.741417 9.314578 0.119138
77.384772 20.741417 9.690901 0.489540
81.266148 20.741417 9.778035 0.505317
85.147524 20.741417 9.628977 0.446969
89.028900 20.741417 9.420720 0.288132
92.910276 20.741417 10.072742 0.234352
96.791652 20.741417 9.567660 0.279393
100.673028 20.741417 9.185695 -0.258322
104.554404 20.741417 9.794964 0.262693
108.435780 20.741417 9.529278 -0.032444
112.317156 20.741417 9.360980 0.347090
116.198532 20.741417 9.838204 0.113641
120.079908 20.741417 9.962331 0.108956
123.961284 20.741417 9.819928 0.421454
127.842660 20.741417 9.825613 0.149266
131.724036 20.741417 9.753664 -0.095931
135.605412 20.741417 9.791290 0.170431
139.486788 20.741417 9.606569 -0.134978
-54.582013 16.860041 0.000000 0.000000
-50.700637 16.860041 9.613553 -0.160437
-46.819261 16.860041 9.641186 -0.143127
-42.937885 16.860041 9.337389 -0.462193
-39.056509 16.860041 9.965600 -0.487827
-35.175133 16.860041 9.639927 -0.878066
-31.293757 16.860041 10.240985 -0.642992
-27.412381 16.860041 10.480597 -0.798353
-23.531005 16.860041 10.492682 -0.481588
-19.649629 16.860041 10.588108 -0.994476
-15.768253 16.860041 10.508821 -0.585233
-11.886877 16.860041 10.698184 -0.752822
-8.005501 16.860041 10.709532 -0.276020
-4.124125 16.860041 10.986191 -0.328377
-0.242749 16.860041 10.868438 0.109801
3.638627 16.860041 10.792814 0.262856
7.520003 16.860041 10.803201 0.240093
11.401379 16.860041 10.772157 0.279030
15.282755 16.860041 10.609754 0.240963
19.164131 16.860041 10.779356 0.338766
23.045507 16.860041 10.654977 0.422425
26.926883 16.860041 10.575936 0.278417
30.808259 16.860041 10.519043 0.620428
34.689635 16.860041 10.269064 0.361440
38.571011 16.860041 10.470185 0.573805
42.452387 16.860041 10.472736 0.646113
46.333763 16.860041 10.285178 0.462568
50.215140 16.860041 10.315250 0.686646
54.096516 16.860041 10.378181 0.784137
57.977892 16.860041 10.012681 0.584404
61.859268 16.860041 10.157228 0.657483
65.740644 16.860041 9.790223 0.637274
69.622020 16.860041 9.576371 0.534237
73.503396 16.860041 9.770531 0.604175
77.384772 16.860041 9.733762 0.586706
81.266148 16.860041 9.785281 0.430566
85.147524 16.860041 9.829117 0.177035
89.028900 16.860041 9.630134 0.439521
92.910276 16.860041 9.492768 0.380443
96.791652 16.860041 9.705244 0.296531
100.673028 16.860041 9.993763 0.425341
104.554404 16.860041 9.884406 0.227679
108.435780 16.860041 9.645062 -0.034312
112.317156 16.860041 0.000000 0.000000
116.198532 16.860041 9.619741 0.013944
120.079908 16.860041 9.912828 0.089526
123.961284 16.860041 9.960578 0.008773
127.842660 16.860041 10.124574 -0.107782
131.724036 16.860041 9.870306 0.145300
135.605412 16.860041 9.623260 -0.115614
139.486788 16.860041 10.072181 0.206039
-54.582013 12.978665 9.489017 0.057245
-50.700637 12.978665 9.686971 -0.386356
-46.819261 12.978665 9.806195 -0.048201
-42.937885 12.978665 9.380234 0.300749
-39.056509 12.978665 10.019794 -1.000116
-35.175133 12.978665 9.837754 -0.916465
-31.293757 12.978665 10.438441 -0.786307
-27.412381 12.978665 10.457394 -0.486670
-23.531005 12.978665 10.630667 -0.633301
-19.649629 12.978665 10.585669 -0.343341
-15.768253 12.978665 10.351532 -0.312559
-11.886877 12.978665 10.683047 -0.379553
-8.005501 12.978665 10.672325 -0.447830
-4.124125 12.978665 10.686891 0.015147
-0.242749 12.978665 10.693397 -0.284182
3.638627 12.978665 10.771820 0.042039
7.520003 12.978665 10.736242 0.171995
11.401379 12.978665 10.820410 0.189648
15.282755 12.978665 10.675623 0.309346
19.164131 12.978665 10.660468 0.410191
23.045507 12.978665 10.351424 0.262725
26.926883 12.978665 10.523387 0.563157
30.808259 12.978665 10.288337 0.299437
34.689635 12.978665 10.421047 0.349886
38.571011 12.978665 10.457853 0.568141
42.452387 12.978665 10.119150 0.559549
46.333763 12.978665 10.171553 0.443605
50.215140 12.978665 10.097388 0.638564
54.096516 12.978665 10.049413 0.589006
57.977892 12.978665 10.191035 0.503498
61.859268 12.978665 9.865090 0.716033
65.740644 12.978665 9.780978 0.541839
69.622020 12.978665 10.014026 0.725685
73.503396 12.978665 9.761410 0.478176
77.384772 12.978665 9.938804 0.616623
81.266148 12.978665 9.988806 0.361938
85.147524 12.978665 9.812173 0.476083
89.028900 12.978665 9.472311 0.367032
92.910276 12.978665 9.739367 0.241672
96.791652 12.978665 9.753984 0.404811
100.673028 12.978665 9.968333 0.368709
104.554404 12.978665 9.707475 0.158953
108.435780 12.978665 10.028151 0.080552
112.317156 12.978665 9.623095 0.213229
116.198532 12.978665 9.822035 0.185728
120.079908 12.978665 10.008795 0.304018
123.961284 12.978665 9.822510 0.437877
127.842660 12.978665 9.907424 0.199660
131.724036 12.978665 9.784029 0.398337
135.605412 12.978665 9.810865 -0.007196
139.486788 12.978665 9.820400 0.181290
-54.582013 9.097289 0.000000 0.000000
-50.700637 9.097289 9.754172 -0.360460
-46.819261 9.097289 9.159349 -0.458842
-42.937885 9.097289 9.930547 -0.437903
-39.056509 9.097289 10.149537 -0.947219
-35.175133 9.097289 9.751658 -0.800797
-31.293757 9.097289 10.245821 -0.637510
-27.412381 9.097289 10.106380 -0.302000
-23.531005 9.097289 10.173372 -0.586486
-19.649629 9.097289 10.301061 -0.507417
-15.768253 9.097289 10.424443 -0.630772
-11.886877 9.097289 10.653299 -0.382184
-8.005501 9.097289 10.924173 -0.113982
-4.124125 9.097289 10.635599 0.187367
-0.242749 9.097289 10.690561 -0.178752
3.638627 9.097289 10.837811 0.028521
7.520003 9.097289 10.665286 0.134534
11.401379 9.097289 10.665079 -0.072339
15.282755 9.097289 10.667171 0.141594
19.164131 9.097289 10.551948 0.360838
23.045507 9.097289 10.548477 0.392877
26.926883 9.097289 10.330455 0.086503
30.808259 9.097289 10.425215 0.638749
34.689635 9.097289 10.171204 0.535546
38.571011 9.097289 10.303782 0.550193
42.452387 9.097289 10.361172 0.563878
46.333763 9.097289 10.047470 0.385248
50.215140 9.097289 10.301749 0.593762
54.096516 9.097289 10.174949 0.511558
57.977892 9.097289 10.096513 0.466271
61.859268 9.097289 9.939643 0.743095
65.740644 9.097289 9.843816 0.641510
69.622020 9.097289 9.951632 0.554424
73.503396 9.097289 9.903951 0.559401
77.384772 9.097289 9.689657 0.732315
81.266148 9.097289 9.897044 0.440564
85.147524 9.097289 9.853106 0.278690
89.028900 9.097289 9.737942 0.402883
92.910276 9.097289 9.849226 0.211901
96.791652 9.097289 9.595502 0.203298
100.673028 9.097289 10.050557 0.439291
104.554404 9.097289 9.772264 0.184702
108.435780 9.097289 9.822202 0.362519
112.317156 9.097289 9.980604 0.059896
116.198532 9.097289 10.061304 0.437391
120.079908 9.097289 9.942821 0.259625
123.961284 9.097289 9.958611 0.260601
127.842660 9.097289 9.952898 0.232128
131.724036 9.097289 9.904228 0.199769
135.605412 9.097289 9.939113 0.239556
139.486788 9.097289 9.879363 0.098172
-54.582013 5.215913 0.000000 0.000000
-50.700637 5.215913 0.000000 0.000000
-46.819261 5.215913 0.000000 0.000000
-42.937885 5.215913 9.618920 -0.186681
-39.056509 5.215913 9.724032 -0.544104
-35.175133 5.215913 9.737883 -0.333496
-31.293757 5.215913 9.852218 -0.291361
-27.412381 5.215913 10.222165 -0.168987
-23.531005 5.215913 10.178147 -0.481818
-19.649629 5.215913 10.411741 -0.502661
-15.768253 5.215913 10.387517 -0.340315
-11.886877 5.215913 10.467604 -0.039002
-8.005501 5.215913 10.654037 0.038925
-4.124125 5.215913 10.534109 -0.271667
-0.242749 5.215913 10.599382 -0.069741
3.638627 5.215913 10.542671 -0.033586
7.520003 5.215913 10.431334 0.409446
11.401379 5.215913 10.601736 0.243992
15.282755 5.215913 10.397348 0.234029
19.164131 5.215913 10.526792 0.051575
23.045507 5.215913 10.649776 0.334006
26.926883 5.215913 10.457141 0.572816
30.808259 5.215913 10.482716 0.330342
34.689635 5.215913 10.352886 0.380763
38.571011 5.215913 10.322604 0.768662
42.452387 5.215913 10.610999 0.619629
46.333763 5.215913 10.213102 0.747689
50.215140 5.215913 10.211039 0.298166
54.096516 5.215913 10.217727 0.502161
57.977892 5.215913 10.018968 0.586534
61.859268 5.215913 10.082480 0.393511
65.740644 5.215913 9.679660 0.571872
69.622020 5.215913 9.904820 0.510380
73.503396 5.215913 9.935740 0.296770
77.384772 5.215913 10.131504 0.469595
81.266148 5.215913 9.680857 0.412606
85.147524 5.215913 9.836897 0.553369
89.028900 5.215913 9.821258 0.240790
92.910276 5.215913 9.795840 0.396265
96.791652 5.215913 9.898066 0.073525
100.673028 5.215913 9.729496 0.082472
104.554404 5.215913 9.984830 0.264468
108.435780 5.215913 9.733370 0.216509
112.317156 5.215913 9.892920 0.213388
116.198532 5.215913 9.842017 0.241523
120.079908 5.215913 9.993075 -0.035574
123.961284 5.215913 9.926043 0.190131
127.842660 5.215913 9.811016 0.186115
131.724036 5.215913 9.833442 0.087209
135.605412 5.215913 9.861287 0.196382
139.486788 5.215913 9.885973 0.080676
-54.582013 1.334537 0.000000 0.000000
-50.700637 1.334537 0.000000 0.000000
-46.819261 1.334537 10.007496 -0.344513
-42.937885 1.334537 9.518219 -0.248617
-39.056509 1.334537 10.042368 -0.002229
-35.175133 1.334537 10.041054 -0.343880
-31.293757 1.334537 10.142076 -0.402857
-27.412381 1.334537 10.014939 -0.442664
-23.531005 1.334537 10.263462 -0.279988
-19.649629 1.334537 10.104961 -0.092569
-15.768253 1.334537 10.394976 -0.356257
-11.886877 1.334537 10.440989 -0.217321
-8.005501 1.334537 10.399655 0.055946
-4.124125 1.334537 10.582161 0.222517
-0.242749 1.334537 10.457051 0.092968
3.638627 1.334537 10.606141 -0.161433
7.520003 1.334537 10.513738 -0.140106
11.401379 1.334537 10.421485 0.184512
15.282755 1.334537 10.407494 0.193466
19.164131 1.334537 10.568848 0.359257
23.045507 1.334537 10.507917 0.426129
26.926883 1.334537 10.462286 0.091120
30.808259 1.334537 10.403499 0.283941
34.689635 1.334537 10.240855 0.505829
38.571011 1.334537 10.240664 0.407725
42.452387 1.334537 10.210361 0.362920
46.333763 1.334537 10.274281 0.599521
50.215140 1.334537 10.253981 0.462986
54.096516 1.334537 10.176216 0.269147
57.977892 1.334537 10.264030 0.572560
61.859268 1.334537 9.974623 0.614915
65.740644 1.334537 10.121640 0.425950
69.622020 1.334537 10.007551 0.537634
73.503396 1.334537 10.062178 0.489022
77.384772 1.334537 10.039672 0.440932
81.266148 1.334537 9.939720 0.269766
85.147524 1.334537 10.016827 0.306353
89.028900 1.334537 9.802657 0.238821
92.910276 1.334537 10.011259 0.233245
96.791652 1.334537 9.722460 0.365821
100.673028 1.334537 9.739049 0.215565
104.554404 1.334537 9.693575 0.195253
108.435780 1.334537 9.910376 0.387071
112.317156 1.334537 9.922644 0.149270
116.198532 1.334537 9.991557 0.242371
120.079908 1.334537 9.884703 0.364338
123.961284 1.334537 9.777477 0.249655
127.842660 1.334537 9.820740 0.155190
131.724036 1.334537 9.738691 0.319165
135.605412 1.334537 9.931059 0.185538
139.486788 1.334537 9.864819 0.303148
-54.582013 -2.546839 0.000000 0.000000
-50.700637 -2.546839 9.390620 0.420002
-46.819261 -2.546839 9.494431 -0.573015
-42.937885 -2.546839 10.214476 -0.737622
-39.056509 -2.546839 10.022799 -0.458482
-35.175133 -2.546839 10.301505 -0.326526
-31.293757 -2.546839 10.062103 -0.385196
-27.412381 -2.546839 10.112290 -0.224617
-23.531005 -2.546839 10.023363 -0.206076
-19.649629 -2.546839 10.228899 -0.504123
-15.768253 -2.546839 10.305608 -0.271581
-11.886877 -2.546839 10.303736 -0.235912
-8.005501 -2.546839 10.275952 0.300470
-4.124125 -2.546839 10.417562 0.299545
-0.242749 -2.546839 10.510589 -0.059603
3.638627 -2.546839 10.399501 0.199146
7.520003 -2.546839 10.449747 -0.017542
11.401379 -2.546839 10.335618 0.296300
15.282755 -2.546839 10.497046 0.251659
19.164131 -2.546839 10.490010 0.375441
23.045507 -2.546839 10.472820 0.142459
26.926883 -2.546839 10.352367 0.392439
30.808259 -2.546839 10.820995 0.363900
34.689635 -2.546839 10.217347 0.322803
38.571011 -2.546839 10.274366 0.510732
42.452387 -2.546839 10.106026 0.441795
46.333763 -2.546839 10.165081 0.704461
50.215140 -2.546839 10.132131 0.415210
54.096516 -2.546839 10.041294 0.529252
57.977892 -2.546839 10.204364 0.426242
61.859268 -2.546839 9.995410 0.516992
65.740644 -2.546839 10.049598 0.413828
69.622020 -2.546839 10.083242 0.382283
73.503396 -2.546839 9.822867 0.362865
77.384772 -2.546839 9.967448 0.380352
81.266148 -2.546839 9.936749 0.473411
85.147524 -2.546839 9.966624 0.384696
89.028900 -2.546839 9.950470 0.324106
92.910276 -2.546839 9.994377 0.363733
96.791652 -2.546839 9.890224 0.402035
100.673028 -2.546839 9.901597 0.364142
104.554404 -2.546839 9.880023 0.218319
108.435780 -2.546839 9.823546 0.262511
112.317156 -2.546839 9.939911 0.314896
116.198532 -2.546839 10.061236 0.129020
120.079908 -2.546839 10.069753 0.172840
123.961284 -2.546839 9.867842 0.119021
127.842660 -2.546839 9.887235 0.238393
131.724036 -2.546839 9.850185 0.087877
135.605412 -2.546839 9.980270 0.315583
139.486788 -2.546839 9.732235 0.096446
-54.582013 -6.428215 0.000000 0.000000
-50.700637 -6.428215 9.977143 0.010329
-46.819261 -6.428215 9.788884 -0.556890
-42.937885 -6.428215 9.990787 0.075146
-39.056509 -6.428215 10.160790 -0.599315
-35.175133 -6.428215 9.444028 -0.761465
-31.293757 -6.428215 10.120927 -0.028369
-27.412381 -6.428215 9.884869 0.064865
-23.531005 -6.428215 10.262420 0.245835
-19.649629 -6.428215 10.198836 0.239667
-15.768253 -6.428215 10.248829 0.006661
-11.886877 -6.428215 10.454765 0.217182
-8.005501 -6.428215 10.307017 -0.205369
-4.124125 -6.428215 10.325747 -0.097027
-0.242749 -6.428215 10.391494 0.251773
3.638627 -6.428215 10.378094 -0.022576
7.520003 -6.428215 10.458498 0.057798
11.401379 -6.428215 10.303649 0.220188
15.282755 -6.428215 10.434978 0.255610
19.164131 -6.428215 10.348999 0.353435
23.045507 -6.428215 10.464565 0.341411
26.926883 -6.428215 10.337669 0.438148
30.808259 -6.428215 10.319390 0.443423
34.689635 -6.428215 10.278849 0.421456
38.571011 -6.428215 10.256812 0.339673
42.452387 -6.428215 10.204329 0.456320
46.333763 -6.428215 10.301092 0.393093
50.215140 -6.428215 10.022441 0.600512
54.096516 -6.428215 10.302588 0.354374
57.977892 -6.428215 10.126350 0.286157
61.859268 -6.428215 10.138494 0.453576
65.740644 -6.428215 10.080827 0.438921
69.622020 -6.428215 10.049614 0.444592
73.503396 -6.428215 10.135796 0.411633
77.384772 -6.428215 10.099113 0.398735
81.266148 -6.428215 9.802765 0.296923
85.147524 -6.428215 10.141998 0.337586
89.028900 -6.428215 9.913751 0.315408
92.910276 -6.428215 9.780621 0.295632
96.791652 -6.428215 9.793604 0.227844
100.673028 -6.428215 9.614475 0.341710
104.554404 -6.428215 9.858601 0.316498
108.435780 -6.428215 9.826035 0.208950
112.317156 -6.428215 9.905005 -0.025581
116.198532 -6.428215 9.832720 0.192625
120.079908 -6.428215 9.926043 0.166734
123.961284 -6.428215 9.998625 0.145612
127.842660 -6.428215 9.810378 0.246622
131.724036 -6.428215 9.986314 0.247356
135.605412 -6.428215 9.922144 0.113226
139.486788 -6.428215 9.811488 0.199060
-54.582013 -10.309591 10.213812 0.244601
-50.700637 -10.309591 10.610309 -0.654880
-46.819261 -10.309591 9.426557 -0.666380
-42.937885 -10.309591 10.069257 -0.083827
-39.056509 -10.309591 10.116054 -0.320940
-35.175133 -10.309591 10.170778 -0.320655
-31.293757 -10.309591 10.162458 -0.565664
-27.412381 -10.309591 10.474340 -0.164060
-23.531005 -10.309591 10.092345 -0.158294
-19.649629 -10.309591 10.066086 0.040116
-15.768253 -10.309591 10.306416 -0.162615
-11.886877 -10.309591 10.325201 -0.155430
-8.005501 -10.309591 10.444065 -0.133195
-4.124125 -10.309591 10.290366 0.299755
-0.242749 -10.309591 10.380117 0.085500
3.638627 -10.309591 10.363198 0.091163
7.520003 -10.309591 10.447782 0.156217
11.401379 -10.309591 10.232332 0.099895
15.282755 -10.309591 10.380725 0.102614
19.164131 -10.309591 10.388452 0.153105
23.045507 -10.309591 10.331781 0.376857
26.926883 -10.309591 10.324733 0.234357
30.808259 -10.309591 10.326083 0.400064
34.689635 -10.309591 10.267750 0.421138
38.571011 -10.309591 10.233896 0.282973
42.452387 -10.309591 10.090346 0.394411
46.333763 -10.309591 10.192272 0.475056
50.215140 -10.309591 10.071221 0.418680
54.096516 -10.309591 10.179656 0.462479
57.977892 -10.309591 10.068637 0.496564
61.859268 -10.309591 10.099045 0.417591
65.740644 -10.309591 10.132300 0.461340
69.622020 -10.309591 9.979003 0.357184
73.503396 -10.309591 9.956994 0.408963
77.384772 -10.309591 10.007631 0.465662
81.266148 -10.309591 9.917529 0.260134
85.147524 -10.309591 10.138072 0.405595
89.028900 -10.309591 9.820021 0.248186
92.910276 -10.309591 9.992896 0.214399
96.791652 -10.309591 9.885153 0.305378
100.673028 -10.309591 9.990731 0.547244
104.554404 -10.309591 9.717777 0.350139
108.435780 -10.309591 9.913599 0.191459
112.317156 -10.309591 9.902763 0.076130
116.198532 -10.309591 9.816310 0.125454
120.079908 -10.309591 9.894835 0.177188
123.961284 -10.309591 9.944853 0.126085
127.842660 -10.309591 9.930228 0.166378
131.724036 -10.309591 9.886492 0.253507
135.605412 -10.309591 9.859945 0.219668
139.486788 -10.309591 10.035816 0.145129
-54.582013 -14.190967 0.000000 0.000000
-50.700637 -14.190967 0.000000 0.000000
-46.819261 -14.190967 10.290990 -0.489745
-42.937885 -14.190967 10.344730 0.197344
-39.056509 -14.190967 9.954683 -0.642620
-35.175133 -14.190967 10.276687 -0.113934
-31.293757 -14.190967 8.985551 0.022944
-27.412381 -14.190967 9.986819 -0.285531
-23.531005 -14.190967 10.145411 0.029179
-19.649629 -14.190967 10.217856 -0.150823
-15.768253 -14.190967 10.359049 -0.049734
-11.886877 -14.190967 10.374565 0.133767
-8.005501 -14.190967 10.320438 -0.069994
-4.124125 -14.190967 10.368340 0.011316
-0.242749 -14.190967 10.360018 0.150700
3.638627 -14.190967 10.283077 0.218669
7.520003 -14.190967 10.333304 0.222427
11.401379 -14.190967 10.303986 0.136815
15.282755 -14.190967 10.282075 0.293189
19.164131 -14.190967 10.482923 0.134284
23.045507 -14.190967 10.369170 0.334100
26.926883 -14.190967 10.207278 0.394038
30.808259 -14.190967 10.286699 0.227742
34.689635 -14.190967 10.404868 0.275676
38.571011 -14.190967 10.166401 0.537566
42.452387 -14.190967 10.290185 0.389191
46.333763 -14.190967 10.138858 0.478292
50.215140 -14.190967 10.073710 0.335669
54.096516 -14.190967 10.166025 0.318650
57.977892 -14.190967 10.129175 0.264240
61.859268 -14.190967 10.119431 0.381871
65.740644 -14.190967 10.147530 0.393210
69.622020 -14.190967 10.133966 0.394172
73.503396 -14.190967 10.066209 0.359479
77.384772 -14.190967 10.008073 0.421675
81.266148 -14.190967 9.916431 0.235805
85.147524 -14.190967 10.061514 0.252387
89.028900 -14.190967 9.923313 0.388230
92.910276 -14.190967 10.057590 0.274283
96.791652 -14.190967 10.100744 0.159846
100.673028 -14.190967 9.821535 0.237908
104.554404 -14.190967 10.007203 0.373009
108.435780 -14.190967 9.930272 0.229374
112.317156 -14.190967 9.773829 0.271296
116.198532 -14.190967 9.922986 -0.017038
120.079908 -14.190967 9.904151 0.191097
123.961284 -14.190967 9.920090 0.250561
127.842660 -14.190967 9.924294 0.045266
131.724036 -14.190967 10.156956 0.294720
135.605412 -14.190967 9.904549 0.247390
139.486788 -14.190967 9.888089 0.023491
-54.582013 -18.072343 0.000000 0.000000
-50.700637 -18.072343 0.000000 0.000000
-46.819261 -18.072343 0.000000 0.000000
-42.937885 -18.072343 9.275483 -0.162477
-39.056509 -18.072343 10.062911 0.286867
-35.175133 -18.072343 10.126766 0.127376
-31.293757 -18.072343 10.075290 -0.273483
-27.412381 -18.072343 10.176340 -0.172755
-23.531005 -18.072343 10.248594 -0.220034
-19.649629 -18.072343 10.246855 -0.152634
-15.768253 -18.072343 10.238934 0.313329
-11.886877 -18.072343 10.296885 0.130716
-8.005501 -18.072343 10.322147 0.029599
-4.124125 -18.072343 10.312841 0.182000
-0.242749 -18.072343 10.354271 0.050889
3.638627 -18.072343 10.215981 0.153445
7.520003 -18.072343 10.300543 0.036383
11.401379 -18.072343 10.322675 -0.008879
15.282755 -18.072343 10.327477 0.205685
19.164131 -18.072343 10.236863 0.114499
23.045507 -18.072343 10.435172 0.357501
26.926883 -18.072343 10.346597 0.300203
30.808259 -18.072343 10.352559 0.241250
34.689635 -18.072343 10.140286 0.426057
38.571011 -18.072343 10.246083 0.233389
42.452387 -18.072343 10.220058 0.354009
46.333763 -18.072343 10.408656 0.405294
50.215140 -18.072343 10.193484 0.262873
54.096516 -18.072343 10.275091 0.394356
57.977892 -18.072343 10.042408 0.341292
61.859268 -18.072343 10.083952 0.405098
65.740644 -18.072343 10.180918 0.260003
69.622020 -18.072343 10.036186 0.243514
73.503396 -18.072343 9.969191 0.341416
77.384772 -18.072343 10.049480 0.307344
81.266148 -18.072343 10.088440 0.260078
85.147524 -18.072343 9.965760 0.323846
89.028900 -18.072343 9.934843 0.321509
92.910276 -18.072343 10.050471 0.254000
96.791652 -18.072343 10.020951 0.286949
100.673028 -18.072343 9.916082 0.286150
104.554404 -18.072343 9.968734 0.088048
108.435780 -18.072343 9.721843 0.110897
112.317156 -18.072343 9.925442 0.246103
116.198532 -18.072343 9.931320 0.065257
120.079908 -18.072343 9.861050 0.131669
123.961284 -18.072343 9.975360 0.182085
127.842660 -18.072343 9.894444 0.128583
131.724036 -18.072343 10.041596 0.135298
135.605412 -18.072343 9.894650 0.093076
139.486788 -18.072343 10.026034 0.223518
-54.582013 -21.953719 0.000000 0.000000
-50.700637 -21.953719 0.000000 0.000000
-46.819261 -21.953719 9.887944 -0.970457
-42.937885 -21.953719 10.536191 -0.338857
-39.056509 -21.953719 10.409900 0.045697
-35.175133 -21.953719 10.012083 -0.229763
-31.293757 -21.953719 10.444388 -0.152878
-27.412381 -21.953719 10.224586 0.165852
-23.531005 -21.953719 10.273873 0.158262
-19.649629 -21.953719 10.067125 0.069263
-15.768253 -21.953719 10.262083 0.210707
-11.886877 -21.953719 10.380990 0.084820
-8.005501 -21.953719 10.189764 0.184586
-4.124125 -21.953719 10.280150 0.228621
-0.242749 -21.953719 10.379038 -0.131615
3.638627 -21.953719 10.279814 0.013605
7.520003 -21.953719 10.342491 0.177135
11.401379 -21.953719 10.305731 0.108586
15.282755 -21.953719 10.226706 0.160367
19.164131 -21.953719 10.293421 -0.064167
23.045507 -21.953719 10.252188 0.376389
26.926883 -21.953719 10.332959 0.306569
30.808259 -21.953719 10.253517 0.312792
34.689635 -21.953719 10.181506 0.228688
38.571011 -21.953719 10.231870 0.263791
42.452387 -21.953719 10.192507 0.304172
46.333763 -21.953719 9.980145 0.257523
50.215140 -21.953719 10.222159 0.525496
54.096516 -21.953719 10.188437 0.219642
57.977892 -21.953719 10.117248 0.371207
61.859268 -21.953719 10.039560 0.327057
65.740644 -21.953719 10.226891 0.352894
69.622020 -21.953719 10.051391 0.543312
73.503396 -21.953719 9.970017 0.253759
77.384772 -21.953719 10.044123 0.254765
81.266148 -21.953719 10.081077 0.329302
85.147524 -21.953719 10.176389 0.392780
89.028900 -21.953719 9.885140 0.141471
92.910276 -21.953719 10.010842 0.240289
96.791652 -21.953719 9.927132 0.264462
100.673028 -21.953719 9.913426 0.340830
104.554404 -21.953719 10.055144 0.100550
108.435780 -21.953719 9.959823 0.214478
112.317156 -21.953719 9.973568 0.193722
116.198532 -21.953719 9.921329 0.041624
120.079908 -21.953719 9.950380 0.225018
123.961284 -21.953719 10.046097 0.142837
127.842660 -21.953719 9.845691 0.275992
131.724036 -21.953719 9.767532 0.071587
135.605412 -21.953719 9.968188 0.110947
139.486788 -21.953719 9.920935 0.296850
-54.582013 -25.835095 0.000000 0.000000
-50.700637 -25.835095 0.000000 0.000000
-46.819261 -25.835095 11.666302 -0.239573
-42.937885 -25.835095 0.000000 0.000000
-39.056509 -25.835095 10.120166 -0.297640
-35.175133 -25.835095 9.874098 -0.076701
-31.293757 -25.835095 10.157628 -0.242957
-27.412381 -25.835095 10.026464 0.313073
-23.531005 -25.835095 9.763467 0.120514
-19.649629 -25.835095 10.219861 -0.228401
-15.768253 -25.835095 10.279188 -0.156467
-11.886877 -25.835095 10.147425 -0.028066
-8.005501 -25.835095 10.138537 0.025592
-4.124125 -25.835095 10.203959 -0.030166
-0.242749 -25.835095 10.246917 0.078873
3.638627 -25.835095 10.090716 -0.025923
7.520003 -25.835095 10.370450 0.167140
11.401379 -25.835095 10.365425 0.155551
15.282755 -25.835095 10.141076 0.051890
19.164131 -25.835095 10.352014 0.186891
23.045507 -25.835095 10.449920 0.261278
26.926883 -25.835095 10.334215 0.164954
30.808259 -25.835095 10.142492 0.316466
34.689635 -25.835095 10.416982 0.447277
38.571011 -25.835095 10.268577 0.309974
42.452387 -25.835095 10.198240 0.200088
46.333763 -25.835095 10.249044 0.224044
50.215140 -25.835095 10.183274 0.253698
54.096516 -25.835095 10.260174 0.317073
57.977892 -25.835095 10.186418 0.429356
61.859268 -25.835095 10.105556 0.458305
65.740644 -25.835095 10.175951 0.301181
69.622020 -25.835095 10.153118 0.454278
73.503396 -25.835095 9.934507 0.254063
77.384772 -25.835095 9.994728 0.252731
81.266148 -25.835095 10.128247 0.307850
85.147524 -25.835095 10.020177 0.196809
89.028900 -25.835095 10.111081 0.440622
92.910276 -25.835095 9.919618 0.331426
96.791652 -25.835095 10.029393 0.106739
100.673028 -25.835095 10.043577 0.064703
104.554404 -25.835095 9.976604 0.258302
108.435780 -25.835095 9.832541 0.407228
112.317156 -25.835095 10.049582 0.293519
116.198532 -25.835095 9.889486 0.262893
120.079908 -25.835095 10.048522 -0.130466
123.961284 -25.835095 10.108829 0.059637
127.842660 -25.835095 9.886797 0.178052
131.724036 -25.835095 9.856018 0.108205
135.605412 -25.835095 10.068430 0.059220
139.486788 -25.835095 9.875063 0.237817
-54.582013 -29.716471 0.000000 0.000000
-50.700637 -29.716471 0.000000 0.000000
-46.819261 -29.716471 0.000000 0.000000
-42.937885 -29.716471 9.962667 -0.488940
-39.056509 -29.716471 9.984678 0.453621
-35.175133 -29.716471 10.123772 -0.252766
-31.293757 -29.716471 9.954696 0.282704
-27.412381 -29.716471 10.200286 -0.036854
-23.531005 -29.716471 10.056125 -0.088201
-19.649629 -29.716471 10.108163 -0.001134
-15.768253 -29.716471 10.209950 0.177543
-11.886877 -29.716471 10.231447 0.172652
-8.005501 -29.716471 10.110047 0.141102
-4.124125 -29.716471 10.346112 0.004305
-0.242749 -29.716471 10.183561 -0.034957
3.638627 -29.716471 10.119647 0.203500
7.520003 -29.716471 10.250051 0.148015
11.401379 -29.716471 10.165731 0.192384
15.282755 -29.716471 10.136779 0.221557
19.164131 -29.716471 10.201430 0.162627
23.045507 -29.716471 10.333308 0.238327
26.926883 -29.716471 10.243838 0.156586
30.808259 -29.716471 10.369250 0.365477
34.689635 -29.716471 10.141561 0.394603
38.571011 -29.716471 10.160676 0.297170
42.452387 -29.716471 10.062998 0.346343
46.333763 -29.716471 10.088662 0.272118
50.215140 -29.716471 10.202522 0.207063
54.096516 -29.716471 10.114644 0.237840
57.977892 -29.716471 10.191858 0.362212
61.859268 -29.716471 10.071736 0.318057
65.740644 -29.716471 9.937259 0.259998
69.622020 -29.716471 10.202189 0.461911
73.503396 -29.716471 9.986548 0.362798
77.384772 -29.716471 10.041334 0.278400
81.266148 -29.716471 9.949785 0.283762
85.147524 -29.716471 9.990540 0.299403
89.028900 -29.716471 9.966667 0.264690
92.910276 -29.716471 9.934800 0.251566
96.791652 -29.716471 9.827455 0.310372
100.673028 -29.716471 9.913118 0.132564
104.554404 -29.716471 9.948144 0.215248
108.435780 -29.716471 9.939452 0.205255
112.317156 -29.716471 10.025060 0.216804
116.198532 -29.716471 9.990851 0.138548
120.079908 -29.716471 9.820536 0.178627
123.961284 -29.716471 9.913464 0.056085
127.842660 -29.716471 9.899169 0.104009
131.724036 -29.716471 9.937634 0.232025
135.605412 -29.716471 10.018246 0.238006
139.486788 -29.716471 9.856522 0.113138
-54.582013 -33.597847 0.000000 0.000000
-50.700637 -33.597847 0.000000 0.000000
-46.819261 -33.597847 0.000000 0.000000
-42.937885 -33.597847 10.466741 0.092266
-39.056509 -33.597847 9.826924 -0.668698
-35.175133 -33.597847 9.970684 0.070627
-31.293757 -33.597847 10.062473 -0.160279
-27.412381 -33.597847 10.172669 -0.034371
-23.531005 -33.597847 10.334930 0.086763
-19.649629 -33.597847 10.162499 0.219488
-15.768253 -33.597847 10.369324 0.031801
-11.886877 -33.597847 10.013751 0.121498
-8.005501 -33.597847 10.110418 0.014700
-4.124125 -33.597847 10.054200 -0.094992
-0.242749 -33.597847 10.131455 0.261465
3.638627 -33.597847 10.244248 0.175012
7.520003 -33.597847 10.325954 0.252865
11.401379 -33.597847 10.183175 0.234291
15.282755 -33.597847 10.320463 0.101201
19.164131 -33.597847 10.156681 0.357488
23.045507 -33.597847 10.286412 0.358747
26.926883 -33.597847 10.131363 0.236863
30.808259 -33.597847 10.201110 0.289467
34.689635 -33.597847 10.253184 0.131842
38.571011 -33.597847 10.140386 0.261809
42.452387 -33.597847 10.243076 0.349652
46.333763 -33.597847 10.199632 0.319660
50.215140 -33.597847 10.162313 0.361975
54.096516 -33.597847 10.080294 0.324578
57.977892 -33.597847 10.194801 0.233231
61.859268 -33.597847 10.088193 0.143652
65.740644 -33.597847 10.059549 0.396146
69.622020 -33.597847 10.033860 0.353430
73.503396 -33.597847 10.232918 0.230873
77.384772 -33.597847 10.077326 0.291261
81.266148 -33.597847 10.170596 0.186118
85.147524 -33.597847 10.033863 0.316660
89.028900 -33.597847 9.978765 0.386428
92.910276 -33.597847 9.882654 0.214703
96.791652 -33.597847 9.981826 0.278437
100.673028 -33.597847 9.938066 0.240657
104.554404 -33.597847 9.825068 0.251060
108.435780 -33.597847 9.930655 0.213247
112.317156 -33.597847 10.007416 0.334663
116.198532 -33.597847 10.058475 0.239235
120.079908 -33.597847 10.041828 0.152156
123.961284 -33.597847 10.056029 0.138661
127.842660 -33.597847 9.815875 0.220874
131.724036 -33.597847 9.991117 0.064016
135.605412 -33.597847 10.248252 0.125173
139.486788 -33.597847 9.860701 0.343857
-54.582013 -37.479223 0.000000 0.000000
-50.700637 -37.479223 0.000000 0.000000
-46.819261 -37.479223 8.587624 0.755470
-42.937885 -37.479223 12.426616 1.424607
-39.056509 -37.479223 10.174350 -0.228819
-35.175133 -37.479223 10.296104 -0.633682
-31.293757 -37.479223 10.100945 0.344645
-27.412381 -37.479223 10.052059 0.339232
-23.531005 -37.479223 10.503787 0.233261
-19.649629 -37.479223 10.320556 0.261090
-15.768253 -37.479223 10.236605 0.048887
-11.886877 -37.479223 10.108225 0.133119
-8.005501 -37.479223 10.169023 0.287516
-4.124125 -37.479223 10.311980 -0.028053
-0.242749 -37.479223 10.257756 0.000612
3.638627 -37.479223 10.140502 0.258019
7.520003 -37.479223 10.085994 0.331492
11.401379 -37.479223 10.090266 -0.003396
15.282755 -37.479223 10.228579 0.231325
19.164131 -37.479223 10.281113 0.198978
23.045507 -37.479223 10.125980 0.120324
26.926883 -37.479223 10.241700 0.287459
30.808259 -37.479223 10.204906 0.214457
34.689635 -37.479223 10.120122 0.253909
38.571011 -37.479223 10.142162 0.109682
42.452387 -37.479223 10.157810 0.138351
46.333763 -37.479223 10.325945 0.015710
50.215140 -37.479223 10.208220 0.283764
54.096516 -37.479223 10.172737 0.248153
57.977892 -37.479223 10.081114 0.287229
61.859268 -37.479223 10.091346 0.457105
65.740644 -37.479223 10.193117 0.294339
69.622020 -37.479223 10.112445 0.204197
73.503396 -37.479223 10.043590 0.274167
77.384772 -37.479223 10.048543 0.227208
81.266148 -37.479223 9.944486 0.348935
85.147524 -37.479223 10.153147 0.265632
89.028900 -37.479223 10.068652 0.289970
92.910276 -37.479223 9.933511 0.381695
96.791652 -37.479223 10.181680 0.198978
100.673028 -37.479223 9.953363 0.169012
104.554404 -37.479223 9.717151 0.200076
108.435780 -37.479223 10.053013 0.384067
112.317156 -37.479223 9.839614 0.218329
116.198532 -37.479223 9.940433 0.172120
120.079908 -37.479223 10.045674 0.195867
123.961284 -37.479223 9.629263 0.338212
127.842660 -37.479223 10.064901 0.240346
131.724036 -37.479223 9.808552 0.210982
135.605412 -37.479223 9.980055 0.110239
139.486788 -37.479223 10.172688 0.191246
-54.582013 -41.360599 0.000000 0.000000
-50.700637 -41.360599 0.000000 0.000000
-46.819261 -41.360599 0.000000 0.000000
-42.937885 -41.360599 0.000000 0.000000
-39.056509 -41.360599 9.839392 0.012110
-35.175133 -41.360599 9.924001 -0.585789
-31.293757 -41.360599 9.301998 -0.136963
-27.412381 -41.360599 10.193040 -0.050426
-23.531005 -41.360599 9.840065 0.191002
-19.649629 -41.360599 10.139540 0.201782
-15.768253 -41.360599 10.165444 -0.138298
-11.886877 -41.360599 10.165895 -0.128136
-8.005501 -41.360599 10.299256 0.054498
-4.124125 -41.360599 10.148452 0.362626
-0.242749 -41.360599 10.184329 0.260677
3.638627 -41.360599 10.058235 0.020263
7.520003 -41.360599 10.266766 -0.010020
11.401379 -41.360599 10.236771 0.458347
15.282755 -41.360599 10.252929 0.250093
19.164131 -41.360599 10.193043 0.323246
23.045507 -41.360599 10.257756 0.148089
26.926883 -41.360599 10.271732 0.448746
30.808259 -41.360599 10.181793 0.431510
34.689635 -41.360599 10.193913 0.293804
38.571011 -41.360599 10.241198 0.294719
42.452387 -41.360599 10.147378 0.288772
46.333763 -41.360599 10.106556 0.304923
50.215140 -41.360599 10.125783 0.367379
54.096516 -41.360599 10.115773 0.443564
57.977892 -41.360599 10.092813 0.363698
61.859268 -41.360599 10.192537 0.382790
65.740644 -41.360599 10.019165 0.391933
69.622020 -41.360599 10.079297 0.445410
73.503396 -41.360599 10.013508 0.331634
77.384772 -41.360599 10.046516 0.220350
81.266148 -41.360599 10.034455 0.273342
85.147524 -41.360599 10.065934 0.158290
89.028900 -41.360599 10.092731 0.311055
92.910276 -41.360599 9.848683 0.428822
96.791652 -41.360599 9.874516 0.110481
100.673028 -41.360599 9.964758 0.367163
104.554404 -41.360599 9.978731 0.209267
108.435780 -41.360599 9.805344 0.197136
112.317156 -41.360599 9.942188 0.109975
116.198532 -41.360599 9.785571 0.277960
120.079908 -41.360599 10.062544 0.292211
123.961284 -41.360599 9.919343 0.153358
127.842660 -41.360599 10.026926 0.482805
131.724036 -41.360599 9.897282 -0.112700
135.605412 -41.360599 9.614399 0.439864
139.486788 -41.360599 9.927496 0.302241
-54.582013 -45.241975 0.000000 0.000000
-50.700637 -45.241975 0.000000 0.000000
-46.819261 -45.241975 0.000000 0.000000
-42.937885 -45.241975 0.000000 0.000000
-39.056509 -45.241975 0.000000 0.000000
-35.175133 -45.241975 0.000000 0.000000
-31.293757 -45.241975 0.000000 0.000000
-27.412381 -45.241975 0.000000 0.000000
-23.531005 -45.241975 0.000000 0.000000
-19.649629 -45.241975 0.000000 0.000000
-15.768253 -45.241975 0.000000 0.000000
-11.886877 -45.241975 0.000000 0.000000
-8.005501 -45.241975 0.000000 0.000000
-4.124125 -45.241975 0.000000 0.000000
-0.242749 -45.241975 0.000000 0.000000
3.638627 -45.241975 0.000000 0.000000
7.520003 -45.241975 0.000000 0.000000
11.401379 -45.241975 0.000000 0.000000
15.282755 -45.241975 0.000000 0.000000
19.164131 -45.241975 0.000000 0.000000
23.045507 -45.241975 0.000000 0.000000
26.926883 -45.241975 0.000000 0.000000
30.808259 -45.241975 0.000000 0.000000
34.689635 -45.241975 0.000000 0.000000
38.571011 -45.241975 0.000000 0.000000
42.452387 -45.241975 0.000000 0.000000
46.333763 -45.241975 0.000000 0.000000
50.215140 -45.241975 0.000000 0.000000
54.096516 -45.241975 0.000000 0.000000
57.977892 -45.241975 0.000000 0.000000
61.859268 -45.241975 0.000000 0.000000
65.740644 -45.241975 0.000000 0.000000
69.622020 -45.241975 0.000000 0.000000
73.503396 -45.241975 0.000000 0.000000
77.384772 -45.241975 0.000000 0.000000
81.266148 -45.241975 0.000000 0.000000
85.147524 -45.241975 0.000000 0.000000
89.028900 -45.241975 0.000000 0.000000
92.910276 -45.241975 0.000000 0.000000
96.791652 -45.241975 0.000000 0.000000
100.673028 -45.241975 0.000000 0.000000
104.554404 -45.241975 0.000000 0.000000
108.435780 -45.241975 0.000000 0.000000
112.317156 -45.241975 0.000000 0.000000
116.198532 -45.241975 0.000000 0.000000
120.079908 -45.241975 0.000000 0.000000
123.961284 -45.241975 0.000000 0.000000
127.842660 -45.241975 0.000000 0.000000
131.724036 -45.241975 0.000000 0.000000
135.605412 -45.241975 0.000000 0.000000
139.486788 -45.241975 0.000000 0.000000
