TITLE = "B00015"
VARIABLES = "position", "position(2)", "Vx", "Vy"
ZONE T="Frame 0", I=51, J=39
-54.582013 102.250314 0.000000 0.000000
-50.700637 102.250314 0.000000 0.000000
-46.819261 102.250314 0.000000 0.000000
-42.937885 102.250314 0.000000 0.000000
-39.056509 102.250314 0.000000 0.000000
-35.175133 102.250314 0.000000 0.000000
-31.293757 102.250314 0.000000 0.000000
-27.412381 102.250314 0.000000 0.000000
-23.531005 102.250314 0.000000 0.000000
-19.649629 102.250314 0.000000 0.000000
-15.768253 102.250314 9.952821 0.139972
-11.886877 102.250314 10.141816 0.273188
-8.005501 102.250314 0.000000 0.000000
-4.124125 102.250314 9.653666 0.571629
-0.242749 102.250314 9.029341 0.050698
3.638627 102.250314 9.214552 0.042875
7.520003 102.250314 10.390389 -0.715270
11.401379 102.250314 0.000000 0.000000
15.282755 102.250314 0.000000 0.000000
19.164131 102.250314 6.505315 -0.558877
23.045507 102.250314 11.393008 0.171534
26.926883 102.250314 10.860782 -0.344329
30.808259 102.250314 10.682357 -1.638061
34.689635 102.250314 8.693572 -0.653054
38.571011 102.250314 0.000000 0.000000
42.452387 102.250314 10.314643 0.303831
46.333763 102.250314 0.000000 0.000000
50.215140 102.250314 0.000000 0.000000
54.096516 102.250314 0.000000 0.000000
57.977892 102.250314 0.000000 0.000000
61.859268 102.250314 0.000000 0.000000
65.740644 102.250314 0.000000 0.000000
69.622020 102.250314 8.898614 1.605762
73.503396 102.250314 9.268682 0.565902
77.384772 102.250314 11.165201 -1.655912
81.266148 102.250314 9.500100 -0.480590
85.147524 102.250314 0.000000 0.000000
89.028900 102.250314 9.491614 0.436571
92.910276 102.250314 10.527625 0.437499
96.791652 102.250314 9.888064 -1.815447
100.673028 102.250314 11.030486 0.168258
104.554404 102.250314 9.921407 0.141909
108.435780 102.250314 0.000000 0.000000
112.317156 102.250314 10.598467 0.282109
116.198532 102.250314 9.883833 0.543349
120.079908 102.250314 10.278080 -0.573354
123.961284 102.250314 9.866954 -0.189502
127.842660 102.250314 9.303976 -0.756220
131.724036 102.250314 8.772298 -0.458655
135.605412 102.250314 9.303155 0.733427
139.486788 102.250314 9.833611 -0.978035
-54.582013 98.368938 0.000000 0.000000
-50.700637 98.368938 0.000000 0.000000
-46.819261 98.368938 0.000000 0.000000
-42.937885 98.368938 11.138754 0.163825
-39.056509 98.368938 0.000000 0.000000
-35.175133 98.368938 0.000000 0.000000
-31.293757 98.368938 0.000000 0.000000
-27.412381 98.368938 0.000000 0.000000
-23.531005 98.368938 0.000000 0.000000
-19.649629 98.368938 0.000000 0.000000
-15.768253 98.368938 9.783502 -0.647047
-11.886877 98.368938 9.413836 0.440203
-8.005501 98.368938 10.732636 0.363554
-4.124125 98.368938 8.904058 -0.925869
-0.242749 98.368938 10.038463 -0.370865
3.638627 98.368938 0.000000 0.000000
7.520003 98.368938 0.000000 0.000000
11.401379 98.368938 9.394232 -0.612153
15.282755 98.368938 7.644976 1.323388
19.164131 98.368938 9.185328 -0.322218
23.045507 98.368938 10.704443 -0.515126
26.926883 98.368938 0.000000 0.000000
30.808259 98.368938 9.380882 2.877784
34.689635 98.368938 9.120615 2.959003
38.571011 98.368938 9.511267 -0.733757
42.452387 98.368938 10.709742 -0.695548
46.333763 98.368938 11.034126 -0.350684
50.215140 98.368938 0.000000 0.000000
54.096516 98.368938 0.000000 0.000000
57.977892 98.368938 0.000000 0.000000
61.859268 98.368938 0.000000 0.000000
65.740644 98.368938 0.000000 0.000000
69.622020 98.368938 0.000000 0.000000
73.503396 98.368938 9.694942 0.793555
77.384772 98.368938 9.224648 -0.644738
81.266148 98.368938 9.147411 0.370687
85.147524 98.368938 9.543371 -0.720163
89.028900 98.368938 0.000000 0.000000
92.910276 98.368938 8.036420 0.114695
96.791652 98.368938 10.942148 0.614744
100.673028 98.368938 9.235342 1.260164
104.554404 98.368938 8.447637 0.154016
108.435780 98.368938 10.339616 -0.599306
112.317156 98.368938 10.556234 0.120201
116.198532 98.368938 10.320908 -0.652566
120.079908 98.368938 9.789057 0.240603
123.961284 98.368938 10.127840 0.607919
127.842660 98.368938 10.517399 -0.640433
131.724036 98.368938 10.308918 -0.114618
135.605412 98.368938 9.334927 0.351287
139.486788 98.368938 10.169239 -0.062072
-54.582013 94.487562 0.000000 0.000000
-50.700637 94.487562 0.000000 0.000000
-46.819261 94.487562 11.361829 -0.253474
-42.937885 94.487562 11.809743 0.163127
-39.056509 94.487562 0.000000 0.000000
-35.175133 94.487562 0.000000 0.000000
-31.293757 94.487562 0.000000 0.000000
-27.412381 94.487562 0.000000 0.000000
-23.531005 94.487562 0.000000 0.000000
-19.649629 94.487562 0.000000 0.000000
-15.768253 94.487562 10.677119 -0.069418
-11.886877 94.487562 10.124762 -0.807519
-8.005501 94.487562 10.491631 0.407595
-4.124125 94.487562 11.158736 0.165295
-0.242749 94.487562 0.000000 0.000000
3.638627 94.487562 0.000000 0.000000
7.520003 94.487562 9.854785 -0.568126
11.401379 94.487562 0.000000 0.000000
15.282755 94.487562 8.823237 2.028660
19.164131 94.487562 8.650692 1.738545
23.045507 94.487562 9.689420 0.140106
26.926883 94.487562 0.000000 0.000000
30.808259 94.487562 9.686623 1.037078
34.689635 94.487562 0.000000 0.000000
38.571011 94.487562 10.157533 0.492992
42.452387 94.487562 0.000000 0.000000
46.333763 94.487562 10.348423 0.537409
50.215140 94.487562 8.641577 -0.274744
54.096516 94.487562 7.637372 -0.317613
57.977892 94.487562 0.000000 0.000000
61.859268 94.487562 0.000000 0.000000
65.740644 94.487562 0.000000 0.000000
69.622020 94.487562 0.000000 0.000000
73.503396 94.487562 9.637860 -0.166822
77.384772 94.487562 9.882136 2.098206
81.266148 94.487562 11.733534 0.400463
85.147524 94.487562 9.515023 -0.131925
89.028900 94.487562 10.336679 1.025244
92.910276 94.487562 10.280064 0.216280
96.791652 94.487562 9.722867 0.911305
100.673028 94.487562 10.076533 0.267639
104.554404 94.487562 9.117500 -0.646863
108.435780 94.487562 9.881362 0.011122
112.317156 94.487562 9.540422 -0.257052
116.198532 94.487562 9.528973 -0.421538
120.079908 94.487562 10.475460 0.505980
123.961284 94.487562 10.520367 -0.298894
127.842660 94.487562 10.199280 -0.037799
131.724036 94.487562 9.334788 -0.162841
135.605412 94.487562 9.821332 -0.548569
139.486788 94.487562 9.435798 0.470113
-54.582013 90.606186 0.000000 0.000000
-50.700637 90.606186 10.901082 0.661665
-46.819261 90.606186 11.238234 0.273429
-42.937885 90.606186 0.000000 0.000000
-39.056509 90.606186 11.368423 0.027270
-35.175133 90.606186 0.000000 0.000000
-31.293757 90.606186 0.000000 0.000000
-27.412381 90.606186 0.000000 0.000000
-23.531005 90.606186 0.000000 0.000000
-19.649629 90.606186 0.000000 0.000000
-15.768253 90.606186 10.512153 0.492011
-11.886877 90.606186 9.875520 -0.674739
-8.005501 90.606186 10.414940 -0.009488
-4.124125 90.606186 9.542471 -0.728685
-0.242749 90.606186 10.088116 -0.723664
3.638627 90.606186 10.195859 -0.651835
7.520003 90.606186 10.900200 -0.352392
11.401379 90.606186 9.077806 0.459423
15.282755 90.606186 10.445497 1.159058
19.164131 90.606186 10.515644 -0.495037
23.045507 90.606186 10.539165 0.651288
26.926883 90.606186 10.205228 -0.220068
30.808259 90.606186 10.832381 -0.753211
34.689635 90.606186 10.362007 0.100599
38.571011 90.606186 10.259036 -0.133013
42.452387 90.606186 9.486812 0.723478
46.333763 90.606186 9.443189 0.422849
50.215140 90.606186 11.032988 -0.149172
54.096516 90.606186 11.220457 0.152707
57.977892 90.606186 9.979003 -0.793615
61.859268 90.606186 0.000000 0.000000
65.740644 90.606186 0.000000 0.000000
69.622020 90.606186 0.000000 0.000000
73.503396 90.606186 10.070191 0.596846
77.384772 90.606186 9.678624 1.624247
81.266148 90.606186 9.826865 -0.214895
85.147524 90.606186 10.232305 0.277659
89.028900 90.606186 9.501596 0.235176
92.910276 90.606186 10.295345 -0.413587
96.791652 90.606186 9.675462 -0.366114
100.673028 90.606186 10.535092 0.406196
104.554404 90.606186 9.488885 -0.473503
108.435780 90.606186 9.537486 0.255314
112.317156 90.606186 10.092570 1.260012
116.198532 90.606186 9.521986 -0.190541
120.079908 90.606186 10.120421 -0.051166
123.961284 90.606186 9.743589 -0.128568
127.842660 90.606186 10.138133 -0.807042
131.724036 90.606186 9.367565 -0.530666
135.605412 90.606186 0.000000 0.000000
139.486788 90.606186 10.465559 0.060803
-54.582013 86.724810 0.000000 0.000000
-50.700637 86.724810 0.000000 0.000000
-46.819261 86.724810 10.369102 0.141610
-42.937885 86.724810 10.987026 0.962457
-39.056509 86.724810 10.412611 -0.550776
-35.175133 86.724810 0.000000 0.000000
-31.293757 86.724810 0.000000 0.000000
-27.412381 86.724810 0.000000 0.000000
-23.531005 86.724810 0.000000 0.000000
-19.649629 86.724810 0.000000 0.000000
-15.768253 86.724810 10.530269 0.253667
-11.886877 86.724810 9.583697 1.142531
-8.005501 86.724810 11.063779 0.575187
-4.124125 86.724810 8.760216 1.043856
-0.242749 86.724810 11.782963 0.134086
3.638627 86.724810 10.395784 0.625392
7.520003 86.724810 11.419959 -1.565802
11.401379 86.724810 10.470220 -0.382798
15.282755 86.724810 9.925780 -0.221434
19.164131 86.724810 10.749681 0.049926
23.045507 86.724810 10.277519 0.138767
26.926883 86.724810 10.644089 0.003564
30.808259 86.724810 10.279068 -0.273099
34.689635 86.724810 10.423080 -0.569904
38.571011 86.724810 10.681918 0.602588
42.452387 86.724810 10.107830 -0.193498
46.333763 86.724810 10.300179 0.375811
50.215140 86.724810 9.996829 -0.660792
54.096516 86.724810 0.000000 0.000000
57.977892 86.724810 0.000000 0.000000
61.859268 86.724810 0.000000 0.000000
65.740644 86.724810 0.000000 0.000000
69.622020 86.724810 0.000000 0.000000
73.503396 86.724810 8.245781 -0.775258
77.384772 86.724810 10.333163 0.409569
81.266148 86.724810 12.015541 -1.009591
85.147524 86.724810 9.384009 -0.202676
89.028900 86.724810 10.751592 -0.664040
92.910276 86.724810 9.402761 0.446711
96.791652 86.724810 10.359243 -0.936079
100.673028 86.724810 9.389893 -1.732004
104.554404 86.724810 9.753367 -0.808150
108.435780 86.724810 9.415365 0.184304
112.317156 86.724810 9.683417 -1.310357
116.198532 86.724810 8.076517 0.433717
120.079908 86.724810 0.000000 0.000000
123.961284 86.724810 9.535685 0.122587
127.842660 86.724810 10.012095 0.527011
131.724036 86.724810 9.878901 -0.307364
135.605412 86.724810 10.118712 0.663332
139.486788 86.724810 9.485495 0.022866
-54.582013 82.843434 0.000000 0.000000
-50.700637 82.843434 0.000000 0.000000
-46.819261 82.843434 0.000000 0.000000
-42.937885 82.843434 10.273201 0.843358
-39.056509 82.843434 9.364703 2.192362
-35.175133 82.843434 0.000000 0.000000
-31.293757 82.843434 0.000000 0.000000
-27.412381 82.843434 0.000000 0.000000
-23.531005 82.843434 0.000000 0.000000
-19.649629 82.843434 0.000000 0.000000
-15.768253 82.843434 10.245605 0.085613
-11.886877 82.843434 10.471201 0.205161
-8.005501 82.843434 10.247672 0.313904
-4.124125 82.843434 11.345995 1.273461
-0.242749 82.843434 11.332549 0.567239
3.638627 82.843434 10.164695 0.596401
7.520003 82.843434 10.037059 0.667441
11.401379 82.843434 10.503981 0.067230
15.282755 82.843434 10.420547 0.445240
19.164131 82.843434 10.450981 0.344988
23.045507 82.843434 10.320303 -0.288264
26.926883 82.843434 10.122705 -0.692284
30.808259 82.843434 10.039450 -0.921015
34.689635 82.843434 10.896544 -0.444182
38.571011 82.843434 10.542515 0.433818
42.452387 82.843434 10.822026 0.099211
46.333763 82.843434 7.937443 0.226979
50.215140 82.843434 10.234735 -0.674086
54.096516 82.843434 10.092141 -0.324615
57.977892 82.843434 10.504712 -0.434023
61.859268 82.843434 0.000000 0.000000
65.740644 82.843434 0.000000 0.000000
69.622020 82.843434 9.079824 1.042522
73.503396 82.843434 9.910947 -0.464547
77.384772 82.843434 9.324945 -0.213075
81.266148 82.843434 9.937021 0.883856
85.147524 82.843434 10.363426 -0.686504
89.028900 82.843434 10.084285 -0.604989
92.910276 82.843434 9.689762 0.416075
96.791652 82.843434 10.026602 -0.424137
100.673028 82.843434 10.635331 0.147164
104.554404 82.843434 9.498243 -0.436022
108.435780 82.843434 10.046874 0.648614
112.317156 82.843434 10.275381 -0.158956
116.198532 82.843434 8.067492 0.162423
120.079908 82.843434 9.686823 0.471254
123.961284 82.843434 9.701123 -0.296326
127.842660 82.843434 10.087076 -0.142799
131.724036 82.843434 10.062560 -0.590800
135.605412 82.843434 11.999921 -0.354049
139.486788 82.843434 10.031991 0.673505
-54.582013 78.962058 0.000000 0.000000
-50.700637 78.962058 12.032935 -0.352830
-46.819261 78.962058 9.551229 1.229351
-42.937885 78.962058 0.000000 0.000000
-39.056509 78.962058 10.865985 -0.513468
-35.175133 78.962058 0.000000 0.000000
-31.293757 78.962058 0.000000 0.000000
-27.412381 78.962058 0.000000 0.000000
-23.531005 78.962058 0.000000 0.000000
-19.649629 78.962058 0.000000 0.000000
-15.768253 78.962058 10.338154 0.254838
-11.886877 78.962058 10.187932 0.750764
-8.005501 78.962058 11.136530 -0.150899
-4.124125 78.962058 11.281564 -0.558429
-0.242749 78.962058 10.132093 0.765148
3.638627 78.962058 10.654264 -0.490364
7.520003 78.962058 9.993220 0.787533
11.401379 78.962058 10.110205 0.428834
15.282755 78.962058 10.597610 0.091967
19.164131 78.962058 10.470599 -0.330638
23.045507 78.962058 10.354793 -0.705689
26.926883 78.962058 9.865060 -0.232901
30.808259 78.962058 10.855794 -0.355207
34.689635 78.962058 10.474627 -0.648672
38.571011 78.962058 10.048136 -0.252317
42.452387 78.962058 10.132871 -0.192209
46.333763 78.962058 10.517241 0.306740
50.215140 78.962058 10.498441 -0.101984
54.096516 78.962058 10.385435 -0.008793
57.977892 78.962058 10.269953 -0.487271
61.859268 78.962058 0.000000 0.000000
65.740644 78.962058 0.000000 0.000000
69.622020 78.962058 10.191476 -0.177988
73.503396 78.962058 9.637943 -1.032937
77.384772 78.962058 10.308906 -0.247064
81.266148 78.962058 9.692091 -0.329160
85.147524 78.962058 9.880365 0.426142
89.028900 78.962058 10.323989 0.143046
92.910276 78.962058 9.874051 -0.393128
96.791652 78.962058 9.339319 0.076920
100.673028 78.962058 9.664045 -0.123771
104.554404 78.962058 9.750496 -0.061873
108.435780 78.962058 9.427772 0.463597
112.317156 78.962058 9.823392 -0.109108
116.198532 78.962058 9.338715 -0.316001
120.079908 78.962058 10.668670 0.037406
123.961284 78.962058 10.158412 0.124854
127.842660 78.962058 9.742572 -0.103140
131.724036 78.962058 9.603997 -0.382233
135.605412 78.962058 9.719773 -0.449216
139.486788 78.962058 9.485235 0.029003
-54.582013 75.080682 0.000000 0.000000
-50.700637 75.080682 0.000000 0.000000
-46.819261 75.080682 10.190088 -0.182935
-42.937885 75.080682 9.085352 1.061397
-39.056509 75.080682 10.064509 0.518031
-35.175133 75.080682 0.000000 0.000000
-31.293757 75.080682 0.000000 0.000000
-27.412381 75.080682 0.000000 0.000000
-23.531005 75.080682 0.000000 0.000000
-19.649629 75.080682 0.000000 0.000000
-15.768253 75.080682 10.636118 0.179253
-11.886877 75.080682 10.636808 0.112572
-8.005501 75.080682 10.457850 0.681605
-4.124125 75.080682 10.838636 -0.007459
-0.242749 75.080682 10.912940 0.045013
3.638627 75.080682 10.039785 0.654146
7.520003 75.080682 9.859140 -0.315633
11.401379 75.080682 11.055839 0.586831
15.282755 75.080682 11.040174 -0.649570
19.164131 75.080682 10.099572 0.323819
23.045507 75.080682 10.490905 0.154070
26.926883 75.080682 10.535475 -0.301591
30.808259 75.080682 10.215931 -0.468413
34.689635 75.080682 11.016124 0.312187
38.571011 75.080682 10.471164 0.461717
42.452387 75.080682 10.488915 -0.279401
46.333763 75.080682 9.921280 -0.798516
50.215140 75.080682 10.278167 -0.475665
54.096516 75.080682 10.567765 -0.571582
57.977892 75.080682 9.572975 -0.284168
61.859268 75.080682 0.000000 0.000000
65.740644 75.080682 0.000000 0.000000
69.622020 75.080682 9.854815 -0.147605
73.503396 75.080682 10.017148 -0.250150
77.384772 75.080682 10.050684 -0.833851
81.266148 75.080682 9.349628 -0.648658
85.147524 75.080682 10.730711 -0.099464
89.028900 75.080682 8.742414 -0.724767
92.910276 75.080682 10.261797 -0.906932
96.791652 75.080682 9.710473 0.066661
100.673028 75.080682 9.178690 -0.509854
104.554404 75.080682 9.325945 -0.508856
108.435780 75.080682 9.546102 -0.331533
112.317156 75.080682 10.041054 -0.377230
116.198532 75.080682 9.801393 -0.183515
120.079908 75.080682 10.087811 0.107628
123.961284 75.080682 9.228445 0.697655
127.842660 75.080682 9.898334 0.049414
131.724036 75.080682 9.812920 -0.824393
135.605412 75.080682 9.564730 -0.095669
139.486788 75.080682 9.668071 -0.390323
-54.582013 71.199306 0.000000 0.000000
-50.700637 71.199306 10.270473 0.328392
-46.819261 71.199306 10.410732 -0.263018
-42.937885 71.199306 10.234821 0.250212
-39.056509 71.199306 10.101016 0.473947
-35.175133 71.199306 0.000000 0.000000
-31.293757 71.199306 0.000000 0.000000
-27.412381 71.199306 0.000000 0.000000
-23.531005 71.199306 0.000000 0.000000
-19.649629 71.199306 0.000000 0.000000
-15.768253 71.199306 10.286952 0.221796
-11.886877 71.199306 10.760265 0.029730
-8.005501 71.199306 10.534617 0.700166
-4.124125 71.199306 10.428883 0.548131
-0.242749 71.199306 10.615904 0.468520
3.638627 71.199306 10.425835 0.226283
7.520003 71.199306 10.177342 0.645282
11.401379 71.199306 10.505332 0.700312
15.282755 71.199306 10.559332 0.657693
19.164131 71.199306 10.347302 0.037502
23.045507 71.199306 10.489292 -0.279670
26.926883 71.199306 10.404952 -0.126352
30.808259 71.199306 9.808632 -0.470135
34.689635 71.199306 10.434835 -0.552493
38.571011 71.199306 10.179085 -0.171793
42.452387 71.199306 10.134095 -0.456334
46.333763 71.199306 10.281788 -0.291199
50.215140 71.199306 9.754179 -0.299873
54.096516 71.199306 10.554637 -0.717180
57.977892 71.199306 10.103088 -0.526149
61.859268 71.199306 0.000000 0.000000
65.740644 71.199306 0.000000 0.000000
69.622020 71.199306 9.340103 0.272300
73.503396 71.199306 9.856283 -0.604941
77.384772 71.199306 9.560205 -0.412672
81.266148 71.199306 9.864964 -0.005113
85.147524 71.199306 9.103909 -0.344178
89.028900 71.199306 9.554186 -0.344048
92.910276 71.199306 10.277784 -0.247553
96.791652 71.199306 9.934822 0.064796
100.673028 71.199306 10.302020 0.432698
104.554404 71.199306 9.977800 -0.917474
108.435780 71.199306 9.721066 -0.574049
112.317156 71.199306 9.937989 -0.193251
116.198532 71.199306 9.961235 -0.340006
120.079908 71.199306 10.215249 0.287974
123.961284 71.199306 9.861990 -0.175684
127.842660 71.199306 9.825024 -0.311573
131.724036 71.199306 9.624319 0.209788
135.605412 71.199306 9.799307 -0.205847
139.486788 71.199306 10.075216 0.181122
-54.582013 67.317930 10.999787 -0.545272
-50.700637 67.317930 11.019440 -1.317740
-46.819261 67.317930 12.486467 0.896592
-42.937885 67.317930 10.574237 0.293186
-39.056509 67.317930 9.667688 0.902068
-35.175133 67.317930 0.000000 0.000000
-31.293757 67.317930 0.000000 0.000000
-27.412381 67.317930 0.000000 0.000000
-23.531005 67.317930 0.000000 0.000000
-19.649629 67.317930 10.837147 0.713662
-15.768253 67.317930 10.629354 0.644363
-11.886877 67.317930 10.654357 0.710968
-8.005501 67.317930 11.131536 -0.208713
-4.124125 67.317930 10.693992 0.088285
-0.242749 67.317930 10.477688 -0.660790
3.638627 67.317930 10.421044 -0.044928
7.520003 67.317930 10.343922 -1.592884
11.401379 67.317930 10.666128 -0.082513
15.282755 67.317930 10.380472 0.661398
19.164131 67.317930 10.331173 0.143928
23.045507 67.317930 10.863320 -0.458100
26.926883 67.317930 10.256698 -0.182723
30.808259 67.317930 10.012554 -0.540320
34.689635 67.317930 10.708792 -0.611991
38.571011 67.317930 10.609815 -0.245817
42.452387 67.317930 10.110189 0.211370
46.333763 67.317930 10.365212 -0.470403
50.215140 67.317930 10.078930 -0.294054
54.096516 67.317930 10.292372 -0.918981
57.977892 67.317930 10.266957 -0.626160
61.859268 67.317930 0.000000 0.000000
65.740644 67.317930 0.000000 0.000000
69.622020 67.317930 9.743691 -0.473580
73.503396 67.317930 9.802990 -0.161254
77.384772 67.317930 9.922887 -0.327501
81.266148 67.317930 9.839328 -0.108993
85.147524 67.317930 9.546582 -0.532751
89.028900 67.317930 9.817846 0.004963
92.910276 67.317930 9.852299 -0.188973
96.791652 67.317930 9.616583 -0.246127
100.673028 67.317930 10.065604 -0.511964
104.554404 67.317930 9.781108 0.011065
108.435780 67.317930 9.679894 -0.299404
112.317156 67.317930 9.917499 -0.156428
116.198532 67.317930 9.812593 0.201152
120.079908 67.317930 9.674817 0.189309
123.961284 67.317930 9.261639 -0.138701
127.842660 67.317930 10.600531 -0.449546
131.724036 67.317930 9.904675 0.034361
135.605412 67.317930 9.813410 -0.033848
139.486788 67.317930 9.580717 -0.618700
-54.582013 63.436554 8.293506 0.775346
-50.700637 63.436554 0.000000 0.000000
-46.819261 63.436554 9.513768 0.763265
-42.937885 63.436554 9.788258 1.102756
-39.056509 63.436554 9.911721 1.754044
-35.175133 63.436554 0.000000 0.000000
-31.293757 63.436554 0.000000 0.000000
-27.412381 63.436554 0.000000 0.000000
-23.531005 63.436554 0.000000 0.000000
-19.649629 63.436554 10.503410 0.404002
-15.768253 63.436554 10.651109 0.048750
-11.886877 63.436554 11.133590 0.230350
-8.005501 63.436554 11.756549 0.018130
-4.124125 63.436554 11.024193 -0.319836
-0.242749 63.436554 10.759481 0.313756
3.638627 63.436554 10.991561 0.379827
7.520003 63.436554 10.025507 0.585630
11.401379 63.436554 10.436909 -0.614963
15.282755 63.436554 10.775485 -0.818337
19.164131 63.436554 10.365243 -0.391236
23.045507 63.436554 10.355178 0.227987
26.926883 63.436554 10.457381 -0.452332
30.808259 63.436554 10.216502 -0.637732
34.689635 63.436554 10.576288 -0.186932
38.571011 63.436554 10.731513 -0.789827
42.452387 63.436554 10.383781 -0.822971
46.333763 63.436554 10.195249 -0.467403
50.215140 63.436554 10.118672 -0.543091
54.096516 63.436554 10.289031 -0.519197
57.977892 63.436554 9.548538 -0.616370
61.859268 63.436554 0.000000 0.000000
65.740644 63.436554 0.000000 0.000000
69.622020 63.436554 10.159470 -0.309181
73.503396 63.436554 9.844929 -0.161723
77.384772 63.436554 9.514968 0.141941
81.266148 63.436554 9.607690 -0.438505
85.147524 63.436554 9.387113 0.373905
89.028900 63.436554 9.868416 0.313284
92.910276 63.436554 9.802697 -0.333524
96.791652 63.436554 9.952028 -0.264539
100.673028 63.436554 10.089211 -0.175151
104.554404 63.436554 9.190289 -0.258117
108.435780 63.436554 10.058818 0.304323
112.317156 63.436554 10.361776 -0.312667
116.198532 63.436554 10.126316 -0.113849
120.079908 63.436554 9.695459 -0.567093
123.961284 63.436554 9.604478 -0.123990
127.842660 63.436554 9.842551 0.131676
131.724036 63.436554 9.918294 -0.651892
135.605412 63.436554 9.981048 0.573839
139.486788 63.436554 9.974320 -0.241447
-54.582013 59.555178 9.912366 1.462755
-50.700637 59.555178 9.856296 0.680424
-46.819261 59.555178 10.239282 1.000974
-42.937885 59.555178 9.746421 1.059625
-39.056509 59.555178 9.878373 1.213658
-35.175133 59.555178 0.000000 0.000000
-31.293757 59.555178 0.000000 0.000000
-27.412381 59.555178 0.000000 0.000000
-23.531005 59.555178 0.000000 0.000000
-19.649629 59.555178 10.472031 1.215194
-15.768253 59.555178 10.505020 0.691650
-11.886877 59.555178 10.679821 0.344238
-8.005501 59.555178 10.980407 0.461208
-4.124125 59.555178 10.730523 0.483999
-0.242749 59.555178 11.011429 0.066910
3.638627 59.555178 10.861855 0.287467
7.520003 59.555178 11.047418 -0.238575
11.401379 59.555178 10.531838 -0.200156
15.282755 59.555178 10.865584 -0.218453
19.164131 59.555178 10.888025 -0.179902
23.045507 59.555178 10.206128 -0.519503
26.926883 59.555178 10.315500 0.218235
30.808259 59.555178 10.233684 -0.680655
34.689635 59.555178 11.019060 -0.276052
38.571011 59.555178 10.447149 -0.802745
42.452387 59.555178 10.311993 -0.487936
46.333763 59.555178 10.607545 -0.586597
50.215140 59.555178 10.139892 -0.155099
54.096516 59.555178 10.346775 -0.278503
57.977892 59.555178 9.740326 -0.361959
61.859268 59.555178 0.000000 0.000000
65.740644 59.555178 0.000000 0.000000
69.622020 59.555178 9.893931 -0.350320
73.503396 59.555178 9.764565 -0.586987
77.384772 59.555178 10.104329 -0.281766
81.266148 59.555178 9.828531 -0.277739
85.147524 59.555178 9.723129 -0.088506
89.028900 59.555178 9.431134 -0.249865
92.910276 59.555178 9.783014 -0.339022
96.791652 59.555178 10.132908 0.228603
100.673028 59.555178 9.305583 0.481565
104.554404 59.555178 9.877090 0.179253
108.435780 59.555178 10.411464 -0.532301
112.317156 59.555178 9.887007 -0.057626
116.198532 59.555178 10.043497 0.273469
120.079908 59.555178 10.294601 -0.364840
123.961284 59.555178 9.982038 0.404236
127.842660 59.555178 9.756480 -0.340540
131.724036 59.555178 9.810381 0.222631
135.605412 59.555178 9.688248 0.133363
139.486788 59.555178 9.437880 0.690959
-54.582013 55.673802 0.000000 0.000000
-50.700637 55.673802 0.000000 0.000000
-46.819261 55.673802 9.578398 1.146842
-42.937885 55.673802 9.482234 1.225936
-39.056509 55.673802 9.446073 1.262958
-35.175133 55.673802 0.000000 0.000000
-31.293757 55.673802 0.000000 0.000000
-27.412381 55.673802 0.000000 0.000000
-23.531005 55.673802 10.537385 0.997847
-19.649629 55.673802 11.109724 0.741316
-15.768253 55.673802 11.025504 0.565623
-11.886877 55.673802 11.356067 -0.123214
-8.005501 55.673802 10.949690 -0.087753
-4.124125 55.673802 11.050191 0.234334
-0.242749 55.673802 11.712564 -0.463230
3.638627 55.673802 10.964453 -0.035095
7.520003 55.673802 10.983220 -0.180869
11.401379 55.673802 11.155556 -0.238051
15.282755 55.673802 10.944942 -0.515053
19.164131 55.673802 10.596638 -0.372123
23.045507 55.673802 10.905324 0.009237
26.926883 55.673802 10.320133 -0.368007
30.808259 55.673802 10.526518 -0.853707
34.689635 55.673802 10.707802 -0.672172
38.571011 55.673802 10.726217 -0.718209
42.452387 55.673802 10.620963 -0.365633
46.333763 55.673802 10.516073 -0.379715
50.215140 55.673802 10.522208 -0.819171
54.096516 55.673802 10.178863 -0.700002
57.977892 55.673802 10.045918 -0.625786
61.859268 55.673802 0.000000 0.000000
65.740644 55.673802 0.000000 0.000000
69.622020 55.673802 9.819706 -0.612662
73.503396 55.673802 9.650819 -0.366551
77.384772 55.673802 9.603035 -0.294500
81.266148 55.673802 9.669662 0.147845
85.147524 55.673802 9.743762 -0.444307
89.028900 55.673802 10.661523 -0.780123
92.910276 55.673802 10.241031 -0.071985
96.791652 55.673802 9.752498 -0.236094
100.673028 55.673802 9.470922 -0.035344
104.554404 55.673802 9.461884 0.094179
108.435780 55.673802 10.256001 -0.682628
112.317156 55.673802 9.744676 -0.597868
116.198532 55.673802 9.628828 0.121354
120.079908 55.673802 9.996391 -0.152324
123.961284 55.673802 9.442661 -0.243645
127.842660 55.673802 9.753584 -0.691772
131.724036 55.673802 10.141961 0.142763
135.605412 55.673802 9.547246 -0.011820
139.486788 55.673802 9.261516 -0.061383
-54.582013 51.792426 8.382964 -0.407484
-50.700637 51.792426 9.092369 0.918520
-46.819261 51.792426 9.107512 1.250327
-42.937885 51.792426 9.391872 1.087576
-39.056509 51.792426 9.604050 1.094597
-35.175133 51.792426 0.000000 0.000000
-31.293757 51.792426 0.000000 0.000000
-27.412381 51.792426 0.000000 0.000000
-23.531005 51.792426 10.923995 0.982898
-19.649629 51.792426 11.243363 1.144318
-15.768253 51.792426 11.280622 0.853566
-11.886877 51.792426 11.102139 0.650879
-8.005501 51.792426 11.646775 0.178210
-4.124125 51.792426 11.237517 0.157166
-0.242749 51.792426 11.048402 0.304872
3.638627 51.792426 11.017836 -0.045588
7.520003 51.792426 10.821157 -0.153615
11.401379 51.792426 10.805223 0.126654
15.282755 51.792426 10.859563 -0.341764
19.164131 51.792426 10.724376 -0.254181
23.045507 51.792426 10.669491 -0.611359
26.926883 51.792426 10.832196 -0.596827
30.808259 51.792426 10.582728 -0.179185
34.689635 51.792426 10.165090 -0.872711
38.571011 51.792426 10.341170 -0.453578
42.452387 51.792426 10.089199 -0.570948
46.333763 51.792426 10.549174 -0.560232
50.215140 51.792426 10.395824 -0.637827
54.096516 51.792426 10.373729 -0.452403
57.977892 51.792426 10.385790 -0.797336
61.859268 51.792426 0.000000 0.000000
65.740644 51.792426 0.000000 0.000000
69.622020 51.792426 10.136403 -0.648194
73.503396 51.792426 9.629319 -0.488149
77.384772 51.792426 10.066357 0.054216
81.266148 51.792426 9.540367 -0.173187
85.147524 51.792426 10.043867 -0.304954
89.028900 51.792426 9.935599 0.469579
92.910276 51.792426 9.949733 0.129260
96.791652 51.792426 9.758781 0.280203
100.673028 51.792426 9.584617 -0.409116
104.554404 51.792426 9.574342 0.375473
108.435780 51.792426 9.398914 0.107387
112.317156 51.792426 9.557089 0.262671
116.198532 51.792426 9.106364 0.408925
120.079908 51.792426 9.196889 0.275330
123.961284 51.792426 10.002086 -0.028644
127.842660 51.792426 9.547236 0.102071
131.724036 51.792426 9.449549 0.034292
135.605412 51.792426 10.186121 -0.202895
139.486788 51.792426 9.691795 -0.195941
-54.582013 47.911049 0.000000 0.000000
-50.700637 47.911049 9.833284 0.684906
-46.819261 47.911049 9.358334 1.052260
-42.937885 47.911049 9.237560 1.148120
-39.056509 47.911049 9.335476 1.207131
-35.175133 47.911049 0.000000 0.000000
-31.293757 47.911049 0.000000 0.000000
-27.412381 47.911049 0.000000 0.000000
-23.531005 47.911049 10.502383 1.440606
-19.649629 47.911049 11.078872 0.887021
-15.768253 47.911049 11.776334 0.752253
-11.886877 47.911049 11.247879 0.704169
-8.005501 47.911049 11.449550 0.289557
-4.124125 47.911049 11.241549 0.303200
-0.242749 47.911049 11.328311 0.141867
3.638627 47.911049 11.303101 -0.034907
7.520003 47.911049 11.149707 -0.327251
11.401379 47.911049 10.623110 -0.365163
15.282755 47.911049 10.689448 -0.161604
19.164131 47.911049 9.035698 0.318588
23.045507 47.911049 0.000000 0.000000
26.926883 47.911049 10.855328 0.349308
30.808259 47.911049 10.077958 -0.931386
34.689635 47.911049 10.494335 -0.739993
38.571011 47.911049 10.292812 -0.454155
42.452387 47.911049 10.771222 -0.136864
46.333763 47.911049 10.228010 -0.654334
50.215140 47.911049 10.320081 -0.571553
54.096516 47.911049 10.220098 -0.568690
57.977892 47.911049 9.795053 -0.840076
61.859268 47.911049 0.000000 0.000000
65.740644 47.911049 0.000000 0.000000
69.622020 47.911049 9.754210 -0.470189
73.503396 47.911049 9.171601 -0.388313
77.384772 47.911049 9.879147 -0.645945
81.266148 47.911049 9.657920 -0.480658
85.147524 47.911049 9.571624 -0.282527
89.028900 47.911049 9.574853 0.096879
92.910276 47.911049 9.338367 0.430875
96.791652 47.911049 10.254452 -0.569733
100.673028 47.911049 10.175893 -0.289537
104.554404 47.911049 9.789461 -0.390998
108.435780 47.911049 9.173578 0.199312
112.317156 47.911049 9.301021 0.912256
116.198532 47.911049 9.072436 1.366977
120.079908 47.911049 10.250611 0.267221
123.961284 47.911049 10.063710 -0.271061
127.842660 47.911049 9.459056 -0.511910
131.724036 47.911049 8.705071 0.598408
135.605412 47.911049 8.040815 -0.565108
139.486788 47.911049 9.336518 -1.585430
-54.582013 44.029673 0.000000 0.000000
-50.700637 44.029673 0.000000 0.000000
-46.819261 44.029673 8.873724 1.179889
-42.937885 44.029673 9.829728 1.066706
-39.056509 44.029673 9.556926 1.290871
-35.175133 44.029673 0.000000 0.000000
-31.293757 44.029673 0.000000 0.000000
-27.412381 44.029673 11.103410 2.212333
-23.531005 44.029673 11.592360 1.556408
-19.649629 44.029673 11.871757 1.432640
-15.768253 44.029673 11.745728 1.416044
-11.886877 44.029673 11.764356 0.649610
-8.005501 44.029673 11.691570 0.035939
-4.124125 44.029673 11.336967 0.336163
-0.242749 44.029673 0.000000 0.000000
3.638627 44.029673 0.000000 0.000000
7.520003 44.029673 11.474517 -0.546794
11.401379 44.029673 10.730520 0.194581
15.282755 44.029673 10.564967 -0.799207
19.164131 44.029673 10.879943 -0.295748
23.045507 44.029673 10.081197 -1.397526
26.926883 44.029673 10.874490 -0.465468
30.808259 44.029673 10.459479 -0.202641
34.689635 44.029673 10.108598 -0.693694
38.571011 44.029673 10.449497 -0.360636
42.452387 44.029673 10.838306 -0.685890
46.333763 44.029673 10.384470 -0.754361
50.215140 44.029673 10.433389 -0.665891
54.096516 44.029673 10.483410 -0.871203
57.977892 44.029673 10.075481 -1.172045
61.859268 44.029673 0.000000 0.000000
65.740644 44.029673 0.000000 0.000000
69.622020 44.029673 9.208957 -0.383487
73.503396 44.029673 9.854248 -0.067828
77.384772 44.029673 10.361665 -0.524623
81.266148 44.029673 9.417062 -0.638103
85.147524 44.029673 9.047803 -0.500508
89.028900 44.029673 8.701333 0.405740
92.910276 44.029673 9.040045 0.901869
96.791652 44.029673 10.253897 0.031431
100.673028 44.029673 10.338305 -0.640231
104.554404 44.029673 9.451406 -0.429908
108.435780 44.029673 8.174560 -0.183818
112.317156 44.029673 7.806697 1.219924
116.198532 44.029673 8.803295 1.204807
120.079908 44.029673 10.604210 1.272855
123.961284 44.029673 9.704973 -0.844840
127.842660 44.029673 8.580208 -0.252300
131.724036 44.029673 7.271309 0.263735
135.605412 44.029673 8.672756 0.740554
139.486788 44.029673 9.534321 1.258513
-54.582013 40.148297 9.078214 0.734067
-50.700637 40.148297 8.745807 1.245800
-46.819261 40.148297 8.807380 0.887218
-42.937885 40.148297 8.728595 0.972993
-39.056509 40.148297 8.787576 1.182515
-35.175133 40.148297 0.000000 0.000000
-31.293757 40.148297 0.000000 0.000000
-27.412381 40.148297 0.000000 0.000000
-23.531005 40.148297 0.000000 0.000000
-19.649629 40.148297 0.000000 0.000000
-15.768253 40.148297 0.000000 0.000000
-11.886877 40.148297 0.000000 0.000000
-8.005501 40.148297 0.000000 0.000000
-4.124125 40.148297 0.000000 0.000000
-0.242749 40.148297 0.000000 0.000000
3.638627 40.148297 0.000000 0.000000
7.520003 40.148297 0.000000 0.000000
11.401379 40.148297 0.000000 0.000000
15.282755 40.148297 0.000000 0.000000
19.164131 40.148297 0.000000 0.000000
23.045507 40.148297 0.000000 0.000000
26.926883 40.148297 0.000000 0.000000
30.808259 40.148297 0.000000 0.000000
34.689635 40.148297 0.000000 0.000000
38.571011 40.148297 0.000000 0.000000
42.452387 40.148297 10.459028 -0.311621
46.333763 40.148297 9.824660 -1.022029
50.215140 40.148297 10.239841 -0.338333
54.096516 40.148297 10.830947 -0.874144
57.977892 40.148297 9.321478 -1.636254
61.859268 40.148297 10.232999 -0.102348
65.740644 40.148297 0.000000 0.000000
69.622020 40.148297 7.606770 -0.605902
73.503396 40.148297 9.705839 1.123599
77.384772 40.148297 10.206298 -1.245525
81.266148 40.148297 9.258502 -1.644274
85.147524 40.148297 8.672423 -1.037809
89.028900 40.148297 6.894779 0.055963
92.910276 40.148297 7.457374 2.277660
96.791652 40.148297 8.959702 0.568342
100.673028 40.148297 9.923748 -1.462297
104.554404 40.148297 9.034702 -1.338441
108.435780 40.148297 7.633190 -1.109741
112.317156 40.148297 7.967176 0.918654
116.198532 40.148297 7.898123 2.964998
120.079908 40.148297 9.576254 1.284295
123.961284 40.148297 8.131183 -1.432530
127.842660 40.148297 7.270411 -0.060456
131.724036 40.148297 7.303500 -0.812314
135.605412 40.148297 11.262624 1.854287
139.486788 40.148297 9.795011 2.404224
-54.582013 36.266921 9.765608 -0.131902
-50.700637 36.266921 9.476592 0.654516
-46.819261 36.266921 9.308272 0.310284
-42.937885 36.266921 7.665251 0.564858
-39.056509 36.266921 7.498011 1.269428
-35.175133 36.266921 0.000000 0.000000
-31.293757 36.266921 0.000000 0.000000
-27.412381 36.266921 0.000000 0.000000
-23.531005 36.266921 0.000000 0.000000
-19.649629 36.266921 0.000000 0.000000
-15.768253 36.266921 0.000000 0.000000
-11.886877 36.266921 0.000000 0.000000
-8.005501 36.266921 0.000000 0.000000
-4.124125 36.266921 0.000000 0.000000
-0.242749 36.266921 0.000000 0.000000
3.638627 36.266921 0.000000 0.000000
7.520003 36.266921 0.000000 0.000000
11.401379 36.266921 0.000000 0.000000
15.282755 36.266921 0.000000 0.000000
19.164131 36.266921 0.000000 0.000000
23.045507 36.266921 0.000000 0.000000
26.926883 36.266921 0.000000 0.000000
30.808259 36.266921 0.000000 0.000000
34.689635 36.266921 0.000000 0.000000
38.571011 36.266921 0.000000 0.000000
42.452387 36.266921 0.000000 0.000000
46.333763 36.266921 0.000000 0.000000
50.215140 36.266921 0.000000 0.000000
54.096516 36.266921 0.000000 0.000000
57.977892 36.266921 0.000000 0.000000
61.859268 36.266921 0.000000 0.000000
65.740644 36.266921 0.000000 0.000000
69.622020 36.266921 3.652285 -1.850010
73.503396 36.266921 6.410842 4.215875
77.384772 36.266921 6.379484 2.801814
81.266148 36.266921 8.435927 -1.034314
85.147524 36.266921 8.383574 -1.678720
89.028900 36.266921 7.312732 -1.617013
92.910276 36.266921 9.238560 2.790278
96.791652 36.266921 7.573819 1.286360
100.673028 36.266921 7.861613 -1.344777
104.554404 36.266921 8.970980 -1.248988
108.435780 36.266921 8.607349 -1.533602
112.317156 36.266921 9.693658 -1.010243
116.198532 36.266921 8.425529 2.379510
120.079908 36.266921 7.450341 0.297150
123.961284 36.266921 8.052330 0.399998
127.842660 36.266921 7.576346 0.277838
131.724036 36.266921 9.342910 -0.625861
135.605412 36.266921 10.473603 1.589645
139.486788 36.266921 9.466268 2.118235
-54.582013 32.385545 0.000000 0.000000
-50.700637 32.385545 8.867573 -0.544883
-46.819261 32.385545 0.000000 0.000000
-42.937885 32.385545 0.000000 0.000000
-39.056509 32.385545 0.000000 0.000000
-35.175133 32.385545 0.000000 0.000000
-31.293757 32.385545 0.000000 0.000000
-27.412381 32.385545 0.000000 0.000000
-23.531005 32.385545 0.000000 0.000000
-19.649629 32.385545 0.000000 0.000000
-15.768253 32.385545 0.000000 0.000000
-11.886877 32.385545 0.000000 0.000000
-8.005501 32.385545 0.000000 0.000000
-4.124125 32.385545 0.000000 0.000000
-0.242749 32.385545 0.000000 0.000000
3.638627 32.385545 0.000000 0.000000
7.520003 32.385545 0.000000 0.000000
11.401379 32.385545 0.000000 0.000000
15.282755 32.385545 0.000000 0.000000
19.164131 32.385545 0.000000 0.000000
23.045507 32.385545 0.000000 0.000000
26.926883 32.385545 0.000000 0.000000
30.808259 32.385545 0.000000 0.000000
34.689635 32.385545 0.000000 0.000000
38.571011 32.385545 0.000000 0.000000
42.452387 32.385545 0.000000 0.000000
46.333763 32.385545 0.000000 0.000000
50.215140 32.385545 0.000000 0.000000
54.096516 32.385545 0.000000 0.000000
57.977892 32.385545 0.000000 0.000000
61.859268 32.385545 0.000000 0.000000
65.740644 32.385545 0.000000 0.000000
69.622020 32.385545 0.000000 0.000000
73.503396 32.385545 0.000000 0.000000
77.384772 32.385545 8.004599 0.882588
81.266148 32.385545 8.540080 -0.283488
85.147524 32.385545 9.596813 -0.571059
89.028900 32.385545 10.364882 0.057231
92.910276 32.385545 9.440980 1.334580
96.791652 32.385545 8.261127 0.764830
100.673028 32.385545 8.416244 -0.551415
104.554404 32.385545 8.705265 -1.082427
108.435780 32.385545 9.303519 -0.818801
112.317156 32.385545 10.037416 0.248583
116.198532 32.385545 9.833090 1.481195
120.079908 32.385545 8.490525 0.117934
123.961284 32.385545 9.233053 0.162420
127.842660 32.385545 9.056619 0.162217
131.724036 32.385545 10.260140 -0.241381
135.605412 32.385545 9.996074 0.922263
139.486788 32.385545 9.919223 0.984849
-54.582013 28.504169 0.000000 0.000000
-50.700637 28.504169 0.000000 0.000000
-46.819261 28.504169 0.000000 0.000000
-42.937885 28.504169 0.000000 0.000000
-39.056509 28.504169 0.000000 0.000000
-35.175133 28.504169 0.000000 0.000000
-31.293757 28.504169 0.000000 0.000000
-27.412381 28.504169 0.000000 0.000000
-23.531005 28.504169 0.000000 0.000000
-19.649629 28.504169 0.000000 0.000000
-15.768253 28.504169 0.000000 0.000000
-11.886877 28.504169 0.000000 0.000000
-8.005501 28.504169 0.000000 0.000000
-4.124125 28.504169 0.000000 0.000000
-0.242749 28.504169 0.000000 0.000000
3.638627 28.504169 0.000000 0.000000
7.520003 28.504169 0.000000 0.000000
11.401379 28.504169 0.000000 0.000000
15.282755 28.504169 0.000000 0.000000
19.164131 28.504169 0.000000 0.000000
23.045507 28.504169 0.000000 0.000000
26.926883 28.504169 0.000000 0.000000
30.808259 28.504169 0.000000 0.000000
34.689635 28.504169 0.000000 0.000000
38.571011 28.504169 0.000000 0.000000
42.452387 28.504169 0.000000 0.000000
46.333763 28.504169 0.000000 0.000000
50.215140 28.504169 0.000000 0.000000
54.096516 28.504169 0.000000 0.000000
57.977892 28.504169 0.000000 0.000000
61.859268 28.504169 0.000000 0.000000
65.740644 28.504169 0.000000 0.000000
69.622020 28.504169 0.000000 0.000000
73.503396 28.504169 0.000000 0.000000
77.384772 28.504169 0.000000 0.000000
81.266148 28.504169 9.162943 0.192227
85.147524 28.504169 9.704612 0.558832
89.028900 28.504169 10.214395 0.389019
92.910276 28.504169 9.463467 0.461478
96.791652 28.504169 9.162739 -0.101859
100.673028 28.504169 9.448186 -0.000105
104.554404 28.504169 9.989780 -0.266138
108.435780 28.504169 10.197775 -0.125041
112.317156 28.504169 9.757480 0.294984
116.198532 28.504169 10.240719 0.269867
120.079908 28.504169 9.339557 -0.380527
123.961284 28.504169 9.551724 -0.309482
127.842660 28.504169 9.407619 -0.039707
131.724036 28.504169 10.218784 -0.358617
135.605412 28.504169 9.855618 0.289927
139.486788 28.504169 9.482484 0.384548
-54.582013 24.622793 0.000000 0.000000
-50.700637 24.622793 0.000000 0.000000
-46.819261 24.622793 0.000000 0.000000
-42.937885 24.622793 0.000000 0.000000
-39.056509 24.622793 0.000000 0.000000
-35.175133 24.622793 0.000000 0.000000
-31.293757 24.622793 0.000000 0.000000
-27.412381 24.622793 0.000000 0.000000
-23.531005 24.622793 0.000000 0.000000
-19.649629 24.622793 0.000000 0.000000
-15.768253 24.622793 0.000000 0.000000
-11.886877 24.622793 0.000000 0.000000
-8.005501 24.622793 0.000000 0.000000
-4.124125 24.622793 0.000000 0.000000
-0.242749 24.622793 0.000000 0.000000
3.638627 24.622793 0.000000 0.000000
7.520003 24.622793 0.000000 0.000000
11.401379 24.622793 0.000000 0.000000
15.282755 24.622793 0.000000 0.000000
19.164131 24.622793 0.000000 0.000000
23.045507 24.622793 0.000000 0.000000
26.926883 24.622793 0.000000 0.000000
30.808259 24.622793 0.000000 0.000000
34.689635 24.622793 0.000000 0.000000
38.571011 24.622793 0.000000 0.000000
42.452387 24.622793 0.000000 0.000000
46.333763 24.622793 0.000000 0.000000
50.215140 24.622793 0.000000 0.000000
54.096516 24.622793 0.000000 0.000000
57.977892 24.622793 0.000000 0.000000
61.859268 24.622793 0.000000 0.000000
65.740644 24.622793 0.000000 0.000000
69.622020 24.622793 9.918279 0.593031
73.503396 24.622793 9.729854 0.833097
77.384772 24.622793 9.201161 0.471736
81.266148 24.622793 9.350363 0.233038
85.147524 24.622793 9.635244 0.095129
89.028900 24.622793 9.812935 0.070794
92.910276 24.622793 9.788227 0.166190
96.791652 24.622793 9.472699 0.036866
100.673028 24.622793 9.855046 -0.157637
104.554404 24.622793 9.711130 0.256664
108.435780 24.622793 9.888339 -0.322069
112.317156 24.622793 9.755354 0.214745
116.198532 24.622793 9.918599 0.180169
120.079908 24.622793 9.292133 0.470270
123.961284 24.622793 9.464833 -0.595024
127.842660 24.622793 9.829709 -0.032807
131.724036 24.622793 9.940701 0.088034
135.605412 24.622793 10.029116 -0.033848
139.486788 24.622793 9.930253 0.159485
-54.582013 20.741417 0.000000 0.000000
-50.700637 20.741417 0.000000 0.000000
-46.819261 20.741417 9.383677 -0.439554
-42.937885 20.741417 0.000000 0.000000
-39.056509 20.741417 0.000000 0.000000
-35.175133 20.741417 10.053725 -1.212968
-31.293757 20.741417 0.000000 0.000000
-27.412381 20.741417 0.000000 0.000000
-23.531005 20.741417 0.000000 0.000000
-19.649629 20.741417 0.000000 0.000000
-15.768253 20.741417 0.000000 0.000000
-11.886877 20.741417 0.000000 0.000000
-8.005501 20.741417 0.000000 0.000000
-4.124125 20.741417 0.000000 0.000000
-0.242749 20.741417 0.000000 0.000000
3.638627 20.741417 0.000000 0.000000
7.520003 20.741417 0.000000 0.000000
11.401379 20.741417 10.835650 0.283528
15.282755 20.741417 10.974660 0.278898
19.164131 20.741417 10.831589 0.310865
23.045507 20.741417 10.851404 0.844795
26.926883 20.741417 10.551105 0.521622
30.808259 20.741417 10.533402 0.651399
34.689635 20.741417 10.296533 0.542133
38.571011 20.741417 10.517556 0.511526
42.452387 20.741417 10.140256 0.461066
46.333763 20.741417 10.303701 0.583958
50.215140 20.741417 10.082502 0.666881
54.096516 20.741417 9.974953 0.713901
57.977892 20.741417 10.068380 0.638087
61.859268 20.741417 10.102815 0.728557
65.740644 20.741417 10.026799 0.822384
69.622020 20.741417 9.802139 0.532727
73.503396 20.741417 9.824139 0.627441
77.384772 20.741417 9.563823 0.548241
81.266148 20.741417 9.785306 0.269539
85.147524 20.741417 9.734752 0.446241
89.028900 20.741417 9.511659 0.209594
92.910276 20.741417 9.488514 0.359829
96.791652 20.741417 9.556299 0.221483
100.673028 20.741417 9.510579 -0.120704
104.554404 20.741417 9.938903 0.206655
108.435780 20.741417 9.814181 0.159121
112.317156 20.741417 9.526776 -0.183498
116.198532 20.741417 9.626361 0.144130
120.079908 20.741417 9.808147 -0.100939
123.961284 20.741417 9.588448 0.302525
127.842660 20.741417 9.696376 0.168060
131.724036 20.741417 9.705359 0.194177
135.605412 20.741417 9.996209 0.303879
139.486788 20.741417 9.829456 0.057704
-54.582013 16.860041 0.000000 0.000000
-50.700637 16.860041 9.476889 -0.162377
-46.819261 16.860041 9.730689 -0.323505
-42.937885 16.860041 10.416047 -0.696270
-39.056509 16.860041 9.574998 -0.460059
-35.175133 16.860041 9.852008 -0.726936
-31.293757 16.860041 9.869625 -0.923691
-27.412381 16.860041 10.315793 -0.895659
-23.531005 16.860041 10.314208 -0.847915
-19.649629 16.860041 10.586943 -0.975986
-15.768253 16.860041 10.734237 -0.610867
-11.886877 16.860041 10.781990 -0.596091
-8.005501 16.860041 10.713795 -0.323869
-4.124125 16.860041 10.934578 -0.157292
-0.242749 16.860041 10.995734 -0.051182
3.638627 16.860041 10.876087 -0.210157
7.520003 16.860041 10.835012 0.449111
11.401379 16.860041 10.709591 0.208350
15.282755 16.860041 10.877186 0.213271
19.164131 16.860041 10.743426 0.532236
23.045507 16.860041 10.605636 0.370279
26.926883 16.860041 10.444345 0.259906
30.808259 16.860041 10.499802 0.444600
34.689635 16.860041 10.224022 0.623788
38.571011 16.860041 10.366677 0.579829
42.452387 16.860041 10.198192 0.456343
46.333763 16.860041 10.128704 0.525023
50.215140 16.860041 10.407688 0.600043
54.096516 16.860041 9.768272 0.817047
57.977892 16.860041 10.041936 0.327524
61.859268 16.860041 10.064780 0.687502
65.740644 16.860041 9.852702 0.617459
69.622020 16.860041 9.743759 0.463739
73.503396 16.860041 9.918741 0.670012
77.384772 16.860041 9.549100 0.418347
81.266148 16.860041 9.631617 0.400669
85.147524 16.860041 9.618412 0.282610
89.028900 16.860041 9.781645 -0.085571
92.910276 16.860041 9.639924 0.424815
96.791652 16.860041 9.575544 0.467289
100.673028 16.860041 9.953265 0.246116
104.554404 16.860041 9.946192 0.091617
108.435780 16.860041 9.682140 0.119058
112.317156 16.860041 10.058318 -0.465680
116.198532 16.860041 10.050545 -0.241279
120.079908 16.860041 9.890153 0.220780
123.961284 16.860041 9.780269 -0.175772
127.842660 16.860041 9.592229 0.339355
131.724036 16.860041 9.978583 -0.057698
135.605412 16.860041 10.031239 0.543845
139.486788 16.860041 9.809811 0.350222
-54.582013 12.978665 0.000000 0.000000
-50.700637 12.978665 9.558144 0.112389
-46.819261 12.978665 8.836150 -0.224290
-42.937885 12.978665 9.766138 -0.381349
-39.056509 12.978665 10.121541 -0.394364
-35.175133 12.978665 10.048330 -0.488797
-31.293757 12.978665 10.449195 -0.606834
-27.412381 12.978665 9.906245 -0.963330
-23.531005 12.978665 10.547965 -0.684951
-19.649629 12.978665 10.588685 -0.196137
-15.768253 12.978665 10.540361 -0.293292
-11.886877 12.978665 10.681616 -0.426890
-8.005501 12.978665 10.589784 -0.290751
-4.124125 12.978665 10.781664 -0.116140
-0.242749 12.978665 10.744698 0.101383
3.638627 12.978665 10.813315 -0.084837
7.520003 12.978665 10.772002 0.251259
11.401379 12.978665 10.573090 0.394370
15.282755 12.978665 10.590261 0.147071
19.164131 12.978665 10.623325 0.368380
23.045507 12.978665 10.549501 0.307003
26.926883 12.978665 10.399310 0.528911
30.808259 12.978665 10.462659 0.186098
34.689635 12.978665 10.439863 0.273285
38.571011 12.978665 10.551411 0.526267
42.452387 12.978665 10.272525 0.468619
46.333763 12.978665 10.025217 0.583566
50.215140 12.978665 10.214077 0.406528
54.096516 12.978665 10.106146 0.578180
57.977892 12.978665 9.979595 0.587667
61.859268 12.978665 10.065320 0.662551
65.740644 12.978665 10.001089 0.581081
69.622020 12.978665 9.738050 0.563604
73.503396 12.978665 9.858597 0.582414
77.384772 12.978665 9.788255 0.481983
81.266148 12.978665 9.655254 0.391712
85.147524 12.978665 9.320084 0.216343
89.028900 12.978665 9.986480 0.299920
92.910276 12.978665 9.963737 0.311120
96.791652 12.978665 9.693433 0.015889
100.673028 12.978665 10.007943 -0.166662
104.554404 12.978665 9.614420 0.311174
108.435780 12.978665 9.788545 -0.181127
112.317156 12.978665 9.677100 0.057265
116.198532 12.978665 9.784112 -0.004508
120.079908 12.978665 10.071539 0.008086
123.961284 12.978665 9.827322 0.247582
127.842660 12.978665 9.657873 0.183647
131.724036 12.978665 9.839796 0.139015
135.605412 12.978665 9.639282 -0.120676
139.486788 12.978665 9.755595 0.071149
-54.582013 9.097289 0.000000 0.000000
-50.700637 9.097289 10.257595 0.864636
-46.819261 9.097289 0.000000 0.000000
-42.937885 9.097289 9.771231 -0.377415
-39.056509 9.097289 9.401740 -0.221958
-35.175133 9.097289 9.982389 -0.734862
-31.293757 9.097289 10.163499 -0.557120
-27.412381 9.097289 10.207470 -0.537400
-23.531005 9.097289 10.342729 -0.442311
-19.649629 9.097289 10.320908 -0.490065
-15.768253 9.097289 10.591353 -0.445897
-11.886877 9.097289 10.475025 -0.599472
-8.005501 9.097289 10.667402 -0.328727
-4.124125 9.097289 10.724521 -0.355941
-0.242749 9.097289 10.627703 -0.165166
3.638627 9.097289 10.692005 0.163441
7.520003 9.097289 10.580526 0.293355
11.401379 9.097289 10.668754 0.310412
15.282755 9.097289 10.602205 0.327779
19.164131 9.097289 10.452801 0.306126
23.045507 9.097289 10.486439 0.130783
26.926883 9.097289 10.515484 0.252825
30.808259 9.097289 10.581371 0.440073
34.689635 9.097289 10.429015 0.422482
38.571011 9.097289 10.526249 0.506657
42.452387 9.097289 10.244967 0.443281
46.333763 9.097289 10.376101 0.262071
50.215140 9.097289 10.122140 0.407924
54.096516 9.097289 10.045264 0.505377
57.977892 9.097289 9.971834 0.536599
61.859268 9.097289 10.168474 0.653453
65.740644 9.097289 9.778482 0.486995
69.622020 9.097289 10.036248 0.446016
73.503396 9.097289 9.948258 0.435221
77.384772 9.097289 9.592436 0.632998
81.266148 9.097289 9.376101 0.336536
85.147524 9.097289 9.712685 0.164240
89.028900 9.097289 9.886957 0.127655
92.910276 9.097289 9.770543 0.366776
96.791652 9.097289 9.630791 0.218945
100.673028 9.097289 9.842341 -0.023229
104.554404 9.097289 9.731868 0.159143
108.435780 9.097289 9.771055 0.278381
112.317156 9.097289 9.904916 0.159906
116.198532 9.097289 9.728045 0.167735
120.079908 9.097289 9.874227 0.036869
123.961284 9.097289 9.893423 0.123566
127.842660 9.097289 9.967861 -0.146624
131.724036 9.097289 9.802028 0.015658
135.605412 9.097289 9.864338 0.322945
139.486788 9.097289 9.878012 0.102362
-54.582013 5.215913 0.000000 0.000000
-50.700637 5.215913 10.345088 -2.269839
-46.819261 5.215913 9.023711 0.181329
-42.937885 5.215913 9.884233 -0.539207
-39.056509 5.215913 10.311962 0.118248
-35.175133 5.215913 9.959341 -0.394348
-31.293757 5.215913 10.247475 -0.299981
-27.412381 5.215913 9.407639 -0.663870
-23.531005 5.215913 10.175103 -0.362792
-19.649629 5.215913 10.334973 -0.561212
-15.768253 5.215913 10.573280 -0.264786
-11.886877 5.215913 10.562968 -0.570046
-8.005501 5.215913 10.349891 -0.128754
-4.124125 5.215913 10.724684 0.113920
-0.242749 5.215913 10.732987 -0.141540
3.638627 5.215913 10.537373 0.020831
7.520003 5.215913 10.620568 0.020305
11.401379 5.215913 10.499640 0.363727
15.282755 5.215913 10.544300 0.510523
19.164131 5.215913 10.387249 0.407359
23.045507 5.215913 10.392826 0.434951
26.926883 5.215913 10.597673 0.267679
30.808259 5.215913 10.472157 0.400712
34.689635 5.215913 10.279604 0.625082
38.571011 5.215913 10.450811 0.558266
42.452387 5.215913 10.132408 0.426231
46.333763 5.215913 9.629152 0.465352
50.215140 5.215913 10.259971 0.431931
54.096516 5.215913 10.196788 0.581789
57.977892 5.215913 10.148803 0.529193
61.859268 5.215913 9.969403 0.528889
65.740644 5.215913 9.985105 0.445266
69.622020 5.215913 10.029092 0.455345
73.503396 5.215913 9.554735 0.348438
77.384772 5.215913 10.053417 0.497105
81.266148 5.215913 9.995077 0.405120
85.147524 5.215913 9.984892 0.234163
89.028900 5.215913 9.731716 0.190373
92.910276 5.215913 9.724557 0.310813
96.791652 5.215913 9.857919 0.106383
100.673028 5.215913 9.826005 0.319257
104.554404 5.215913 9.826063 0.209112
108.435780 5.215913 9.897047 0.151292
112.317156 5.215913 9.667226 0.178818
116.198532 5.215913 9.802364 0.114129
120.079908 5.215913 9.888753 0.124829
123.961284 5.215913 9.799588 0.174830
127.842660 5.215913 9.860023 0.173355
131.724036 5.215913 9.790553 0.247172
135.605412 5.215913 9.974178 0.101719
139.486788 5.215913 9.969983 0.111642
-54.582013 1.334537 0.000000 0.000000
-50.700637 1.334537 10.403961 -1.046770
-46.819261 1.334537 9.978753 -0.096255
-42.937885 1.334537 9.711993 -0.098301
-39.056509 1.334537 9.909346 -0.634989
-35.175133 1.334537 10.101201 -0.337407
-31.293757 1.334537 10.224611 -0.480374
-27.412381 1.334537 10.054132 -0.734501
-23.531005 1.334537 10.281347 -0.319066
-19.649629 1.334537 10.343302 0.043245
-15.768253 1.334537 10.356689 -0.473124
-11.886877 1.334537 10.215765 -0.137726
-8.005501 1.334537 10.503845 -0.283713
-4.124125 1.334537 10.517301 0.033636
-0.242749 1.334537 10.629668 -0.104964
3.638627 1.334537 10.573882 0.040182
7.520003 1.334537 10.734644 0.222572
11.401379 1.334537 10.519944 0.057106
15.282755 1.334537 10.499175 0.044898
19.164131 1.334537 10.528057 0.228919
23.045507 1.334537 10.422707 0.431390
26.926883 1.334537 10.457428 0.396358
30.808259 1.334537 10.450827 0.587695
34.689635 1.334537 10.244202 0.459234
38.571011 1.334537 10.298964 0.548054
42.452387 1.334537 10.309087 0.444113
46.333763 1.334537 10.249853 0.690324
50.215140 1.334537 9.975335 0.311741
54.096516 1.334537 10.068238 0.545654
57.977892 1.334537 10.053735 0.428799
61.859268 1.334537 10.056662 0.408010
65.740644 1.334537 9.967161 0.587056
69.622020 1.334537 9.980810 0.401329
73.503396 1.334537 10.050425 0.210372
77.384772 1.334537 9.921259 0.341064
81.266148 1.334537 9.993041 0.306041
85.147524 1.334537 9.886377 0.247206
89.028900 1.334537 9.985564 0.336957
92.910276 1.334537 10.006926 0.334347
96.791652 1.334537 9.697635 0.432951
100.673028 1.334537 9.791303 0.032083
104.554404 1.334537 9.871309 0.404856
108.435780 1.334537 9.815767 0.235364
112.317156 1.334537 9.875303 0.154349
116.198532 1.334537 9.926150 -0.000571
120.079908 1.334537 9.550815 0.162052
123.961284 1.334537 9.956192 0.134961
127.842660 1.334537 9.872216 0.216222
131.724036 1.334537 9.749265 -0.041527
135.605412 1.334537 9.774716 0.219889
139.486788 1.334537 9.787968 0.031897
-54.582013 -2.546839 0.000000 0.000000
-50.700637 -2.546839 0.000000 0.000000
-46.819261 -2.546839 9.796926 -0.020763
-42.937885 -2.546839 9.985098 -0.195085
-39.056509 -2.546839 10.626016 -1.045733
-35.175133 -2.546839 9.832421 -0.419995
-31.293757 -2.546839 10.399100 -0.521520
-27.412381 -2.546839 10.203133 -0.409145
-23.531005 -2.546839 10.324813 -0.241031
-19.649629 -2.546839 10.277645 -0.247265
-15.768253 -2.546839 10.285265 -0.079996
-11.886877 -2.546839 10.426704 -0.242481
-8.005501 -2.546839 10.294873 -0.312929
-4.124125 -2.546839 10.383621 -0.075958
-0.242749 -2.546839 10.435495 0.095440
3.638627 -2.546839 10.506122 0.167430
7.520003 -2.546839 10.497062 0.328514
11.401379 -2.546839 10.302193 0.108186
15.282755 -2.546839 10.361547 0.077964
19.164131 -2.546839 10.358728 0.079607
23.045507 -2.546839 10.427044 0.244168
26.926883 -2.546839 10.343382 0.233891
30.808259 -2.546839 10.253194 0.247128
34.689635 -2.546839 10.229226 0.216673
38.571011 -2.546839 10.296604 0.349295
42.452387 -2.546839 10.167025 0.402701
46.333763 -2.546839 10.068205 0.397160
50.215140 -2.546839 10.145968 0.617599
54.096516 -2.546839 9.699186 0.401290
57.977892 -2.546839 10.024933 0.484896
61.859268 -2.546839 9.958416 0.293880
65.740644 -2.546839 10.025393 0.408360
69.622020 -2.546839 9.938323 0.415942
73.503396 -2.546839 10.150324 0.404791
77.384772 -2.546839 9.987208 0.340476
81.266148 -2.546839 10.023903 0.283614
85.147524 -2.546839 9.698800 0.385151
89.028900 -2.546839 9.938884 0.551921
92.910276 -2.546839 9.909290 0.426239
96.791652 -2.546839 9.795439 0.293360
100.673028 -2.546839 9.850188 0.264173
104.554404 -2.546839 9.874166 0.118581
108.435780 -2.546839 9.831958 0.219915
112.317156 -2.546839 9.903164 0.260000
116.198532 -2.546839 9.882411 0.262720
120.079908 -2.546839 10.014655 0.228472
123.961284 -2.546839 9.932743 0.215220
127.842660 -2.546839 9.823737 0.214722
131.724036 -2.546839 9.929976 0.111659
135.605412 -2.546839 9.807472 0.144457
139.486788 -2.546839 9.819829 0.317811
-54.582013 -6.428215 0.000000 0.000000
-50.700637 -6.428215 0.000000 0.000000
-46.819261 -6.428215 9.807994 -0.652681
-42.937885 -6.428215 9.810051 -0.180377
-39.056509 -6.428215 10.038216 -0.688737
-35.175133 -6.428215 9.955125 0.092706
-31.293757 -6.428215 10.317626 -0.350171
-27.412381 -6.428215 9.791913 -0.220413
-23.531005 -6.428215 9.914725 -0.106440
-19.649629 -6.428215 10.267062 -0.504141
-15.768253 -6.428215 10.348883 -0.107702
-11.886877 -6.428215 10.241630 -0.201279
-8.005501 -6.428215 10.447014 -0.001152
-4.124125 -6.428215 10.330935 -0.045866
-0.242749 -6.428215 10.389668 0.252427
3.638627 -6.428215 10.396737 0.196988
7.520003 -6.428215 10.526814 0.070267
11.401379 -6.428215 10.314995 0.088045
15.282755 -6.428215 10.221123 0.223562
19.164131 -6.428215 10.451224 0.081650
23.045507 -6.428215 10.475945 0.144485
26.926883 -6.428215 10.395652 0.534983
30.808259 -6.428215 10.439777 0.288422
34.689635 -6.428215 10.352942 0.586426
38.571011 -6.428215 10.248956 0.317002
42.452387 -6.428215 10.290900 0.482917
46.333763 -6.428215 10.227452 0.343857
50.215140 -6.428215 10.114684 0.326232
54.096516 -6.428215 10.186343 0.402691
57.977892 -6.428215 10.155617 0.423657
61.859268 -6.428215 10.126758 0.505852
65.740644 -6.428215 9.952481 0.373558
69.622020 -6.428215 10.014328 0.443750
73.503396 -6.428215 9.963305 0.430802
77.384772 -6.428215 10.181892 0.312932
81.266148 -6.428215 9.989568 0.328852
85.147524 -6.428215 9.954533 0.294865
89.028900 -6.428215 9.977467 0.312803
92.910276 -6.428215 10.014902 0.226379
96.791652 -6.428215 9.855680 0.075819
100.673028 -6.428215 9.805001 0.296133
104.554404 -6.428215 9.987273 0.253317
108.435780 -6.428215 9.918951 0.213560
112.317156 -6.428215 9.836802 0.275506
116.198532 -6.428215 9.899826 0.235946
120.079908 -6.428215 9.921940 0.137458
123.961284 -6.428215 9.952419 0.262489
127.842660 -6.428215 9.890921 0.225095
131.724036 -6.428215 9.890412 0.306727
135.605412 -6.428215 9.938190 0.073905
139.486788 -6.428215 10.004538 0.174455
-54.582013 -10.309591 0.000000 0.000000
-50.700637 -10.309591 9.539500 -0.376948
-46.819261 -10.309591 9.513654 -0.227734
-42.937885 -10.309591 10.250753 0.573948
-39.056509 -10.309591 9.964518 0.318950
-35.175133 -10.309591 10.006672 -0.085801
-31.293757 -10.309591 10.205054 -0.297338
-27.412381 -10.309591 10.121014 -0.166487
-23.531005 -10.309591 10.157820 -0.254688
-19.649629 -10.309591 10.140946 -0.224355
-15.768253 -10.309591 10.379201 0.056475
-11.886877 -10.309591 10.212637 -0.221275
-8.005501 -10.309591 10.170756 -0.186059
-4.124125 -10.309591 10.449648 -0.052391
-0.242749 -10.309591 10.471124 0.109681
3.638627 -10.309591 10.394140 0.315463
7.520003 -10.309591 10.439083 0.410118
11.401379 -10.309591 10.314871 0.179628
15.282755 -10.309591 10.442353 0.318196
19.164131 -10.309591 10.384507 0.208227
23.045507 -10.309591 10.308576 0.254861
26.926883 -10.309591 10.366314 0.456411
30.808259 -10.309591 10.335775 0.205880
34.689635 -10.309591 10.292279 0.237477
38.571011 -10.309591 10.231003 0.491957
42.452387 -10.309591 10.171546 0.367111
46.333763 -10.309591 9.987704 0.377378
50.215140 -10.309591 10.134003 0.269084
54.096516 -10.309591 10.162313 0.414855
57.977892 -10.309591 10.092848 0.473603
61.859268 -10.309591 10.102903 0.199960
65.740644 -10.309591 9.998156 0.405257
69.622020 -10.309591 9.946235 0.422122
73.503396 -10.309591 10.042103 0.317459
77.384772 -10.309591 10.097697 0.304756
81.266148 -10.309591 9.963851 0.292606
85.147524 -10.309591 10.070454 0.277823
89.028900 -10.309591 9.809989 0.441762
92.910276 -10.309591 10.029462 0.249521
96.791652 -10.309591 9.931422 0.184947
100.673028 -10.309591 9.913059 0.331431
104.554404 -10.309591 10.004226 0.200218
108.435780 -10.309591 9.865396 0.236547
112.317156 -10.309591 9.920055 0.296446
116.198532 -10.309591 9.878768 0.142853
120.079908 -10.309591 9.821603 0.267167
123.961284 -10.309591 9.771505 0.069546
127.842660 -10.309591 9.842656 0.111740
131.724036 -10.309591 9.789471 0.146895
135.605412 -10.309591 10.037485 0.245511
139.486788 -10.309591 9.905990 0.018033
-54.582013 -14.190967 0.000000 0.000000
-50.700637 -14.190967 9.001967 0.332845
-46.819261 -14.190967 0.000000 0.000000
-42.937885 -14.190967 10.419043 0.158850
-39.056509 -14.190967 10.182688 -0.581029
-35.175133 -14.190967 10.115129 -0.102513
-31.293757 -14.190967 10.171266 0.304022
-27.412381 -14.190967 9.967642 0.162005
-23.531005 -14.190967 10.161268 0.037586
-19.649629 -14.190967 10.343324 -0.017115
-15.768253 -14.190967 10.375484 -0.075247
-11.886877 -14.190967 10.153687 -0.160235
-8.005501 -14.190967 10.523213 0.090287
-4.124125 -14.190967 10.428188 -0.053987
-0.242749 -14.190967 10.279953 -0.043240
3.638627 -14.190967 10.374978 0.077838
7.520003 -14.190967 10.304945 0.180359
11.401379 -14.190967 10.355872 0.265763
15.282755 -14.190967 10.272167 0.200839
19.164131 -14.190967 10.410242 0.351731
23.045507 -14.190967 10.341840 0.228524
26.926883 -14.190967 10.255923 0.290101
30.808259 -14.190967 10.335362 0.433116
34.689635 -14.190967 10.284558 0.427588
38.571011 -14.190967 10.234312 0.285413
42.452387 -14.190967 10.127877 0.255973
46.333763 -14.190967 10.239229 0.423552
50.215140 -14.190967 10.056705 0.349684
54.096516 -14.190967 10.037312 0.257304
57.977892 -14.190967 9.958213 0.344968
61.859268 -14.190967 10.160287 0.273412
65.740644 -14.190967 10.233933 0.456644
69.622020 -14.190967 10.020334 0.266696
73.503396 -14.190967 10.106426 0.092999
77.384772 -14.190967 9.859282 0.491140
81.266148 -14.190967 9.866423 0.317647
85.147524 -14.190967 9.910894 0.511339
89.028900 -14.190967 9.969052 0.293243
92.910276 -14.190967 9.972658 0.212558
96.791652 -14.190967 9.898084 0.385068
100.673028 -14.190967 9.926771 0.273918
104.554404 -14.190967 10.056323 0.308291
108.435780 -14.190967 9.966007 0.265298
112.317156 -14.190967 9.816078 0.179057
116.198532 -14.190967 9.816316 0.032907
120.079908 -14.190967 9.985197 0.219850
123.961284 -14.190967 9.820986 0.158947
127.842660 -14.190967 9.933073 0.228987
131.724036 -14.190967 9.874215 0.119804
135.605412 -14.190967 9.908099 0.152153
139.486788 -14.190967 10.034465 0.304738
-54.582013 -18.072343 0.000000 0.000000
-50.700637 -18.072343 8.341146 0.917037
-46.819261 -18.072343 9.674397 -0.237485
-42.937885 -18.072343 10.177635 -0.922639
-39.056509 -18.072343 10.174826 -0.202118
-35.175133 -18.072343 9.842387 0.418552
-31.293757 -18.072343 10.081224 -0.247920
-27.412381 -18.072343 10.245485 0.177523
-23.531005 -18.072343 10.295444 0.000808
-19.649629 -18.072343 10.290169 0.102746
-15.768253 -18.072343 10.245053 -0.123575
-11.886877 -18.072343 10.162225 0.152131
-8.005501 -18.072343 10.358577 0.280516
-4.124125 -18.072343 10.308788 0.011233
-0.242749 -18.072343 10.301995 -0.011760
3.638627 -18.072343 10.252400 0.027711
7.520003 -18.072343 10.445617 0.043114
11.401379 -18.072343 10.210348 0.217683
15.282755 -18.072343 10.180414 0.255004
19.164131 -18.072343 10.291248 0.104179
23.045507 -18.072343 10.203087 0.293417
26.926883 -18.072343 10.404122 0.456339
30.808259 -18.072343 10.123158 0.309559
34.689635 -18.072343 10.235263 0.376149
38.571011 -18.072343 10.346220 0.207797
42.452387 -18.072343 10.122756 0.412333
46.333763 -18.072343 10.137464 0.464354
50.215140 -18.072343 10.088116 0.334804
54.096516 -18.072343 10.407503 0.097706
57.977892 -18.072343 10.252200 0.241777
61.859268 -18.072343 10.197105 0.435963
65.740644 -18.072343 9.953246 0.373255
69.622020 -18.072343 10.204422 0.479170
73.503396 -18.072343 9.890341 0.146983
77.384772 -18.072343 9.950812 0.386490
81.266148 -18.072343 9.984075 0.338940
85.147524 -18.072343 9.942234 0.157810
89.028900 -18.072343 9.883499 0.316621
92.910276 -18.072343 9.909469 0.345649
96.791652 -18.072343 9.892081 0.282038
100.673028 -18.072343 9.970125 0.269692
104.554404 -18.072343 10.051661 0.131324
108.435780 -18.072343 10.025057 0.224491
112.317156 -18.072343 10.063910 0.319836
116.198532 -18.072343 9.836820 0.140905
120.079908 -18.072343 9.872435 0.263009
123.961284 -18.072343 9.895708 0.229298
127.842660 -18.072343 9.985944 0.209594
131.724036 -18.072343 9.913146 0.245082
135.605412 -18.072343 9.761841 0.101634
139.486788 -18.072343 10.001070 0.183305
-54.582013 -21.953719 0.000000 0.000000
-50.700637 -21.953719 0.000000 0.000000
-46.819261 -21.953719 9.317320 0.542519
-42.937885 -21.953719 9.521409 -0.476053
-39.056509 -21.953719 10.475282 0.078745
-35.175133 -21.953719 10.186683 -0.199862
-31.293757 -21.953719 10.205533 0.001666
-27.412381 -21.953719 10.228899 -0.221847
-23.531005 -21.953719 10.236382 -0.241402
-19.649629 -21.953719 10.125042 -0.214746
-15.768253 -21.953719 10.231363 -0.285248
-11.886877 -21.953719 10.235028 0.382995
-8.005501 -21.953719 10.321380 0.339542
-4.124125 -21.953719 10.225444 -0.009920
-0.242749 -21.953719 10.312009 -0.176054
3.638627 -21.953719 10.396599 -0.042536
7.520003 -21.953719 10.288849 0.039883
11.401379 -21.953719 10.379485 0.228077
15.282755 -21.953719 10.334011 0.140749
19.164131 -21.953719 10.282907 0.277883
23.045507 -21.953719 10.334091 0.404642
26.926883 -21.953719 10.257892 0.246329
30.808259 -21.953719 10.274064 0.320850
34.689635 -21.953719 10.069124 0.384662
38.571011 -21.953719 10.220876 0.334798
42.452387 -21.953719 10.236617 0.262324
46.333763 -21.953719 10.163964 0.250939
50.215140 -21.953719 10.026908 0.379573
54.096516 -21.953719 10.186553 0.341820
57.977892 -21.953719 10.067286 0.383759
61.859268 -21.953719 10.185874 0.430770
65.740644 -21.953719 10.172870 0.403022
69.622020 -21.953719 10.058803 0.338225
73.503396 -21.953719 9.960662 0.399179
77.384772 -21.953719 10.043762 0.304573
81.266148 -21.953719 9.967303 0.274750
85.147524 -21.953719 9.918319 0.263029
89.028900 -21.953719 10.000420 0.228165
92.910276 -21.953719 9.810970 0.381821
96.791652 -21.953719 9.930173 0.155120
100.673028 -21.953719 9.961658 0.169222
104.554404 -21.953719 9.913229 0.150324
108.435780 -21.953719 10.025300 0.338507
112.317156 -21.953719 9.867549 0.162635
116.198532 -21.953719 9.942184 0.151781
120.079908 -21.953719 9.932517 0.154479
123.961284 -21.953719 9.942814 0.159619
127.842660 -21.953719 9.920135 0.262926
131.724036 -21.953719 9.772777 0.125596
135.605412 -21.953719 9.926579 0.238236
139.486788 -21.953719 10.009612 0.170564
-54.582013 -25.835095 0.000000 0.000000
-50.700637 -25.835095 9.627628 0.247407
-46.819261 -25.835095 10.631596 -0.498499
-42.937885 -25.835095 9.335643 0.027749
-39.056509 -25.835095 9.898142 -0.488676
-35.175133 -25.835095 10.164554 -0.414125
-31.293757 -25.835095 10.153815 0.078345
-27.412381 -25.835095 10.239047 0.011359
-23.531005 -25.835095 10.270030 -0.032211
-19.649629 -25.835095 10.137831 -0.145162
-15.768253 -25.835095 10.216890 -0.170991
-11.886877 -25.835095 10.355970 -0.288704
-8.005501 -25.835095 10.131754 0.218892
-4.124125 -25.835095 10.286730 0.248954
-0.242749 -25.835095 10.293106 0.198640
3.638627 -25.835095 10.167336 0.171714
7.520003 -25.835095 10.320663 0.001706
11.401379 -25.835095 10.221323 0.046330
15.282755 -25.835095 10.106498 0.180960
19.164131 -25.835095 10.280508 0.003808
23.045507 -25.835095 10.408046 0.215996
26.926883 -25.835095 10.191208 0.104261
30.808259 -25.835095 10.208824 0.242871
34.689635 -25.835095 10.204092 0.269368
38.571011 -25.835095 10.219802 0.321288
42.452387 -25.835095 10.221576 0.358094
46.333763 -25.835095 10.211073 0.187740
50.215140 -25.835095 10.113750 0.273324
54.096516 -25.835095 10.057266 0.240964
57.977892 -25.835095 10.061604 0.401970
61.859268 -25.835095 10.086768 0.204547
65.740644 -25.835095 10.064494 0.173432
69.622020 -25.835095 9.865883 0.416388
73.503396 -25.835095 10.132648 0.424871
77.384772 -25.835095 9.923106 0.308685
81.266148 -25.835095 9.968093 0.262071
85.147524 -25.835095 10.213584 0.378819
89.028900 -25.835095 10.041356 0.321953
92.910276 -25.835095 9.828324 0.364861
96.791652 -25.835095 9.963571 0.185833
100.673028 -25.835095 9.971684 0.297051
104.554404 -25.835095 9.955739 0.278734
108.435780 -25.835095 9.892472 0.197525
112.317156 -25.835095 10.129848 0.234818
116.198532 -25.835095 10.087373 0.255822
120.079908 -25.835095 9.989700 0.191865
123.961284 -25.835095 9.942228 0.268976
127.842660 -25.835095 9.970865 0.204775
131.724036 -25.835095 10.034326 0.027782
135.605412 -25.835095 9.883503 0.217035
139.486788 -25.835095 9.961325 -0.049089
-54.582013 -29.716471 0.000000 0.000000
-50.700637 -29.716471 0.000000 0.000000
-46.819261 -29.716471 0.000000 0.000000
-42.937885 -29.716471 9.844849 -0.136915
-39.056509 -29.716471 10.141727 -0.426260
-35.175133 -29.716471 10.278682 0.215252
-31.293757 -29.716471 10.213834 -0.167120
-27.412381 -29.716471 10.265573 0.267047
-23.531005 -29.716471 10.212362 -0.040383
-19.649629 -29.716471 10.169819 0.255559
-15.768253 -29.716471 10.252167 0.179111
-11.886877 -29.716471 10.213784 -0.120859
-8.005501 -29.716471 10.204949 -0.038398
-4.124125 -29.716471 10.161836 -0.026957
-0.242749 -29.716471 10.176574 0.274729
3.638627 -29.716471 10.310553 0.316712
7.520003 -29.716471 10.332055 0.076888
11.401379 -29.716471 10.337277 0.139196
15.282755 -29.716471 10.236650 0.012627
19.164131 -29.716471 10.289910 0.350121
23.045507 -29.716471 10.140826 -0.015341
26.926883 -29.716471 10.133590 0.232195
30.808259 -29.716471 10.350869 0.362231
34.689635 -29.716471 10.119764 0.224374
38.571011 -29.716471 10.157598 0.219600
42.452387 -29.716471 10.151169 0.300729
46.333763 -29.716471 10.179317 0.264576
50.215140 -29.716471 10.126409 0.214268
54.096516 -29.716471 10.079044 0.227333
57.977892 -29.716471 10.234711 0.201169
61.859268 -29.716471 9.987032 0.460887
65.740644 -29.716471 9.830068 0.190494
69.622020 -29.716471 10.011703 0.177550
73.503396 -29.716471 10.001274 0.280594
77.384772 -29.716471 10.116470 0.337049
81.266148 -29.716471 10.108271 0.333359
85.147524 -29.716471 9.931067 0.254299
89.028900 -29.716471 9.994787 0.197243
92.910276 -29.716471 9.686181 0.274886
96.791652 -29.716471 10.110924 0.148922
100.673028 -29.716471 9.931534 0.233014
104.554404 -29.716471 9.913973 0.154687
108.435780 -29.716471 9.904469 0.046199
112.317156 -29.716471 9.772110 0.176241
116.198532 -29.716471 9.966825 0.242118
120.079908 -29.716471 9.982942 0.241566
123.961284 -29.716471 9.859729 0.213030
127.842660 -29.716471 9.770651 0.260971
131.724036 -29.716471 9.917029 0.190469
135.605412 -29.716471 9.856830 0.436273
139.486788 -29.716471 9.955699 0.144202
-54.582013 -33.597847 0.000000 0.000000
-50.700637 -33.597847 0.000000 0.000000
-46.819261 -33.597847 0.000000 0.000000
-42.937885 -33.597847 0.000000 0.000000
-39.056509 -33.597847 10.148140 -0.601053
-35.175133 -33.597847 10.120625 -0.159828
-31.293757 -33.597847 10.032484 0.112514
-27.412381 -33.597847 10.173335 -0.491502
-23.531005 -33.597847 10.216986 0.275784
-19.649629 -33.597847 10.208244 0.028087
-15.768253 -33.597847 10.079183 0.088612
-11.886877 -33.597847 10.114234 0.209871
-8.005501 -33.597847 10.253369 0.060954
-4.124125 -33.597847 10.285616 -0.191195
-0.242749 -33.597847 10.259928 -0.087713
3.638627 -33.597847 10.092983 0.132974
7.520003 -33.597847 10.143605 0.266457
11.401379 -33.597847 10.247058 0.117566
15.282755 -33.597847 10.220540 0.393011
19.164131 -33.597847 10.160654 0.345085
23.045507 -33.597847 9.954745 0.097311
26.926883 -33.597847 10.201677 0.143406
30.808259 -33.597847 10.166049 0.161465
34.689635 -33.597847 10.234856 0.335248
38.571011 -33.597847 10.258465 0.237318
42.452387 -33.597847 10.212205 0.432868
46.333763 -33.597847 10.191846 0.214620
50.215140 -33.597847 10.170744 0.289077
54.096516 -33.597847 10.252098 0.275218
57.977892 -33.597847 10.136295 0.205466
61.859268 -33.597847 10.260853 0.435008
65.740644 -33.597847 9.966079 0.323406
69.622020 -33.597847 9.949461 0.345373
73.503396 -33.597847 10.014658 0.285613
77.384772 -33.597847 10.082968 0.306630
81.266148 -33.597847 10.042935 0.283477
85.147524 -33.597847 10.027222 0.241270
89.028900 -33.597847 9.996200 0.253974
92.910276 -33.597847 9.988510 0.404131
96.791652 -33.597847 10.028095 0.193503
100.673028 -33.597847 9.932166 0.239544
104.554404 -33.597847 10.007616 0.221542
108.435780 -33.597847 9.935800 0.222054
112.317156 -33.597847 9.873474 0.194682
116.198532 -33.597847 10.075805 0.264934
120.079908 -33.597847 9.971544 0.403951
123.961284 -33.597847 9.975277 0.277553
127.842660 -33.597847 9.952194 0.054132
131.724036 -33.597847 9.983050 0.356816
135.605412 -33.597847 9.829386 0.275779
139.486788 -33.597847 9.886714 0.048390
-54.582013 -37.479223 0.000000 0.000000
-50.700637 -37.479223 0.000000 0.000000
-46.819261 -37.479223 0.000000 0.000000
-42.937885 -37.479223 9.535839 0.512371
-39.056509 -37.479223 10.665946 2.070267
-35.175133 -37.479223 9.599407 0.043112
-31.293757 -37.479223 10.271825 0.023392
-27.412381 -37.479223 10.000463 0.167405
-23.531005 -37.479223 9.984463 0.002278
-19.649629 -37.479223 10.125196 0.218744
-15.768253 -37.479223 10.282105 -0.026243
-11.886877 -37.479223 10.153282 0.127238
-8.005501 -37.479223 10.186053 0.164496
-4.124125 -37.479223 10.371277 0.188427
-0.242749 -37.479223 10.302899 0.068781
3.638627 -37.479223 10.116233 0.394505
7.520003 -37.479223 10.226373 0.139444
11.401379 -37.479223 10.199786 0.258903
15.282755 -37.479223 10.249286 0.283696
19.164131 -37.479223 10.221533 0.097080
23.045507 -37.479223 10.243412 0.116024
26.926883 -37.479223 10.178042 0.234667
30.808259 -37.479223 10.257457 0.431348
34.689635 -37.479223 10.106695 0.268427
38.571011 -37.479223 10.218704 0.382310
42.452387 -37.479223 10.147600 0.261775
46.333763 -37.479223 9.966779 0.228831
50.215140 -37.479223 9.927194 0.329165
54.096516 -37.479223 9.999460 0.315927
57.977892 -37.479223 10.152143 0.327728
61.859268 -37.479223 10.108768 0.317169
65.740644 -37.479223 10.120461 0.199169
69.622020 -37.479223 10.090988 0.289859
73.503396 -37.479223 10.079392 0.330437
77.384772 -37.479223 10.134047 0.367617
81.266148 -37.479223 10.126495 0.336493
85.147524 -37.479223 9.950677 0.153755
89.028900 -37.479223 9.999990 0.327291
92.910276 -37.479223 9.762026 0.196396
96.791652 -37.479223 9.956121 0.457170
100.673028 -37.479223 9.771650 0.297859
104.554404 -37.479223 9.999081 0.316594
108.435780 -37.479223 10.009335 0.383948
112.317156 -37.479223 9.867577 0.123982
116.198532 -37.479223 9.887959 0.193367
120.079908 -37.479223 10.028975 -0.044477
123.961284 -37.479223 9.936515 0.232334
127.842660 -37.479223 10.060099 0.228379
131.724036 -37.479223 9.657473 0.044905
135.605412 -37.479223 9.919463 0.169490
139.486788 -37.479223 9.848529 0.351139
-54.582013 -41.360599 0.000000 0.000000
-50.700637 -41.360599 0.000000 0.000000
-46.819261 -41.360599 0.000000 0.000000
-42.937885 -41.360599 9.093270 -0.148194
-39.056509 -41.360599 0.000000 0.000000
-35.175133 -41.360599 10.162403 -0.237491
-31.293757 -41.360599 9.798126 0.307636
-27.412381 -41.360599 9.656498 -0.261941
-23.531005 -41.360599 10.142816 0.005358
-19.649629 -41.360599 10.104329 0.137180
-15.768253 -41.360599 10.117213 -0.064941
-11.886877 -41.360599 9.989972 0.000111
-8.005501 -41.360599 10.203944 0.165326
-4.124125 -41.360599 10.159189 0.287974
-0.242749 -41.360599 9.993439 0.174493
3.638627 -41.360599 10.380410 0.320833
7.520003 -41.360599 10.233510 0.288593
11.401379 -41.360599 10.230469 0.276988
15.282755 -41.360599 10.287957 0.115449
19.164131 -41.360599 10.220456 -0.036553
23.045507 -41.360599 10.137526 0.088421
26.926883 -41.360599 10.159868 0.255259
30.808259 -41.360599 10.163304 0.255798
34.689635 -41.360599 10.047128 0.197510
38.571011 -41.360599 10.064253 0.131582
42.452387 -41.360599 10.198281 0.189258
46.333763 -41.360599 10.155746 0.178749
50.215140 -41.360599 10.115326 0.287114
54.096516 -41.360599 10.019590 0.245752
57.977892 -41.360599 10.198133 0.101414
61.859268 -41.360599 10.099270 0.324520
65.740644 -41.360599 10.120011 0.202644
69.622020 -41.360599 10.018209 0.331900
73.503396 -41.360599 9.980786 0.338871
77.384772 -41.360599 10.078936 0.376346
81.266148 -41.360599 10.068652 0.265271
85.147524 -41.360599 9.996971 0.398631
89.028900 -41.360599 10.016524 0.193876
92.910276 -41.360599 9.709551 0.109014
96.791652 -41.360599 10.041874 0.161664
100.673028 -41.360599 9.896085 0.396731
104.554404 -41.360599 10.084763 0.122832
108.435780 -41.360599 9.867703 0.112147
112.317156 -41.360599 10.211131 0.264230
116.198532 -41.360599 9.996567 0.344564
120.079908 -41.360599 9.805283 0.263248
123.961284 -41.360599 9.820286 0.199334
127.842660 -41.360599 9.885335 0.319149
131.724036 -41.360599 9.620315 0.064518
135.605412 -41.360599 9.835703 0.254142
139.486788 -41.360599 9.363978 0.410775
-54.582013 -45.241975 0.000000 0.000000
-50.700637 -45.241975 0.000000 0.000000
-46.819261 -45.241975 0.000000 0.000000
-42.937885 -45.241975 0.000000 0.000000
-39.056509 -45.241975 0.000000 0.000000
-35.175133 -45.241975 0.000000 0.000000
-31.293757 -45.241975 0.000000 0.000000
-27.412381 -45.241975 0.000000 0.000000
-23.531005 -45.241975 0.000000 0.000000
-19.649629 -45.241975 0.000000 0.000000
-15.768253 -45.241975 0.000000 0.000000
-11.886877 -45.241975 0.000000 0.000000
-8.005501 -45.241975 0.000000 0.000000
-4.124125 -45.241975 0.000000 0.000000
-0.242749 -45.241975 0.000000 0.000000
3.638627 -45.241975 0.000000 0.000000
7.520003 -45.241975 0.000000 0.000000
11.401379 -45.241975 0.000000 0.000000
15.282755 -45.241975 0.000000 0.000000
19.164131 -45.241975 0.000000 0.000000
23.045507 -45.241975 0.000000 0.000000
26.926883 -45.241975 0.000000 0.000000
30.808259 -45.241975 0.000000 0.000000
34.689635 -45.241975 0.000000 0.000000
38.571011 -45.241975 0.000000 0.000000
42.452387 -45.241975 0.000000 0.000000
46.333763 -45.241975 0.000000 0.000000
50.215140 -45.241975 0.000000 0.000000
54.096516 -45.241975 0.000000 0.000000
57.977892 -45.241975 0.000000 0.000000
61.859268 -45.241975 0.000000 0.000000
65.740644 -45.241975 0.000000 0.000000
69.622020 -45.241975 0.000000 0.000000
73.503396 -45.241975 0.000000 0.000000
77.384772 -45.241975 0.000000 0.000000
81.266148 -45.241975 0.000000 0.000000
85.147524 -45.241975 0.000000 0.000000
89.028900 -45.241975 0.000000 0.000000
92.910276 -45.241975 0.000000 0.000000
96.791652 -45.241975 0.000000 0.000000
100.673028 -45.241975 0.000000 0.000000
104.554404 -45.241975 0.000000 0.000000
108.435780 -45.241975 0.000000 0.000000
112.317156 -45.241975 0.000000 0.000000
116.198532 -45.241975 0.000000 0.000000
120.079908 -45.241975 0.000000 0.000000
123.961284 -45.241975 0.000000 0.000000
127.842660 -45.241975 0.000000 0.000000
131.724036 -45.241975 0.000000 0.000000
135.605412 -45.241975 0.000000 0.000000
139.486788 -45.241975 0.000000 0.000000
