TITLE = "B00014"
VARIABLES = "position", "position(2)", "Vx", "Vy"
ZONE T="Frame 0", I=51, J=39
-54.582013 102.250314 0.000000 0.000000
-50.700637 102.250314 0.000000 0.000000
-46.819261 102.250314 0.000000 0.000000
-42.937885 102.250314 0.000000 0.000000
-39.056509 102.250314 0.000000 0.000000
-35.175133 102.250314 0.000000 0.000000
-31.293757 102.250314 0.000000 0.000000
-27.412381 102.250314 0.000000 0.000000
-23.531005 102.250314 0.000000 0.000000
-19.649629 102.250314 0.000000 0.000000
-15.768253 102.250314 10.245075 0.168043
-11.886877 102.250314 9.737423 0.176556
-8.005501 102.250314 10.077206 0.312121
-4.124125 102.250314 0.000000 0.000000
-0.242749 102.250314 0.000000 0.000000
3.638627 102.250314 0.000000 0.000000
7.520003 102.250314 0.000000 0.000000
11.401379 102.250314 0.000000 0.000000
15.282755 102.250314 0.000000 0.000000
19.164131 102.250314 0.000000 0.000000
23.045507 102.250314 0.000000 0.000000
26.926883 102.250314 10.943323 -0.376752
30.808259 102.250314 8.501722 1.844805
34.689635 102.250314 15.274442 -0.869360
38.571011 102.250314 11.630378 -0.721692
42.452387 102.250314 12.512754 0.849305
46.333763 102.250314 9.009732 -0.123187
50.215140 102.250314 10.000133 0.312378
54.096516 102.250314 11.150485 -0.712681
57.977892 102.250314 0.000000 0.000000
61.859268 102.250314 0.000000 0.000000
65.740644 102.250314 0.000000 0.000000
69.622020 102.250314 9.736331 0.881365
73.503396 102.250314 10.239889 -0.664199
77.384772 102.250314 9.538303 0.564258
81.266148 102.250314 10.409792 -0.359245
85.147524 102.250314 9.967451 0.847938
89.028900 102.250314 10.541901 -0.899981
92.910276 102.250314 9.468436 -0.228239
96.791652 102.250314 10.689766 -0.700269
100.673028 102.250314 10.319310 0.277912
104.554404 102.250314 10.331429 -0.529855
108.435780 102.250314 10.154896 0.833835
112.317156 102.250314 9.033851 0.306838
116.198532 102.250314 10.259727 0.109975
120.079908 102.250314 10.455312 -0.879160
123.961284 102.250314 10.509037 0.788334
127.842660 102.250314 11.185186 -0.049586
131.724036 102.250314 10.082595 0.624717
135.605412 102.250314 9.961044 -0.476327
139.486788 102.250314 10.586341 -0.565029
-54.582013 98.368938 0.000000 0.000000
-50.700637 98.368938 0.000000 0.000000
-46.819261 98.368938 0.000000 0.000000
-42.937885 98.368938 0.000000 0.000000
-39.056509 98.368938 0.000000 0.000000
-35.175133 98.368938 0.000000 0.000000
-31.293757 98.368938 0.000000 0.000000
-27.412381 98.368938 0.000000 0.000000
-23.531005 98.368938 0.000000 0.000000
-19.649629 98.368938 7.825393 0.146584
-15.768253 98.368938 10.550896 0.754258
-11.886877 98.368938 10.835170 0.290581
-8.005501 98.368938 11.286520 0.441074
-4.124125 98.368938 9.316650 1.239392
-0.242749 98.368938 10.578777 0.922974
3.638627 98.368938 0.000000 0.000000
7.520003 98.368938 0.000000 0.000000
11.401379 98.368938 0.000000 0.000000
15.282755 98.368938 0.000000 0.000000
19.164131 98.368938 0.000000 0.000000
23.045507 98.368938 0.000000 0.000000
26.926883 98.368938 9.522189 1.242973
30.808259 98.368938 8.886136 0.575131
34.689635 98.368938 11.559332 1.106203
38.571011 98.368938 0.000000 0.000000
42.452387 98.368938 12.196659 -0.642524
46.333763 98.368938 0.000000 0.000000
50.215140 98.368938 9.948848 0.847668
54.096516 98.368938 0.000000 0.000000
57.977892 98.368938 10.343836 -0.119141
61.859268 98.368938 0.000000 0.000000
65.740644 98.368938 0.000000 0.000000
69.622020 98.368938 0.000000 0.000000
73.503396 98.368938 9.711151 0.269797
77.384772 98.368938 9.424221 -0.928946
81.266148 98.368938 9.335153 -1.084541
85.147524 98.368938 9.455832 0.734320
89.028900 98.368938 10.046032 -0.820007
92.910276 98.368938 9.123968 0.049754
96.791652 98.368938 9.421004 0.727139
100.673028 98.368938 9.541055 -0.881518
104.554404 98.368938 9.539583 0.435474
108.435780 98.368938 10.011003 0.192890
112.317156 98.368938 9.225657 -0.297904
116.198532 98.368938 10.240806 0.017004
120.079908 98.368938 10.198062 0.498226
123.961284 98.368938 9.453893 0.380791
127.842660 98.368938 9.734786 -1.033234
131.724036 98.368938 9.925722 -0.407532
135.605412 98.368938 10.154889 -0.267415
139.486788 98.368938 10.712867 -0.414884
-54.582013 94.487562 0.000000 0.000000
-50.700637 94.487562 0.000000 0.000000
-46.819261 94.487562 0.000000 0.000000
-42.937885 94.487562 9.903133 0.288324
-39.056509 94.487562 0.000000 0.000000
-35.175133 94.487562 0.000000 0.000000
-31.293757 94.487562 0.000000 0.000000
-27.412381 94.487562 0.000000 0.000000
-23.531005 94.487562 0.000000 0.000000
-19.649629 94.487562 0.000000 0.000000
-15.768253 94.487562 9.175220 0.497070
-11.886877 94.487562 9.882596 0.513266
-8.005501 94.487562 10.140567 -0.245804
-4.124125 94.487562 9.955005 1.136770
-0.242749 94.487562 0.000000 0.000000
3.638627 94.487562 0.000000 0.000000
7.520003 94.487562 0.000000 0.000000
11.401379 94.487562 0.000000 0.000000
15.282755 94.487562 0.000000 0.000000
19.164131 94.487562 7.673833 0.290266
23.045507 94.487562 12.015446 -0.601457
26.926883 94.487562 9.207343 -0.611001
30.808259 94.487562 9.148108 0.480675
34.689635 94.487562 0.000000 0.000000
38.571011 94.487562 10.617693 0.242303
42.452387 94.487562 10.191713 0.302717
46.333763 94.487562 10.612545 0.098890
50.215140 94.487562 10.675777 -0.483332
54.096516 94.487562 9.112808 0.920776
57.977892 94.487562 0.000000 0.000000
61.859268 94.487562 0.000000 0.000000
65.740644 94.487562 0.000000 0.000000
69.622020 94.487562 0.000000 0.000000
73.503396 94.487562 0.000000 0.000000
77.384772 94.487562 10.344826 1.622108
81.266148 94.487562 10.664185 -0.128338
85.147524 94.487562 9.179890 0.170753
89.028900 94.487562 10.126196 0.131208
92.910276 94.487562 9.712885 -1.182099
96.791652 94.487562 9.337028 0.180644
100.673028 94.487562 10.113832 0.768723
104.554404 94.487562 9.767712 0.175001
108.435780 94.487562 10.261753 -0.086006
112.317156 94.487562 10.407811 -0.365792
116.198532 94.487562 10.016321 -0.183761
120.079908 94.487562 10.234596 0.254617
123.961284 94.487562 8.495920 -0.309710
127.842660 94.487562 10.035995 0.108106
131.724036 94.487562 10.313298 -0.557556
135.605412 94.487562 9.541869 -0.335467
139.486788 94.487562 9.679040 -0.437828
-54.582013 90.606186 0.000000 0.000000
-50.700637 90.606186 0.000000 0.000000
-46.819261 90.606186 9.336497 1.786255
-42.937885 90.606186 10.159880 2.360765
-39.056509 90.606186 9.607323 1.299780
-35.175133 90.606186 0.000000 0.000000
-31.293757 90.606186 0.000000 0.000000
-27.412381 90.606186 0.000000 0.000000
-23.531005 90.606186 0.000000 0.000000
-19.649629 90.606186 0.000000 0.000000
-15.768253 90.606186 9.931265 0.458285
-11.886877 90.606186 10.386947 -0.247262
-8.005501 90.606186 9.821763 0.842944
-4.124125 90.606186 0.000000 0.000000
-0.242749 90.606186 8.981143 0.938816
3.638627 90.606186 0.000000 0.000000
7.520003 90.606186 8.300811 -0.736256
11.401379 90.606186 10.839300 -0.969586
15.282755 90.606186 0.000000 0.000000
19.164131 90.606186 9.618578 -0.384130
23.045507 90.606186 10.316432 -0.904554
26.926883 90.606186 10.535811 -0.599461
30.808259 90.606186 10.555921 0.222248
34.689635 90.606186 10.087502 -0.491078
38.571011 90.606186 10.433343 -0.530856
42.452387 90.606186 9.170022 1.258971
46.333763 90.606186 10.104085 0.840921
50.215140 90.606186 11.739682 -1.734132
54.096516 90.606186 9.765768 -1.900339
57.977892 90.606186 10.320648 -0.606372
61.859268 90.606186 0.000000 0.000000
65.740644 90.606186 0.000000 0.000000
69.622020 90.606186 0.000000 0.000000
73.503396 90.606186 10.116199 0.695428
77.384772 90.606186 12.277884 -1.734203
81.266148 90.606186 10.029949 0.731509
85.147524 90.606186 10.268046 -0.229911
89.028900 90.606186 9.644797 -2.037701
92.910276 90.606186 10.325445 -0.912304
96.791652 90.606186 10.107876 -0.115541
100.673028 90.606186 10.392030 -0.223697
104.554404 90.606186 9.145900 0.984963
108.435780 90.606186 10.599729 0.573769
112.317156 90.606186 9.227843 -0.323924
116.198532 90.606186 10.201415 0.063946
120.079908 90.606186 10.678436 0.456505
123.961284 90.606186 9.782388 0.256801
127.842660 90.606186 8.975986 0.071405
131.724036 90.606186 10.178885 -0.266915
135.605412 90.606186 0.000000 0.000000
139.486788 90.606186 9.961880 0.394222
-54.582013 86.724810 0.000000 0.000000
-50.700637 86.724810 0.000000 0.000000
-46.819261 86.724810 0.000000 0.000000
-42.937885 86.724810 9.047972 1.338583
-39.056509 86.724810 11.222767 0.381442
-35.175133 86.724810 0.000000 0.000000
-31.293757 86.724810 0.000000 0.000000
-27.412381 86.724810 0.000000 0.000000
-23.531005 86.724810 0.000000 0.000000
-19.649629 86.724810 0.000000 0.000000
-15.768253 86.724810 10.198562 0.468034
-11.886877 86.724810 10.502673 0.594492
-8.005501 86.724810 10.398335 0.149195
-4.124125 86.724810 9.492277 1.306301
-0.242749 86.724810 10.323696 1.314685
3.638627 86.724810 9.512241 -0.030140
7.520003 86.724810 10.153717 0.303303
11.401379 86.724810 10.218519 -0.138442
15.282755 86.724810 10.891007 -0.579141
19.164131 86.724810 9.807732 -1.367736
23.045507 86.724810 10.161114 0.278239
26.926883 86.724810 10.380191 0.015380
30.808259 86.724810 10.277883 0.382898
34.689635 86.724810 10.196550 -0.031195
38.571011 86.724810 10.177197 -0.513596
42.452387 86.724810 9.753729 -0.174125
46.333763 86.724810 10.189477 -0.225564
50.215140 86.724810 10.267861 -0.468426
54.096516 86.724810 9.993600 -0.413189
57.977892 86.724810 8.216116 1.540721
61.859268 86.724810 0.000000 0.000000
65.740644 86.724810 0.000000 0.000000
69.622020 86.724810 0.000000 0.000000
73.503396 86.724810 10.082391 -0.582942
77.384772 86.724810 10.296144 -0.185851
81.266148 86.724810 11.268269 -0.508150
85.147524 86.724810 10.352639 -0.019119
89.028900 86.724810 10.365983 -0.537033
92.910276 86.724810 9.164685 0.275434
96.791652 86.724810 9.519028 0.185214
100.673028 86.724810 9.237940 -2.049272
104.554404 86.724810 10.562783 0.357393
108.435780 86.724810 9.817842 -0.482061
112.317156 86.724810 9.544245 0.390377
116.198532 86.724810 10.014260 0.215092
120.079908 86.724810 9.929103 -0.463854
123.961284 86.724810 9.812242 0.101131
127.842660 86.724810 10.336565 1.195090
131.724036 86.724810 9.852986 0.130832
135.605412 86.724810 9.920638 0.333351
139.486788 86.724810 10.289931 0.502718
-54.582013 82.843434 0.000000 0.000000
-50.700637 82.843434 9.392505 1.219030
-46.819261 82.843434 9.630614 0.846965
-42.937885 82.843434 10.371822 0.682119
-39.056509 82.843434 9.335523 0.819370
-35.175133 82.843434 0.000000 0.000000
-31.293757 82.843434 0.000000 0.000000
-27.412381 82.843434 0.000000 0.000000
-23.531005 82.843434 0.000000 0.000000
-19.649629 82.843434 0.000000 0.000000
-15.768253 82.843434 10.194848 0.448240
-11.886877 82.843434 11.027543 0.194571
-8.005501 82.843434 10.628890 1.065148
-4.124125 82.843434 10.256108 0.697596
-0.242749 82.843434 10.543788 -0.296675
3.638627 82.843434 9.166771 0.516554
7.520003 82.843434 10.576723 0.477809
11.401379 82.843434 10.598285 0.073376
15.282755 82.843434 10.495662 -0.538982
19.164131 82.843434 11.141209 -0.358526
23.045507 82.843434 10.026599 -0.986300
26.926883 82.843434 10.746100 -0.109623
30.808259 82.843434 10.269539 0.148675
34.689635 82.843434 9.846937 0.126484
38.571011 82.843434 11.560541 0.001667
42.452387 82.843434 10.298522 -0.531018
46.333763 82.843434 10.235966 -0.318705
50.215140 82.843434 10.558925 -0.865993
54.096516 82.843434 10.290092 0.361608
57.977892 82.843434 8.660594 -1.447554
61.859268 82.843434 0.000000 0.000000
65.740644 82.843434 0.000000 0.000000
69.622020 82.843434 9.653228 -0.745556
73.503396 82.843434 9.465188 -0.259818
77.384772 82.843434 9.506038 0.471291
81.266148 82.843434 9.687023 -0.179171
85.147524 82.843434 9.463794 -0.440405
89.028900 82.843434 9.869761 0.271630
92.910276 82.843434 10.496486 -0.386729
96.791652 82.843434 10.232854 0.160125
100.673028 82.843434 9.324837 0.068161
104.554404 82.843434 10.410547 0.966054
108.435780 82.843434 9.587581 -0.830499
112.317156 82.843434 9.888644 0.114016
116.198532 82.843434 10.256448 -0.234954
120.079908 82.843434 9.608328 -0.538944
123.961284 82.843434 9.541039 -0.388794
127.842660 82.843434 9.748879 0.269741
131.724036 82.843434 10.400790 0.611075
135.605412 82.843434 10.166281 0.293135
139.486788 82.843434 9.480830 0.213240
-54.582013 78.962058 9.203176 2.077074
-50.700637 78.962058 0.000000 0.000000
-46.819261 78.962058 9.762810 1.231890
-42.937885 78.962058 10.123272 1.186143
-39.056509 78.962058 11.640208 -0.200944
-35.175133 78.962058 0.000000 0.000000
-31.293757 78.962058 0.000000 0.000000
-27.412381 78.962058 0.000000 0.000000
-23.531005 78.962058 0.000000 0.000000
-19.649629 78.962058 0.000000 0.000000
-15.768253 78.962058 10.371709 0.083575
-11.886877 78.962058 10.154297 0.487254
-8.005501 78.962058 9.688652 0.540580
-4.124125 78.962058 10.394085 0.538054
-0.242749 78.962058 11.015849 -0.432144
3.638627 78.962058 9.834509 0.277719
7.520003 78.962058 10.666388 -0.015443
11.401379 78.962058 10.297502 -0.561024
15.282755 78.962058 10.591640 -0.316575
19.164131 78.962058 10.147473 -0.550633
23.045507 78.962058 10.023067 0.193900
26.926883 78.962058 10.344410 -0.151898
30.808259 78.962058 10.447246 0.375172
34.689635 78.962058 10.097685 1.066275
38.571011 78.962058 10.892241 -0.489963
42.452387 78.962058 10.254104 -0.711889
46.333763 78.962058 10.292177 -0.146081
50.215140 78.962058 9.814293 -0.317305
54.096516 78.962058 10.005892 -0.578888
57.977892 78.962058 10.510792 -0.212021
61.859268 78.962058 0.000000 0.000000
65.740644 78.962058 0.000000 0.000000
69.622020 78.962058 9.887849 -0.670937
73.503396 78.962058 10.053688 -0.969189
77.384772 78.962058 9.550855 0.567339
81.266148 78.962058 9.582253 -0.535986
85.147524 78.962058 9.176012 -0.261429
89.028900 78.962058 9.835795 0.189664
92.910276 78.962058 8.641941 -0.699879
96.791652 78.962058 9.459667 -0.976946
100.673028 78.962058 10.024267 0.168830
104.554404 78.962058 9.158775 0.088441
108.435780 78.962058 9.774772 -0.246640
112.317156 78.962058 9.481466 0.251998
116.198532 78.962058 9.346010 0.044007
120.079908 78.962058 10.080919 0.198767
123.961284 78.962058 10.051853 0.237156
127.842660 78.962058 9.658685 -0.754850
131.724036 78.962058 9.891439 0.093619
135.605412 78.962058 9.722086 -0.711818
139.486788 78.962058 10.066863 -0.468673
-54.582013 75.080682 13.038198 1.113518
-50.700637 75.080682 9.393779 0.928310
-46.819261 75.080682 9.508907 1.529397
-42.937885 75.080682 10.947534 -0.020177
-39.056509 75.080682 10.489597 0.874186
-35.175133 75.080682 0.000000 0.000000
-31.293757 75.080682 0.000000 0.000000
-27.412381 75.080682 0.000000 0.000000
-23.531005 75.080682 0.000000 0.000000
-19.649629 75.080682 0.000000 0.000000
-15.768253 75.080682 10.792212 0.359279
-11.886877 75.080682 10.392187 0.825923
-8.005501 75.080682 10.956301 0.473165
-4.124125 75.080682 11.557812 -0.886442
-0.242749 75.080682 10.365138 -0.822960
3.638627 75.080682 10.438978 -0.136252
7.520003 75.080682 10.535419 0.644347
11.401379 75.080682 10.831560 -0.172570
15.282755 75.080682 10.691360 0.178482
19.164131 75.080682 10.614871 -0.146834
23.045507 75.080682 10.598818 -0.578913
26.926883 75.080682 10.816119 -0.519729
30.808259 75.080682 10.172752 -0.255064
34.689635 75.080682 10.358161 0.300188
38.571011 75.080682 10.106183 0.065038
42.452387 75.080682 10.479381 -0.584188
46.333763 75.080682 10.719569 -0.348763
50.215140 75.080682 9.075614 -0.248008
54.096516 75.080682 10.365730 0.240110
57.977892 75.080682 9.820866 0.110017
61.859268 75.080682 0.000000 0.000000
65.740644 75.080682 0.000000 0.000000
69.622020 75.080682 10.352979 -0.345669
73.503396 75.080682 10.491892 -0.903864
77.384772 75.080682 10.674062 0.573993
81.266148 75.080682 9.512426 -0.131673
85.147524 75.080682 9.711488 0.187620
89.028900 75.080682 9.659369 -0.517570
92.910276 75.080682 9.387942 -0.397408
96.791652 75.080682 9.740579 -0.271641
100.673028 75.080682 9.786512 0.213917
104.554404 75.080682 9.674135 -0.210837
108.435780 75.080682 10.038682 -0.121106
112.317156 75.080682 10.356338 0.418081
116.198532 75.080682 9.665014 -1.092041
120.079908 75.080682 9.848751 0.444959
123.961284 75.080682 9.994491 0.001599
127.842660 75.080682 10.161318 0.037236
131.724036 75.080682 9.779723 -0.705901
135.605412 75.080682 9.609463 -0.642916
139.486788 75.080682 9.135375 -0.178520
-54.582013 71.199306 11.937633 1.858521
-50.700637 71.199306 9.708909 1.157582
-46.819261 71.199306 9.919703 0.476427
-42.937885 71.199306 10.279946 0.328127
-39.056509 71.199306 10.327651 0.360129
-35.175133 71.199306 0.000000 0.000000
-31.293757 71.199306 0.000000 0.000000
-27.412381 71.199306 0.000000 0.000000
-23.531005 71.199306 0.000000 0.000000
-19.649629 71.199306 0.000000 0.000000
-15.768253 71.199306 10.345240 1.094167
-11.886877 71.199306 10.504737 0.232952
-8.005501 71.199306 10.801951 0.463116
-4.124125 71.199306 10.815678 -0.193131
-0.242749 71.199306 10.659379 0.244274
3.638627 71.199306 10.837754 0.498860
7.520003 71.199306 10.537520 -0.045198
11.401379 71.199306 10.446462 0.408857
15.282755 71.199306 10.326954 -0.173937
19.164131 71.199306 10.128889 0.064723
23.045507 71.199306 10.590971 -0.011924
26.926883 71.199306 10.850170 0.014137
30.808259 71.199306 10.138590 -0.602922
34.689635 71.199306 10.409385 0.129833
38.571011 71.199306 9.954930 -0.446910
42.452387 71.199306 10.469640 -0.486235
46.333763 71.199306 9.788150 -0.623077
50.215140 71.199306 10.301709 0.044050
54.096516 71.199306 9.872984 -0.672615
57.977892 71.199306 10.104304 0.185560
61.859268 71.199306 0.000000 0.000000
65.740644 71.199306 0.000000 0.000000
69.622020 71.199306 9.437599 -0.492563
73.503396 71.199306 10.189271 -0.595351
77.384772 71.199306 10.148325 -0.004104
81.266148 71.199306 10.010962 -0.898311
85.147524 71.199306 9.167838 -0.344257
89.028900 71.199306 9.842942 0.074315
92.910276 71.199306 9.245278 0.653928
96.791652 71.199306 9.485843 -0.391873
100.673028 71.199306 10.337015 -0.064011
104.554404 71.199306 9.737889 0.115844
108.435780 71.199306 9.791941 -0.314464
112.317156 71.199306 9.942611 -0.240233
116.198532 71.199306 9.866820 0.098661
120.079908 71.199306 9.765484 -0.037722
123.961284 71.199306 10.441628 0.232482
127.842660 71.199306 10.254048 -0.205372
131.724036 71.199306 10.111263 -0.331690
135.605412 71.199306 9.583018 -0.407203
139.486788 71.199306 9.257875 -0.538379
-54.582013 67.317930 9.131661 0.722643
-50.700637 67.317930 0.000000 0.000000
-46.819261 67.317930 10.535629 1.246360
-42.937885 67.317930 10.069182 0.635161
-39.056509 67.317930 9.622501 1.552697
-35.175133 67.317930 0.000000 0.000000
-31.293757 67.317930 0.000000 0.000000
-27.412381 67.317930 0.000000 0.000000
-23.531005 67.317930 0.000000 0.000000
-19.649629 67.317930 10.435375 0.519541
-15.768253 67.317930 10.523543 0.481167
-11.886877 67.317930 9.036467 0.581964
-8.005501 67.317930 10.761860 0.189869
-4.124125 67.317930 10.383193 0.059074
-0.242749 67.317930 9.285529 0.037645
3.638627 67.317930 10.630334 0.190773
7.520003 67.317930 10.732562 -0.886396
11.401379 67.317930 10.291187 0.784868
15.282755 67.317930 10.255281 -0.101967
19.164131 67.317930 10.041936 0.194530
23.045507 67.317930 9.956704 -0.417599
26.926883 67.317930 10.807821 -0.756931
30.808259 67.317930 10.217140 0.287798
34.689635 67.317930 10.323529 -0.225717
38.571011 67.317930 9.961177 -0.719495
42.452387 67.317930 10.465241 -0.236132
46.333763 67.317930 10.368664 -0.376305
50.215140 67.317930 9.982800 -0.456997
54.096516 67.317930 10.061634 -0.237909
57.977892 67.317930 10.098286 -0.018895
61.859268 67.317930 0.000000 0.000000
65.740644 67.317930 0.000000 0.000000
69.622020 67.317930 9.818491 -0.439154
73.503396 67.317930 9.919031 0.033536
77.384772 67.317930 9.825770 -0.241941
81.266148 67.317930 9.963225 -0.138641
85.147524 67.317930 10.126390 -0.240442
89.028900 67.317930 9.873339 -0.475784
92.910276 67.317930 9.698856 0.159473
96.791652 67.317930 9.910977 -0.155423
100.673028 67.317930 9.927742 -0.055520
104.554404 67.317930 9.668685 -0.109196
108.435780 67.317930 9.964758 0.288679
112.317156 67.317930 9.521165 -0.017141
116.198532 67.317930 10.009686 -0.147324
120.079908 67.317930 9.856965 0.129157
123.961284 67.317930 10.119289 0.006697
127.842660 67.317930 9.598293 -0.156550
131.724036 67.317930 9.475818 -0.165323
135.605412 67.317930 9.864254 -0.319735
139.486788 67.317930 10.234115 -0.020285
-54.582013 63.436554 0.000000 0.000000
-50.700637 63.436554 0.000000 0.000000
-46.819261 63.436554 11.033364 1.195900
-42.937885 63.436554 9.589515 0.881371
-39.056509 63.436554 9.806535 1.329682
-35.175133 63.436554 0.000000 0.000000
-31.293757 63.436554 0.000000 0.000000
-27.412381 63.436554 0.000000 0.000000
-23.531005 63.436554 0.000000 0.000000
-19.649629 63.436554 10.539140 0.525752
-15.768253 63.436554 10.398144 0.399834
-11.886877 63.436554 10.376509 0.295959
-8.005501 63.436554 10.982476 0.133761
-4.124125 63.436554 0.000000 0.000000
-0.242749 63.436554 10.107151 0.892931
3.638627 63.436554 10.710168 -0.353440
7.520003 63.436554 11.250020 -0.101116
11.401379 63.436554 10.269909 0.145683
15.282755 63.436554 10.398332 0.384041
19.164131 63.436554 10.925544 0.151164
23.045507 63.436554 10.477826 -0.419142
26.926883 63.436554 10.289024 -0.101295
30.808259 63.436554 10.378865 -0.703895
34.689635 63.436554 10.340924 0.502382
38.571011 63.436554 10.537628 -0.799065
42.452387 63.436554 10.670671 0.024979
46.333763 63.436554 10.043445 -0.111513
50.215140 63.436554 10.429213 -0.644283
54.096516 63.436554 9.975520 -0.308068
57.977892 63.436554 10.121319 -0.504774
61.859268 63.436554 0.000000 0.000000
65.740644 63.436554 0.000000 0.000000
69.622020 63.436554 10.116754 -0.428717
73.503396 63.436554 9.224503 -0.332011
77.384772 63.436554 10.200431 -0.933057
81.266148 63.436554 9.900832 -0.747350
85.147524 63.436554 9.593997 -0.245320
89.028900 63.436554 10.231040 -0.535452
92.910276 63.436554 10.381240 0.169347
96.791652 63.436554 9.592513 0.002650
100.673028 63.436554 9.791506 -0.391102
104.554404 63.436554 9.093505 -0.293295
108.435780 63.436554 9.864008 -0.818702
112.317156 63.436554 9.856719 -0.343779
116.198532 63.436554 9.671779 -0.047138
120.079908 63.436554 10.257712 0.063938
123.961284 63.436554 10.000059 -0.141351
127.842660 63.436554 10.011317 -0.181769
131.724036 63.436554 9.330158 0.340541
135.605412 63.436554 9.702560 -0.240611
139.486788 63.436554 9.239596 0.284845
-54.582013 59.555178 0.000000 0.000000
-50.700637 59.555178 8.618365 0.907060
-46.819261 59.555178 9.653154 1.016440
-42.937885 59.555178 9.773292 1.094023
-39.056509 59.555178 10.135329 0.905549
-35.175133 59.555178 0.000000 0.000000
-31.293757 59.555178 0.000000 0.000000
-27.412381 59.555178 0.000000 0.000000
-23.531005 59.555178 0.000000 0.000000
-19.649629 59.555178 10.716112 0.811088
-15.768253 59.555178 10.742384 0.737627
-11.886877 59.555178 10.749568 0.441650
-8.005501 59.555178 10.725575 0.360267
-4.124125 59.555178 11.307163 -0.052966
-0.242749 59.555178 10.695796 0.480825
3.638627 59.555178 10.878700 0.306083
7.520003 59.555178 10.732479 -0.090830
11.401379 59.555178 10.626306 0.188728
15.282755 59.555178 10.789036 -0.267972
19.164131 59.555178 10.137883 0.344565
23.045507 59.555178 10.190088 -0.317240
26.926883 59.555178 10.768196 -0.350528
30.808259 59.555178 10.499635 -0.386999
34.689635 59.555178 10.706728 -0.030555
38.571011 59.555178 10.156564 -0.749460
42.452387 59.555178 10.546444 -0.421292
46.333763 59.555178 9.732759 -0.119084
50.215140 59.555178 10.492241 -0.566689
54.096516 59.555178 10.069096 -0.243304
57.977892 59.555178 10.462039 -0.381695
61.859268 59.555178 0.000000 0.000000
65.740644 59.555178 0.000000 0.000000
69.622020 59.555178 10.167718 -0.245778
73.503396 59.555178 10.141536 -0.436725
77.384772 59.555178 10.145546 -0.470998
81.266148 59.555178 9.520632 -0.262599
85.147524 59.555178 9.742997 -0.330063
89.028900 59.555178 9.590082 -0.046624
92.910276 59.555178 9.686928 -0.171879
96.791652 59.555178 10.133315 0.079471
100.673028 59.555178 9.893854 0.461351
104.554404 59.555178 9.102839 -0.447990
108.435780 59.555178 9.891707 -0.646291
112.317156 59.555178 9.782829 0.116152
116.198532 59.555178 9.818164 0.410431
120.079908 59.555178 9.898716 0.281254
123.961284 59.555178 10.103193 -0.461842
127.842660 59.555178 9.188524 0.703770
131.724036 59.555178 9.970745 0.069674
135.605412 59.555178 7.729230 -0.554450
139.486788 59.555178 9.303312 -0.331608
-54.582013 55.673802 9.429681 1.351646
-50.700637 55.673802 10.312592 0.846566
-46.819261 55.673802 9.928718 1.148574
-42.937885 55.673802 9.831502 0.982904
-39.056509 55.673802 9.929893 1.165666
-35.175133 55.673802 0.000000 0.000000
-31.293757 55.673802 0.000000 0.000000
-27.412381 55.673802 0.000000 0.000000
-23.531005 55.673802 10.469085 0.830751
-19.649629 55.673802 10.804400 0.728131
-15.768253 55.673802 10.861852 0.536286
-11.886877 55.673802 10.966578 0.807546
-8.005501 55.673802 11.289336 0.287391
-4.124125 55.673802 11.323873 0.664282
-0.242749 55.673802 10.836311 -0.266912
3.638627 55.673802 10.918245 0.098798
7.520003 55.673802 10.914765 -0.425668
11.401379 55.673802 10.790365 -0.456784
15.282755 55.673802 10.567966 -0.356785
19.164131 55.673802 11.240905 -0.270244
23.045507 55.673802 10.345116 -0.409165
26.926883 55.673802 10.479400 -0.734166
30.808259 55.673802 10.486726 -0.157893
34.689635 55.673802 10.488761 -0.188603
38.571011 55.673802 10.413900 -0.967564
42.452387 55.673802 10.377560 -0.744688
46.333763 55.673802 10.542261 -0.678093
50.215140 55.673802 10.465874 -0.417114
54.096516 55.673802 10.188274 -0.324541
57.977892 55.673802 10.515271 -0.864981
61.859268 55.673802 0.000000 0.000000
65.740644 55.673802 0.000000 0.000000
69.622020 55.673802 10.146228 -0.617132
73.503396 55.673802 9.852589 -1.089990
77.384772 55.673802 9.769457 -0.700593
81.266148 55.673802 10.076996 -0.127150
85.147524 55.673802 9.726445 -0.358986
89.028900 55.673802 9.509338 -0.191144
92.910276 55.673802 10.334381 0.059877
96.791652 55.673802 9.902739 -0.185276
100.673028 55.673802 10.259940 -0.494963
104.554404 55.673802 9.534895 -0.023386
108.435780 55.673802 9.391937 -0.163979
112.317156 55.673802 9.471268 -0.230325
116.198532 55.673802 9.869341 0.426794
120.079908 55.673802 10.470987 -0.465859
123.961284 55.673802 9.718690 -0.197750
127.842660 55.673802 10.200558 -0.238079
131.724036 55.673802 10.016309 0.245394
135.605412 55.673802 9.800673 0.355616
139.486788 55.673802 10.037022 0.164948
-54.582013 51.792426 10.630365 -0.903918
-50.700637 51.792426 9.437799 1.117855
-46.819261 51.792426 9.092468 0.716210
-42.937885 51.792426 9.810736 1.073004
-39.056509 51.792426 9.528778 1.373339
-35.175133 51.792426 0.000000 0.000000
-31.293757 51.792426 0.000000 0.000000
-27.412381 51.792426 0.000000 0.000000
-23.531005 51.792426 10.775035 0.968397
-19.649629 51.792426 11.045116 0.970676
-15.768253 51.792426 11.114962 0.633385
-11.886877 51.792426 11.519439 0.941869
-8.005501 51.792426 11.304482 0.508736
-4.124125 51.792426 11.200231 0.200226
-0.242749 51.792426 10.951056 -0.067989
3.638627 51.792426 10.989242 0.151661
7.520003 51.792426 10.650581 -0.302936
11.401379 51.792426 10.746385 -0.342241
15.282755 51.792426 10.804533 -0.395001
19.164131 51.792426 11.155275 -0.257018
23.045507 51.792426 10.981416 -0.366813
26.926883 51.792426 10.586905 -0.505455
30.808259 51.792426 10.509108 -0.569297
34.689635 51.792426 10.654514 -0.313290
38.571011 51.792426 10.647035 -0.655091
42.452387 51.792426 10.397246 -0.503555
46.333763 51.792426 10.445364 -0.656294
50.215140 51.792426 10.525774 -0.667185
54.096516 51.792426 10.274841 -0.753829
57.977892 51.792426 10.026019 -0.895943
61.859268 51.792426 0.000000 0.000000
65.740644 51.792426 0.000000 0.000000
69.622020 51.792426 9.475679 -0.715700
73.503396 51.792426 9.460944 -0.560291
77.384772 51.792426 9.442667 -0.345592
81.266148 51.792426 10.097512 -0.396361
85.147524 51.792426 9.903568 -0.266693
89.028900 51.792426 9.792295 0.482046
92.910276 51.792426 9.756885 -0.044038
96.791652 51.792426 9.950874 -0.055760
100.673028 51.792426 9.508188 -0.139771
104.554404 51.792426 9.661476 -0.438437
108.435780 51.792426 9.531616 -0.306482
112.317156 51.792426 9.407089 -0.414027
116.198532 51.792426 10.611049 0.100228
120.079908 51.792426 10.125786 -0.407447
123.961284 51.792426 9.405213 -0.314012
127.842660 51.792426 9.498144 -0.171373
131.724036 51.792426 9.960828 0.331602
135.605412 51.792426 9.763575 0.033772
139.486788 51.792426 10.125462 0.456885
-54.582013 47.911049 9.544408 1.551495
-50.700637 47.911049 9.079263 0.717669
-46.819261 47.911049 9.303972 0.900160
-42.937885 47.911049 9.687078 1.323460
-39.056509 47.911049 9.848116 1.343586
-35.175133 47.911049 0.000000 0.000000
-31.293757 47.911049 0.000000 0.000000
-27.412381 47.911049 0.000000 0.000000
-23.531005 47.911049 10.782120 1.189680
-19.649629 47.911049 11.351847 0.924760
-15.768253 47.911049 11.216598 0.540202
-11.886877 47.911049 11.435215 0.652866
-8.005501 47.911049 11.614809 0.618992
-4.124125 47.911049 11.349330 -0.012096
-0.242749 47.911049 11.095838 0.364748
3.638627 47.911049 11.282837 -0.245840
7.520003 47.911049 10.929847 -0.086236
11.401379 47.911049 11.029437 -0.400260
15.282755 47.911049 11.025837 -0.260174
19.164131 47.911049 10.541203 -0.440251
23.045507 47.911049 10.362504 -0.693225
26.926883 47.911049 10.923110 -0.448757
30.808259 47.911049 10.518438 -0.384140
34.689635 47.911049 10.499187 -0.117488
38.571011 47.911049 10.546879 -0.972987
42.452387 47.911049 10.369031 -0.712140
46.333763 47.911049 10.308168 -0.673153
50.215140 47.911049 10.169889 -0.608069
54.096516 47.911049 10.669102 -0.625641
57.977892 47.911049 9.998822 -0.947887
61.859268 47.911049 0.000000 0.000000
65.740644 47.911049 0.000000 0.000000
69.622020 47.911049 9.290446 -0.592041
73.503396 47.911049 9.984080 -0.546955
77.384772 47.911049 9.742035 -0.410205
81.266148 47.911049 9.254667 -0.361356
85.147524 47.911049 9.370033 -0.213594
89.028900 47.911049 9.627693 0.136375
92.910276 47.911049 9.222005 -0.123201
96.791652 47.911049 9.810384 -0.228428
100.673028 47.911049 9.675567 -0.066284
104.554404 47.911049 9.540845 -0.215087
108.435780 47.911049 9.882672 -0.244118
112.317156 47.911049 9.105513 0.307286
116.198532 47.911049 9.950202 0.082567
120.079908 47.911049 10.427627 -0.190352
123.961284 47.911049 10.273407 -0.336346
127.842660 47.911049 9.944517 -0.650290
131.724036 47.911049 9.548508 -0.048009
135.605412 47.911049 9.060770 0.740132
139.486788 47.911049 9.657207 0.635558
-54.582013 44.029673 10.314664 0.690819
-50.700637 44.029673 9.849223 0.817010
-46.819261 44.029673 9.245423 0.571701
-42.937885 44.029673 8.918118 1.217690
-39.056509 44.029673 9.355779 1.447233
-35.175133 44.029673 0.000000 0.000000
-31.293757 44.029673 0.000000 0.000000
-27.412381 44.029673 11.242901 2.096615
-23.531005 44.029673 11.491701 1.660807
-19.649629 44.029673 11.662143 1.427474
-15.768253 44.029673 11.606166 0.896952
-11.886877 44.029673 11.848955 0.636906
-8.005501 44.029673 11.575344 -0.008697
-4.124125 44.029673 11.329937 0.334592
-0.242749 44.029673 0.000000 0.000000
3.638627 44.029673 0.000000 0.000000
7.520003 44.029673 11.013517 -0.299515
11.401379 44.029673 10.724042 -0.660995
15.282755 44.029673 10.742766 -0.281763
19.164131 44.029673 11.526558 -0.474939
23.045507 44.029673 12.011321 -0.741372
26.926883 44.029673 10.922002 -1.088725
30.808259 44.029673 10.742409 -0.774299
34.689635 44.029673 10.628200 -0.341084
38.571011 44.029673 10.464877 -0.451887
42.452387 44.029673 10.447418 -0.718894
46.333763 44.029673 10.716303 -0.550924
50.215140 44.029673 10.428161 -0.628426
54.096516 44.029673 10.349813 -0.854405
57.977892 44.029673 10.369204 -0.657860
61.859268 44.029673 0.000000 0.000000
65.740644 44.029673 0.000000 0.000000
69.622020 44.029673 9.171938 -0.424693
73.503396 44.029673 9.320395 -0.264351
77.384772 44.029673 10.295601 -0.534027
81.266148 44.029673 9.495448 -0.939754
85.147524 44.029673 9.186713 -0.935920
89.028900 44.029673 9.214417 0.087834
92.910276 44.029673 9.248205 1.002938
96.791652 44.029673 10.396672 0.805031
100.673028 44.029673 9.808352 -1.091162
104.554404 44.029673 10.296045 -0.693592
108.435780 44.029673 9.326710 -0.427796
112.317156 44.029673 9.185334 -0.407006
116.198532 44.029673 9.979863 0.521980
120.079908 44.029673 11.034104 -0.066360
123.961284 44.029673 10.007401 -0.995339
127.842660 44.029673 9.423006 -0.951207
131.724036 44.029673 8.667448 -0.147858
135.605412 44.029673 7.764132 1.479770
139.486788 44.029673 9.280804 1.764692
-54.582013 40.148297 0.000000 0.000000
-50.700637 40.148297 9.526891 0.467044
-46.819261 40.148297 9.124117 0.776635
-42.937885 40.148297 8.016333 1.276369
-39.056509 40.148297 8.094615 1.455221
-35.175133 40.148297 0.000000 0.000000
-31.293757 40.148297 0.000000 0.000000
-27.412381 40.148297 0.000000 0.000000
-23.531005 40.148297 0.000000 0.000000
-19.649629 40.148297 0.000000 0.000000
-15.768253 40.148297 0.000000 0.000000
-11.886877 40.148297 0.000000 0.000000
-8.005501 40.148297 0.000000 0.000000
-4.124125 40.148297 0.000000 0.000000
-0.242749 40.148297 0.000000 0.000000
3.638627 40.148297 0.000000 0.000000
7.520003 40.148297 0.000000 0.000000
11.401379 40.148297 0.000000 0.000000
15.282755 40.148297 0.000000 0.000000
19.164131 40.148297 0.000000 0.000000
23.045507 40.148297 0.000000 0.000000
26.926883 40.148297 0.000000 0.000000
30.808259 40.148297 0.000000 0.000000
34.689635 40.148297 0.000000 0.000000
38.571011 40.148297 0.000000 0.000000
42.452387 40.148297 9.901180 -0.197329
46.333763 40.148297 9.381989 -0.944529
50.215140 40.148297 9.896390 -0.449485
54.096516 40.148297 10.466459 -1.222378
57.977892 40.148297 9.859550 -0.819243
61.859268 40.148297 10.224488 -1.419630
65.740644 40.148297 0.000000 0.000000
69.622020 40.148297 8.129502 -0.321174
73.503396 40.148297 9.982914 -0.408912
77.384772 40.148297 10.717870 -0.321208
81.266148 40.148297 9.564575 -1.847391
85.147524 40.148297 8.493369 -1.311125
89.028900 40.148297 7.669437 -0.695139
92.910276 40.148297 6.608463 1.870000
96.791652 40.148297 9.037293 1.665578
100.673028 40.148297 9.967451 -1.961976
104.554404 40.148297 9.309340 -1.361155
108.435780 40.148297 8.949356 -1.026940
112.317156 40.148297 8.043357 -0.786008
116.198532 40.148297 8.756783 1.948219
120.079908 40.148297 9.121217 1.230691
123.961284 40.148297 10.491759 -1.436859
127.842660 40.148297 9.123793 -1.165568
131.724036 40.148297 7.931894 -0.518508
135.605412 40.148297 8.008852 2.302360
139.486788 40.148297 8.408502 2.433187
-54.582013 36.266921 0.000000 0.000000
-50.700637 36.266921 9.926077 0.620216
-46.819261 36.266921 9.377865 0.152964
-42.937885 36.266921 7.601646 -0.965806
-39.056509 36.266921 7.551339 1.324088
-35.175133 36.266921 0.000000 0.000000
-31.293757 36.266921 0.000000 0.000000
-27.412381 36.266921 0.000000 0.000000
-23.531005 36.266921 0.000000 0.000000
-19.649629 36.266921 0.000000 0.000000
-15.768253 36.266921 0.000000 0.000000
-11.886877 36.266921 0.000000 0.000000
-8.005501 36.266921 0.000000 0.000000
-4.124125 36.266921 0.000000 0.000000
-0.242749 36.266921 0.000000 0.000000
3.638627 36.266921 0.000000 0.000000
7.520003 36.266921 0.000000 0.000000
11.401379 36.266921 0.000000 0.000000
15.282755 36.266921 0.000000 0.000000
19.164131 36.266921 0.000000 0.000000
23.045507 36.266921 0.000000 0.000000
26.926883 36.266921 0.000000 0.000000
30.808259 36.266921 0.000000 0.000000
34.689635 36.266921 0.000000 0.000000
38.571011 36.266921 0.000000 0.000000
42.452387 36.266921 0.000000 0.000000
46.333763 36.266921 0.000000 0.000000
50.215140 36.266921 0.000000 0.000000
54.096516 36.266921 0.000000 0.000000
57.977892 36.266921 0.000000 0.000000
61.859268 36.266921 0.000000 0.000000
65.740644 36.266921 0.000000 0.000000
69.622020 36.266921 0.000000 0.000000
73.503396 36.266921 0.000000 0.000000
77.384772 36.266921 0.000000 0.000000
81.266148 36.266921 8.795744 -2.204676
85.147524 36.266921 8.652583 -1.204022
89.028900 36.266921 8.655439 -1.513898
92.910276 36.266921 8.761992 2.412016
96.791652 36.266921 9.016327 3.067755
100.673028 36.266921 8.587121 -1.253828
104.554404 36.266921 9.026241 -1.767107
108.435780 36.266921 9.736056 -1.560034
112.317156 36.266921 11.862389 0.547397
116.198532 36.266921 9.554689 2.567240
120.079908 36.266921 8.630692 1.634768
123.961284 36.266921 8.859396 -2.165319
127.842660 36.266921 9.468760 -1.305969
131.724036 36.266921 9.870770 -1.922280
135.605412 36.266921 11.283013 0.958677
139.486788 36.266921 9.187568 1.899711
-54.582013 32.385545 9.240586 -2.756768
-50.700637 32.385545 7.591466 -0.791525
-46.819261 32.385545 0.000000 0.000000
-42.937885 32.385545 0.000000 0.000000
-39.056509 32.385545 0.000000 0.000000
-35.175133 32.385545 0.000000 0.000000
-31.293757 32.385545 0.000000 0.000000
-27.412381 32.385545 0.000000 0.000000
-23.531005 32.385545 0.000000 0.000000
-19.649629 32.385545 0.000000 0.000000
-15.768253 32.385545 0.000000 0.000000
-11.886877 32.385545 0.000000 0.000000
-8.005501 32.385545 0.000000 0.000000
-4.124125 32.385545 0.000000 0.000000
-0.242749 32.385545 0.000000 0.000000
3.638627 32.385545 0.000000 0.000000
7.520003 32.385545 0.000000 0.000000
11.401379 32.385545 0.000000 0.000000
15.282755 32.385545 0.000000 0.000000
19.164131 32.385545 0.000000 0.000000
23.045507 32.385545 0.000000 0.000000
26.926883 32.385545 0.000000 0.000000
30.808259 32.385545 0.000000 0.000000
34.689635 32.385545 0.000000 0.000000
38.571011 32.385545 0.000000 0.000000
42.452387 32.385545 0.000000 0.000000
46.333763 32.385545 0.000000 0.000000
50.215140 32.385545 0.000000 0.000000
54.096516 32.385545 0.000000 0.000000
57.977892 32.385545 0.000000 0.000000
61.859268 32.385545 0.000000 0.000000
65.740644 32.385545 0.000000 0.000000
69.622020 32.385545 0.000000 0.000000
73.503396 32.385545 0.000000 0.000000
77.384772 32.385545 8.481413 1.281104
81.266148 32.385545 8.419791 0.400116
85.147524 32.385545 9.947873 -0.962789
89.028900 32.385545 9.964215 0.868706
92.910276 32.385545 10.129092 1.173639
96.791652 32.385545 8.698405 0.888799
100.673028 32.385545 8.478637 -0.756116
104.554404 32.385545 8.890236 -1.399569
108.435780 32.385545 9.809101 -0.786748
112.317156 32.385545 10.389294 0.690703
116.198532 32.385545 9.746202 1.201622
120.079908 32.385545 8.804362 0.892857
123.961284 32.385545 8.966371 -0.516096
127.842660 32.385545 9.841203 -0.917099
131.724036 32.385545 10.343706 -0.777969
135.605412 32.385545 10.130394 0.223630
139.486788 32.385545 9.939757 0.846630
-54.582013 28.504169 0.000000 0.000000
-50.700637 28.504169 0.000000 0.000000
-46.819261 28.504169 0.000000 0.000000
-42.937885 28.504169 0.000000 0.000000
-39.056509 28.504169 0.000000 0.000000
-35.175133 28.504169 0.000000 0.000000
-31.293757 28.504169 0.000000 0.000000
-27.412381 28.504169 0.000000 0.000000
-23.531005 28.504169 0.000000 0.000000
-19.649629 28.504169 0.000000 0.000000
-15.768253 28.504169 0.000000 0.000000
-11.886877 28.504169 0.000000 0.000000
-8.005501 28.504169 0.000000 0.000000
-4.124125 28.504169 0.000000 0.000000
-0.242749 28.504169 0.000000 0.000000
3.638627 28.504169 0.000000 0.000000
7.520003 28.504169 0.000000 0.000000
11.401379 28.504169 0.000000 0.000000
15.282755 28.504169 0.000000 0.000000
19.164131 28.504169 0.000000 0.000000
23.045507 28.504169 0.000000 0.000000
26.926883 28.504169 0.000000 0.000000
30.808259 28.504169 0.000000 0.000000
34.689635 28.504169 0.000000 0.000000
38.571011 28.504169 0.000000 0.000000
42.452387 28.504169 0.000000 0.000000
46.333763 28.504169 0.000000 0.000000
50.215140 28.504169 0.000000 0.000000
54.096516 28.504169 0.000000 0.000000
57.977892 28.504169 0.000000 0.000000
61.859268 28.504169 0.000000 0.000000
65.740644 28.504169 0.000000 0.000000
69.622020 28.504169 0.000000 0.000000
73.503396 28.504169 0.000000 0.000000
77.384772 28.504169 0.000000 0.000000
81.266148 28.504169 9.165392 0.460966
85.147524 28.504169 9.967926 -0.759061
89.028900 28.504169 10.257040 0.438317
92.910276 28.504169 9.888037 0.627582
96.791652 28.504169 9.298652 0.271589
100.673028 28.504169 8.966988 -0.111846
104.554404 28.504169 9.758717 -0.425427
108.435780 28.504169 10.283016 -0.096901
112.317156 28.504169 10.016811 0.482231
116.198532 28.504169 9.505498 0.616561
120.079908 28.504169 9.284721 0.330471
123.961284 28.504169 9.902501 0.063426
127.842660 28.504169 9.832707 -0.406472
131.724036 28.504169 10.053633 -0.357481
135.605412 28.504169 10.105291 0.214498
139.486788 28.504169 9.764121 0.361483
-54.582013 24.622793 0.000000 0.000000
-50.700637 24.622793 0.000000 0.000000
-46.819261 24.622793 0.000000 0.000000
-42.937885 24.622793 0.000000 0.000000
-39.056509 24.622793 0.000000 0.000000
-35.175133 24.622793 0.000000 0.000000
-31.293757 24.622793 0.000000 0.000000
-27.412381 24.622793 0.000000 0.000000
-23.531005 24.622793 0.000000 0.000000
-19.649629 24.622793 0.000000 0.000000
-15.768253 24.622793 0.000000 0.000000
-11.886877 24.622793 0.000000 0.000000
-8.005501 24.622793 0.000000 0.000000
-4.124125 24.622793 0.000000 0.000000
-0.242749 24.622793 0.000000 0.000000
3.638627 24.622793 0.000000 0.000000
7.520003 24.622793 0.000000 0.000000
11.401379 24.622793 0.000000 0.000000
15.282755 24.622793 0.000000 0.000000
19.164131 24.622793 0.000000 0.000000
23.045507 24.622793 0.000000 0.000000
26.926883 24.622793 0.000000 0.000000
30.808259 24.622793 0.000000 0.000000
34.689635 24.622793 0.000000 0.000000
38.571011 24.622793 0.000000 0.000000
42.452387 24.622793 0.000000 0.000000
46.333763 24.622793 0.000000 0.000000
50.215140 24.622793 0.000000 0.000000
54.096516 24.622793 0.000000 0.000000
57.977892 24.622793 0.000000 0.000000
61.859268 24.622793 0.000000 0.000000
65.740644 24.622793 0.000000 0.000000
69.622020 24.622793 9.799708 0.754773
73.503396 24.622793 9.621746 0.550050
77.384772 24.622793 9.086037 0.529139
81.266148 24.622793 9.526452 0.443284
85.147524 24.622793 9.488098 0.169893
89.028900 24.622793 10.051683 0.093176
92.910276 24.622793 9.765216 0.618660
96.791652 24.622793 9.482296 0.290365
100.673028 24.622793 9.656809 -0.032515
104.554404 24.622793 9.624516 0.061122
108.435780 24.622793 9.914950 -0.422483
112.317156 24.622793 10.042349 0.100053
116.198532 24.622793 9.468951 0.112094
120.079908 24.622793 9.491960 0.153905
123.961284 24.622793 10.202032 -0.114920
127.842660 24.622793 9.612001 0.235756
131.724036 24.622793 10.007446 -0.093520
135.605412 24.622793 9.699581 0.254031
139.486788 24.622793 9.863424 0.202079
-54.582013 20.741417 8.404279 0.765403
-50.700637 20.741417 9.476167 -0.606218
-46.819261 20.741417 9.285554 -0.418310
-42.937885 20.741417 9.095013 -0.888487
-39.056509 20.741417 8.893142 -0.521745
-35.175133 20.741417 9.269217 -1.499141
-31.293757 20.741417 0.000000 0.000000
-27.412381 20.741417 0.000000 0.000000
-23.531005 20.741417 0.000000 0.000000
-19.649629 20.741417 0.000000 0.000000
-15.768253 20.741417 0.000000 0.000000
-11.886877 20.741417 0.000000 0.000000
-8.005501 20.741417 0.000000 0.000000
-4.124125 20.741417 0.000000 0.000000
-0.242749 20.741417 0.000000 0.000000
3.638627 20.741417 0.000000 0.000000
7.520003 20.741417 0.000000 0.000000
11.401379 20.741417 10.838211 0.381706
15.282755 20.741417 10.746840 0.359183
19.164131 20.741417 10.874270 0.234186
23.045507 20.741417 10.499798 0.222418
26.926883 20.741417 10.792929 0.708363
30.808259 20.741417 10.777826 0.524253
34.689635 20.741417 10.597677 0.711364
38.571011 20.741417 10.415063 0.523952
42.452387 20.741417 10.410763 0.649380
46.333763 20.741417 10.575859 0.615973
50.215140 20.741417 10.283312 0.463197
54.096516 20.741417 10.287032 0.718151
57.977892 20.741417 10.029795 0.718254
61.859268 20.741417 9.998371 0.878263
65.740644 20.741417 10.073448 0.830959
69.622020 20.741417 9.749216 0.543387
73.503396 20.741417 10.308837 0.302193
77.384772 20.741417 9.502999 0.389572
81.266148 20.741417 9.485612 0.355050
85.147524 20.741417 9.441390 0.425923
89.028900 20.741417 9.768087 0.223456
92.910276 20.741417 9.851070 0.301106
96.791652 20.741417 9.713915 0.426157
100.673028 20.741417 9.319871 -0.281563
104.554404 20.741417 9.789591 0.073077
108.435780 20.741417 9.857980 0.207454
112.317156 20.741417 9.899833 -0.025316
116.198532 20.741417 9.521097 0.353433
120.079908 20.741417 9.957759 -0.112262
123.961284 20.741417 9.935775 0.193882
127.842660 20.741417 10.090606 0.220954
131.724036 20.741417 9.799239 -0.039050
135.605412 20.741417 9.876207 0.130389
139.486788 20.741417 9.773640 -0.074728
-54.582013 16.860041 9.438161 -0.144889
-50.700637 16.860041 10.198426 0.382586
-46.819261 16.860041 9.265926 0.151294
-42.937885 16.860041 0.000000 0.000000
-39.056509 16.860041 10.012776 -0.449168
-35.175133 16.860041 9.362886 -0.710820
-31.293757 16.860041 10.160077 -0.604825
-27.412381 16.860041 10.088840 -0.741875
-23.531005 16.860041 10.411821 -0.647343
-19.649629 16.860041 10.612190 -0.685783
-15.768253 16.860041 10.431104 -0.107131
-11.886877 16.860041 10.500699 -0.537235
-8.005501 16.860041 10.731930 -0.466179
-4.124125 16.860041 10.824867 -0.160363
-0.242749 16.860041 10.815576 -0.240698
3.638627 16.860041 10.683140 0.002449
7.520003 16.860041 10.832479 -0.039238
11.401379 16.860041 10.847307 0.317240
15.282755 16.860041 10.754485 0.309682
19.164131 16.860041 10.647263 0.408249
23.045507 16.860041 10.457279 0.600917
26.926883 16.860041 10.270144 0.301832
30.808259 16.860041 10.580573 0.504161
34.689635 16.860041 10.431406 0.375317
38.571011 16.860041 10.536836 0.700155
42.452387 16.860041 10.229513 0.429336
46.333763 16.860041 10.103015 0.535657
50.215140 16.860041 10.008471 0.578625
54.096516 16.860041 9.988710 0.801720
57.977892 16.860041 9.675891 0.631858
61.859268 16.860041 9.641281 0.512999
65.740644 16.860041 9.830545 0.584959
69.622020 16.860041 9.766113 0.461098
73.503396 16.860041 9.752165 0.509047
77.384772 16.860041 9.935235 0.558560
81.266148 16.860041 9.695552 0.358793
85.147524 16.860041 9.599256 0.392144
89.028900 16.860041 9.878613 0.337797
92.910276 16.860041 9.646139 0.113339
96.791652 16.860041 9.639153 0.264870
100.673028 16.860041 9.840907 0.633354
104.554404 16.860041 9.191981 0.207383
108.435780 16.860041 9.918559 0.027910
112.317156 16.860041 10.330445 0.862381
116.198532 16.860041 10.157520 0.042650
120.079908 16.860041 9.703989 0.426390
123.961284 16.860041 9.731571 -0.342973
127.842660 16.860041 10.041834 -0.517763
131.724036 16.860041 9.802809 0.302096
135.605412 16.860041 9.899608 0.240582
139.486788 16.860041 9.847298 0.107571
-54.582013 12.978665 9.143945 0.832739
-50.700637 12.978665 9.124169 -0.399598
-46.819261 12.978665 10.079303 -0.712772
-42.937885 12.978665 9.918371 -0.455336
-39.056509 12.978665 10.182796 -0.889609
-35.175133 12.978665 10.093865 -0.668707
-31.293757 12.978665 10.061187 -0.819435
-27.412381 12.978665 10.514447 -0.742143
-23.531005 12.978665 10.642410 -0.982722
-19.649629 12.978665 10.382079 -0.422957
-15.768253 12.978665 10.445190 -0.152114
-11.886877 12.978665 10.640371 -0.499015
-8.005501 12.978665 10.673405 -0.406667
-4.124125 12.978665 10.843446 -0.019182
-0.242749 12.978665 10.725523 0.150518
3.638627 12.978665 10.810557 -0.098853
7.520003 12.978665 10.731630 0.202428
11.401379 12.978665 10.659663 0.050166
15.282755 12.978665 10.632928 0.339880
19.164131 12.978665 10.472733 0.440175
23.045507 12.978665 10.556216 0.330860
26.926883 12.978665 10.510024 0.742590
30.808259 12.978665 10.507300 0.386984
34.689635 12.978665 10.395056 0.675462
38.571011 12.978665 10.304334 0.463034
42.452387 12.978665 10.201708 0.505829
46.333763 12.978665 10.408329 0.613077
50.215140 12.978665 10.220839 0.582610
54.096516 12.978665 10.176695 0.506904
57.977892 12.978665 10.055404 0.542135
61.859268 12.978665 9.819564 0.715071
65.740644 12.978665 9.809234 0.507843
69.622020 12.978665 9.931956 0.701529
73.503396 12.978665 9.930228 0.617104
77.384772 12.978665 10.014307 0.539081
81.266148 12.978665 9.593312 0.469583
85.147524 12.978665 9.643064 0.559764
89.028900 12.978665 9.749521 0.103322
92.910276 12.978665 9.680496 0.254628
96.791652 12.978665 10.015877 0.468966
100.673028 12.978665 10.120399 0.219292
104.554404 12.978665 9.965764 -0.073502
108.435780 12.978665 9.524321 0.299775
112.317156 12.978665 9.995213 -0.131696
116.198532 12.978665 9.844278 0.221938
120.079908 12.978665 9.653037 -0.117519
123.961284 12.978665 10.060965 0.433347
127.842660 12.978665 9.680817 0.045269
131.724036 12.978665 9.837807 -0.113092
135.605412 12.978665 9.847446 0.094319
139.486788 12.978665 9.791608 0.123281
-54.582013 9.097289 0.000000 0.000000
-50.700637 9.097289 0.000000 0.000000
-46.819261 9.097289 9.222708 -0.439981
-42.937885 9.097289 9.873459 -0.164911
-39.056509 9.097289 10.136761 -0.457289
-35.175133 9.097289 9.927064 -0.590113
-31.293757 9.097289 9.927989 -0.490823
-27.412381 9.097289 10.220761 -0.547838
-23.531005 9.097289 10.328860 -0.255882
-19.649629 9.097289 10.418981 -0.732156
-15.768253 9.097289 10.559717 -0.402461
-11.886877 9.097289 10.421235 -0.451160
-8.005501 9.097289 10.649240 -0.083854
-4.124125 9.097289 10.778202 -0.086857
-0.242749 9.097289 10.777666 -0.178522
3.638627 9.097289 10.733398 0.062196
7.520003 9.097289 10.644376 -0.074402
11.401379 9.097289 10.808416 0.126936
15.282755 9.097289 10.715600 0.189863
19.164131 9.097289 10.446107 0.392971
23.045507 9.097289 10.502618 0.382039
26.926883 9.097289 10.417207 0.430371
30.808259 9.097289 10.346683 0.377344
34.689635 9.097289 10.417016 0.398366
38.571011 9.097289 10.639786 0.699913
42.452387 9.097289 10.183030 0.624786
46.333763 9.097289 10.396873 0.469649
50.215140 9.097289 10.154346 0.389353
54.096516 9.097289 9.991564 0.413493
57.977892 9.097289 9.921437 0.450282
61.859268 9.097289 10.046547 0.436407
65.740644 9.097289 9.755771 0.543447
69.622020 9.097289 9.898806 0.518107
73.503396 9.097289 9.919063 0.408903
77.384772 9.097289 9.568545 0.403252
81.266148 9.097289 9.649302 0.305714
85.147524 9.097289 9.735347 0.262461
89.028900 9.097289 9.882062 0.143050
92.910276 9.097289 9.822936 0.163983
96.791652 9.097289 9.715377 0.218658
100.673028 9.097289 9.608353 0.553833
104.554404 9.097289 9.719829 0.168111
108.435780 9.097289 9.733167 0.109471
112.317156 9.097289 9.936809 0.173494
116.198532 9.097289 9.995494 0.436336
120.079908 9.097289 10.006966 0.413374
123.961284 9.097289 10.017197 0.191482
127.842660 9.097289 9.762078 0.260555
131.724036 9.097289 9.893861 0.153032
135.605412 9.097289 9.907557 -0.150935
139.486788 9.097289 9.811627 0.136944
-54.582013 5.215913 0.000000 0.000000
-50.700637 5.215913 10.083905 -0.642646
-46.819261 5.215913 0.000000 0.000000
-42.937885 5.215913 9.999920 0.249395
-39.056509 5.215913 9.274323 -0.754512
-35.175133 5.215913 10.005660 -0.478912
-31.293757 5.215913 10.067573 -0.765608
-27.412381 5.215913 9.812389 -0.661958
-23.531005 5.215913 10.341834 -0.343797
-19.649629 5.215913 10.350495 -0.382554
-15.768253 5.215913 10.471919 -0.345882
-11.886877 5.215913 10.394411 -0.369710
-8.005501 5.215913 10.459982 -0.309143
-4.124125 5.215913 10.486343 0.042873
-0.242749 5.215913 10.507378 -0.144011
3.638627 5.215913 10.563190 0.154958
7.520003 5.215913 10.351871 0.265609
11.401379 5.215913 10.413568 0.085020
15.282755 5.215913 10.589592 -0.153177
19.164131 5.215913 10.383615 0.038152
23.045507 5.215913 10.480735 0.461018
26.926883 5.215913 10.466966 0.547217
30.808259 5.215913 10.469597 0.222373
34.689635 5.215913 10.406562 0.527327
38.571011 5.215913 10.233390 0.645421
42.452387 5.215913 10.629137 0.186516
46.333763 5.215913 10.043158 0.873263
50.215140 5.215913 10.199394 0.495197
54.096516 5.215913 10.058805 0.613294
57.977892 5.215913 10.127346 0.443323
61.859268 5.215913 10.109835 0.668391
65.740644 5.215913 9.899031 0.403323
69.622020 5.215913 9.972643 0.482934
73.503396 5.215913 9.954147 0.504434
77.384772 5.215913 9.617436 0.501664
81.266148 5.215913 9.872444 0.397265
85.147524 5.215913 9.705522 0.442664
89.028900 5.215913 9.764343 0.213419
92.910276 5.215913 9.905293 0.319735
96.791652 5.215913 9.766490 0.455194
100.673028 5.215913 9.514108 0.297765
104.554404 5.215913 9.892892 0.366685
108.435780 5.215913 9.825070 0.140797
112.317156 5.215913 10.110082 0.089504
116.198532 5.215913 9.558937 0.310869
120.079908 5.215913 9.908661 0.084720
123.961284 5.215913 9.916795 -0.027874
127.842660 5.215913 9.922394 0.306359
131.724036 5.215913 9.872459 0.262085
135.605412 5.215913 9.854658 0.121088
139.486788 5.215913 9.641682 0.109290
-54.582013 1.334537 0.000000 0.000000
-50.700637 1.334537 11.962890 0.091446
-46.819261 1.334537 9.759361 -0.485731
-42.937885 1.334537 9.848359 -0.268882
-39.056509 1.334537 10.275051 -0.467110
-35.175133 1.334537 10.188441 -0.404271
-31.293757 1.334537 10.259446 0.117853
-27.412381 1.334537 9.981492 -0.537403
-23.531005 1.334537 10.247435 -0.040720
-19.649629 1.334537 10.275116 -0.276643
-15.768253 1.334537 10.519864 0.379246
-11.886877 1.334537 10.459717 -0.528391
-8.005501 1.334537 10.591311 -0.403133
-4.124125 1.334537 10.496309 -0.050053
-0.242749 1.334537 10.631473 -0.117597
3.638627 1.334537 10.495671 0.044917
7.520003 1.334537 10.416954 0.046959
11.401379 1.334537 10.495853 -0.047915
15.282755 1.334537 10.461721 0.297911
19.164131 1.334537 10.720593 -0.129845
23.045507 1.334537 10.217100 0.117548
26.926883 1.334537 10.499419 0.325831
30.808259 1.334537 10.540272 0.565799
34.689635 1.334537 10.269530 0.273790
38.571011 1.334537 10.403736 0.259785
42.452387 1.334537 10.242002 0.323804
46.333763 1.334537 10.247000 0.624920
50.215140 1.334537 10.493345 0.272182
54.096516 1.334537 10.082413 0.577668
57.977892 1.334537 10.207251 0.478582
61.859268 1.334537 9.878764 0.367216
65.740644 1.334537 9.886812 0.501800
69.622020 1.334537 9.946346 0.514029
73.503396 1.334537 9.946429 0.528024
77.384772 1.334537 10.066397 0.311977
81.266148 1.334537 9.611921 0.433836
85.147524 1.334537 9.899632 0.373243
89.028900 1.334537 9.930957 0.424484
92.910276 1.334537 9.891002 0.268669
96.791652 1.334537 9.771688 0.322698
100.673028 1.334537 9.968996 0.210783
104.554404 1.334537 9.855180 0.324066
108.435780 1.334537 9.873573 0.249524
112.317156 1.334537 9.912662 0.257990
116.198532 1.334537 9.830928 0.166288
120.079908 1.334537 9.924035 0.212427
123.961284 1.334537 9.791318 0.200539
127.842660 1.334537 9.884184 0.120475
131.724036 1.334537 9.728148 0.291892
135.605412 1.334537 9.849454 0.194709
139.486788 1.334537 9.757233 0.113613
-54.582013 -2.546839 0.000000 0.000000
-50.700637 -2.546839 10.427479 -0.518716
-46.819261 -2.546839 10.477761 -0.866736
-42.937885 -2.546839 10.220148 -0.210874
-39.056509 -2.546839 9.754145 -0.151889
-35.175133 -2.546839 9.403375 -1.061059
-31.293757 -2.546839 10.393483 -0.385534
-27.412381 -2.546839 10.073606 -0.251361
-23.531005 -2.546839 10.119579 -0.070601
-19.649629 -2.546839 10.239356 -0.202309
-15.768253 -2.546839 10.350452 -0.201789
-11.886877 -2.546839 10.235016 -0.017869
-8.005501 -2.546839 10.389890 -0.156748
-4.124125 -2.546839 10.548918 0.455637
-0.242749 -2.546839 10.505249 0.063883
3.638627 -2.546839 10.470565 0.070595
7.520003 -2.546839 10.356517 0.218132
11.401379 -2.546839 10.441344 0.343108
15.282755 -2.546839 10.540031 0.119852
19.164131 -2.546839 10.407231 0.329128
23.045507 -2.546839 10.441869 0.402752
26.926883 -2.546839 10.476077 0.247316
30.808259 -2.546839 10.278404 0.302409
34.689635 -2.546839 10.165442 0.340671
38.571011 -2.546839 10.169847 0.303496
42.452387 -2.546839 10.426911 0.343634
46.333763 -2.546839 10.201757 0.513108
50.215140 -2.546839 10.176411 0.527643
54.096516 -2.546839 10.078180 0.428674
57.977892 -2.546839 10.038194 0.545550
61.859268 -2.546839 10.226573 0.441663
65.740644 -2.546839 10.010164 0.374099
69.622020 -2.546839 9.926182 0.464619
73.503396 -2.546839 9.962111 0.430892
77.384772 -2.546839 9.936814 0.365416
81.266148 -2.546839 9.773486 0.396814
85.147524 -2.546839 9.854858 0.425759
89.028900 -2.546839 9.741795 0.244476
92.910276 -2.546839 9.872519 0.355604
96.791652 -2.546839 9.876784 0.201658
100.673028 -2.546839 9.929365 0.323827
104.554404 -2.546839 9.920793 0.164501
108.435780 -2.546839 9.789918 0.302668
112.317156 -2.546839 9.885193 0.290366
116.198532 -2.546839 9.979573 0.271512
120.079908 -2.546839 9.897883 0.116601
123.961284 -2.546839 9.839630 0.132421
127.842660 -2.546839 9.770975 0.173739
131.724036 -2.546839 9.851842 0.107549
135.605412 -2.546839 9.695404 0.168980
139.486788 -2.546839 9.979533 0.099450
-54.582013 -6.428215 0.000000 0.000000
-50.700637 -6.428215 9.772178 -1.879965
-46.819261 -6.428215 9.725029 -0.013372
-42.937885 -6.428215 10.141635 -0.377938
-39.056509 -6.428215 10.004097 -0.535927
-35.175133 -6.428215 10.324344 -0.167803
-31.293757 -6.428215 9.886195 -0.454213
-27.412381 -6.428215 10.423376 0.025609
-23.531005 -6.428215 10.247167 -0.359891
-19.649629 -6.428215 10.404273 -0.133351
-15.768253 -6.428215 10.264730 -0.026349
-11.886877 -6.428215 10.015679 -0.011149
-8.005501 -6.428215 10.312055 0.130513
-4.124125 -6.428215 10.362057 -0.231897
-0.242749 -6.428215 10.316999 0.140501
3.638627 -6.428215 10.394963 -0.024515
7.520003 -6.428215 10.427549 0.173968
11.401379 -6.428215 10.418228 0.213718
15.282755 -6.428215 10.377727 0.289273
19.164131 -6.428215 10.298510 0.316402
23.045507 -6.428215 10.292337 0.282080
26.926883 -6.428215 10.334764 0.125781
30.808259 -6.428215 10.383495 0.205048
34.689635 -6.428215 10.379655 0.276478
38.571011 -6.428215 10.347029 0.541967
42.452387 -6.428215 10.418931 0.375800
46.333763 -6.428215 10.160516 0.441819
50.215140 -6.428215 10.244988 0.622433
54.096516 -6.428215 10.179757 0.196769
57.977892 -6.428215 10.262389 0.453789
61.859268 -6.428215 10.218529 0.549415
65.740644 -6.428215 10.142378 0.430293
69.622020 -6.428215 10.032753 0.456764
73.503396 -6.428215 10.013983 0.312676
77.384772 -6.428215 9.994445 0.425596
81.266148 -6.428215 9.836458 0.333920
85.147524 -6.428215 10.003156 0.462314
89.028900 -6.428215 9.954551 0.356290
92.910276 -6.428215 9.904845 0.308515
96.791652 -6.428215 9.939137 0.253411
100.673028 -6.428215 9.902155 0.154104
104.554404 -6.428215 9.984312 0.295135
108.435780 -6.428215 9.871322 0.352146
112.317156 -6.428215 10.060200 0.179702
116.198532 -6.428215 9.875467 0.271047
120.079908 -6.428215 9.930340 0.209336
123.961284 -6.428215 9.888191 0.100781
127.842660 -6.428215 9.909537 0.293687
131.724036 -6.428215 9.813777 0.163855
135.605412 -6.428215 10.017241 0.248647
139.486788 -6.428215 9.905882 0.142433
-54.582013 -10.309591 0.000000 0.000000
-50.700637 -10.309591 9.571371 0.126179
-46.819261 -10.309591 0.000000 0.000000
-42.937885 -10.309591 9.492561 -0.038745
-39.056509 -10.309591 9.973978 0.238611
-35.175133 -10.309591 10.191140 -0.291424
-31.293757 -10.309591 10.203632 0.076217
-27.412381 -10.309591 10.052269 -0.129203
-23.531005 -10.309591 10.262047 -0.050300
-19.649629 -10.309591 10.126371 -0.102567
-15.768253 -10.309591 10.275745 -0.303672
-11.886877 -10.309591 10.256994 -0.096628
-8.005501 -10.309591 10.383834 -0.072680
-4.124125 -10.309591 10.422673 -0.105524
-0.242749 -10.309591 10.357574 0.030845
3.638627 -10.309591 10.309196 -0.008261
7.520003 -10.309591 10.312681 0.287464
11.401379 -10.309591 10.259829 0.162291
15.282755 -10.309591 10.408113 0.360372
19.164131 -10.309591 10.347704 0.226997
23.045507 -10.309591 10.194684 0.070965
26.926883 -10.309591 10.322169 0.319536
30.808259 -10.309591 10.350471 0.347509
34.689635 -10.309591 10.127750 0.249298
38.571011 -10.309591 10.026917 0.294728
42.452387 -10.309591 10.284706 0.333738
46.333763 -10.309591 10.225783 0.454548
50.215140 -10.309591 10.238529 0.460639
54.096516 -10.309591 10.200829 0.334434
57.977892 -10.309591 10.151631 0.312448
61.859268 -10.309591 10.122568 0.432709
65.740644 -10.309591 10.083618 0.380810
69.622020 -10.309591 10.113235 0.355446
73.503396 -10.309591 9.934053 0.432929
77.384772 -10.309591 9.908356 0.217645
81.266148 -10.309591 10.021331 0.352480
85.147524 -10.309591 9.862681 0.347832
89.028900 -10.309591 9.959249 0.370357
92.910276 -10.309591 9.918344 0.138465
96.791652 -10.309591 9.991823 0.230907
100.673028 -10.309591 9.904265 0.240907
104.554404 -10.309591 9.958524 0.230273
108.435780 -10.309591 9.912007 0.295695
112.317156 -10.309591 9.830338 0.252192
116.198532 -10.309591 9.928915 0.132629
120.079908 -10.309591 9.765367 0.186004
123.961284 -10.309591 10.046273 0.162079
127.842660 -10.309591 9.864689 0.166279
131.724036 -10.309591 9.905690 0.316072
135.605412 -10.309591 9.727707 0.257618
139.486788 -10.309591 9.965952 0.258351
-54.582013 -14.190967 0.000000 0.000000
-50.700637 -14.190967 0.000000 0.000000
-46.819261 -14.190967 9.281585 -0.291141
-42.937885 -14.190967 9.859821 -0.252993
-39.056509 -14.190967 9.766870 -0.595761
-35.175133 -14.190967 9.515798 0.062259
-31.293757 -14.190967 10.436609 -0.415526
-27.412381 -14.190967 10.205453 -0.305938
-23.531005 -14.190967 10.161398 0.151544
-19.649629 -14.190967 10.226792 -0.052766
-15.768253 -14.190967 10.319886 -0.222961
-11.886877 -14.190967 10.157918 -0.028784
-8.005501 -14.190967 10.245374 -0.025903
-4.124125 -14.190967 10.233702 0.081874
-0.242749 -14.190967 10.127815 0.153597
3.638627 -14.190967 10.465599 0.023331
7.520003 -14.190967 10.430866 0.119366
11.401379 -14.190967 10.384016 0.344166
15.282755 -14.190967 10.342010 0.171099
19.164131 -14.190967 10.290265 0.260640
23.045507 -14.190967 10.157995 0.289304
26.926883 -14.190967 10.222277 0.207692
30.808259 -14.190967 10.111118 0.213010
34.689635 -14.190967 10.311663 0.334079
38.571011 -14.190967 10.196236 0.357721
42.452387 -14.190967 10.124194 0.187611
46.333763 -14.190967 10.018900 0.241669
50.215140 -14.190967 10.201831 0.369401
54.096516 -14.190967 10.169646 0.320284
57.977892 -14.190967 10.005157 0.185242
61.859268 -14.190967 10.078875 0.306175
65.740644 -14.190967 10.039240 0.341312
69.622020 -14.190967 9.882858 0.384756
73.503396 -14.190967 10.144645 0.403459
77.384772 -14.190967 9.940183 0.488194
81.266148 -14.190967 9.894996 0.247913
85.147524 -14.190967 9.954705 0.258703
89.028900 -14.190967 10.046828 0.218170
92.910276 -14.190967 9.766940 0.311581
96.791652 -14.190967 9.995675 0.258749
100.673028 -14.190967 9.660150 0.256178
104.554404 -14.190967 9.939273 0.299708
108.435780 -14.190967 9.929026 0.335018
112.317156 -14.190967 9.892077 0.263681
116.198532 -14.190967 9.969758 0.344260
120.079908 -14.190967 10.015951 0.215652
123.961284 -14.190967 9.969826 0.234052
127.842660 -14.190967 9.728179 0.321140
131.724036 -14.190967 9.939214 0.177570
135.605412 -14.190967 9.967121 0.417997
139.486788 -14.190967 9.839738 0.097866
-54.582013 -18.072343 0.000000 0.000000
-50.700637 -18.072343 0.000000 0.000000
-46.819261 -18.072343 0.000000 0.000000
-42.937885 -18.072343 10.212884 -0.349971
-39.056509 -18.072343 10.190939 -0.533549
-35.175133 -18.072343 9.735434 0.095525
-31.293757 -18.072343 9.934109 -0.199461
-27.412381 -18.072343 9.872867 -0.376284
-23.531005 -18.072343 9.999994 -0.107989
-19.649629 -18.072343 10.217295 -0.286153
-15.768253 -18.072343 10.208889 -0.065751
-11.886877 -18.072343 10.253289 -0.286170
-8.005501 -18.072343 10.296520 0.267222
-4.124125 -18.072343 10.192797 0.160047
-0.242749 -18.072343 10.312280 0.183309
3.638627 -18.072343 10.241570 0.099881
7.520003 -18.072343 10.351332 0.095587
11.401379 -18.072343 10.301888 0.138759
15.282755 -18.072343 10.402287 0.290445
19.164131 -18.072343 10.262429 0.175072
23.045507 -18.072343 10.403835 0.249898
26.926883 -18.072343 10.124209 0.176576
30.808259 -18.072343 10.221166 0.412438
34.689635 -18.072343 10.308791 0.189639
38.571011 -18.072343 10.279863 0.346778
42.452387 -18.072343 10.279620 0.471757
46.333763 -18.072343 10.229834 0.541905
50.215140 -18.072343 10.046563 0.289942
54.096516 -18.072343 10.149217 0.557174
57.977892 -18.072343 10.027191 0.365664
61.859268 -18.072343 9.983393 0.316311
65.740644 -18.072343 9.959163 0.349332
69.622020 -18.072343 10.168483 0.232930
73.503396 -18.072343 10.147026 0.340427
77.384772 -18.072343 10.090222 0.174694
81.266148 -18.072343 9.945735 0.238255
85.147524 -18.072343 9.966094 0.127428
89.028900 -18.072343 9.948101 0.189613
92.910276 -18.072343 9.988575 0.236660
96.791652 -18.072343 9.974521 0.211068
100.673028 -18.072343 10.003923 0.251748
104.554404 -18.072343 9.686598 0.300213
108.435780 -18.072343 10.097552 0.293130
112.317156 -18.072343 10.023910 0.283398
116.198532 -18.072343 9.912764 0.225183
120.079908 -18.072343 9.950807 0.091785
123.961284 -18.072343 9.906119 0.185078
127.842660 -18.072343 9.897432 0.226400
131.724036 -18.072343 9.669262 0.173733
135.605412 -18.072343 10.057313 0.344850
139.486788 -18.072343 9.989697 0.254150
-54.582013 -21.953719 0.000000 0.000000
-50.700637 -21.953719 0.000000 0.000000
-46.819261 -21.953719 8.608368 -0.635427
-42.937885 -21.953719 9.333422 -0.581473
-39.056509 -21.953719 10.167403 -0.175639
-35.175133 -21.953719 9.887984 -0.240725
-31.293757 -21.953719 9.962182 -0.200144
-27.412381 -21.953719 10.043617 -0.406662
-23.531005 -21.953719 10.106171 -0.048648
-19.649629 -21.953719 9.980305 -0.207670
-15.768253 -21.953719 9.896405 0.128053
-11.886877 -21.953719 10.066903 0.210977
-8.005501 -21.953719 10.284996 -0.201489
-4.124125 -21.953719 10.377847 -0.096107
-0.242749 -21.953719 10.333009 0.238125
3.638627 -21.953719 10.193962 0.131543
7.520003 -21.953719 10.295552 0.154260
11.401379 -21.953719 10.143393 0.102880
15.282755 -21.953719 10.137073 -0.005083
19.164131 -21.953719 10.214028 0.107623
23.045507 -21.953719 10.260711 0.522402
26.926883 -21.953719 10.262472 0.336926
30.808259 -21.953719 10.425510 0.417353
34.689635 -21.953719 10.500215 0.167664
38.571011 -21.953719 10.252697 0.365072
42.452387 -21.953719 10.258780 0.354237
46.333763 -21.953719 10.297060 0.485757
50.215140 -21.953719 10.069716 0.218437
54.096516 -21.953719 10.117411 0.395678
57.977892 -21.953719 10.079880 0.282544
61.859268 -21.953719 10.026544 0.364734
65.740644 -21.953719 9.980295 0.344146
69.622020 -21.953719 9.993825 0.276558
73.503396 -21.953719 9.935398 0.316822
77.384772 -21.953719 10.014735 0.358315
81.266148 -21.953719 10.031404 0.303704
85.147524 -21.953719 9.896100 0.321841
89.028900 -21.953719 9.899246 0.230060
92.910276 -21.953719 9.905814 0.388507
96.791652 -21.953719 10.027256 0.231704
100.673028 -21.953719 9.970615 0.206768
104.554404 -21.953719 9.710179 0.428418
108.435780 -21.953719 10.024153 0.164160
112.317156 -21.953719 9.826495 0.206140
116.198532 -21.953719 9.932354 0.248747
120.079908 -21.953719 9.989583 0.192418
123.961284 -21.953719 9.803231 0.288095
127.842660 -21.953719 9.890973 0.169247
131.724036 -21.953719 9.958740 0.240281
135.605412 -21.953719 9.905918 0.303803
139.486788 -21.953719 10.038589 0.210391
-54.582013 -25.835095 0.000000 0.000000
-50.700637 -25.835095 0.000000 0.000000
-46.819261 -25.835095 9.828201 -0.454309
-42.937885 -25.835095 0.000000 0.000000
-39.056509 -25.835095 9.871392 -0.201628
-35.175133 -25.835095 10.164986 0.059219
-31.293757 -25.835095 9.930445 -0.090843
-27.412381 -25.835095 10.066505 -0.141212
-23.531005 -25.835095 10.273092 0.125826
-19.649629 -25.835095 10.111186 -0.262477
-15.768253 -25.835095 10.206758 0.082528
-11.886877 -25.835095 10.006444 -0.062334
-8.005501 -25.835095 10.124367 0.161359
-4.124125 -25.835095 10.220271 -0.128552
-0.242749 -25.835095 10.154657 -0.097100
3.638627 -25.835095 10.198577 0.123298
7.520003 -25.835095 10.377230 0.074523
11.401379 -25.835095 10.350573 0.214147
15.282755 -25.835095 10.228812 0.264762
19.164131 -25.835095 10.224599 0.285264
23.045507 -25.835095 10.195619 0.282581
26.926883 -25.835095 10.179057 0.435405
30.808259 -25.835095 10.229911 0.207229
34.689635 -25.835095 10.137368 0.380581
38.571011 -25.835095 10.253332 0.399058
42.452387 -25.835095 10.212223 0.430011
46.333763 -25.835095 9.981110 0.208264
50.215140 -25.835095 9.944331 0.432999
54.096516 -25.835095 10.121217 0.296835
57.977892 -25.835095 10.245873 0.272937
61.859268 -25.835095 10.011592 0.436543
65.740644 -25.835095 10.111328 0.435463
69.622020 -25.835095 10.070188 0.278742
73.503396 -25.835095 9.952531 0.374047
77.384772 -25.835095 9.822257 0.306248
81.266148 -25.835095 10.042525 0.287414
85.147524 -25.835095 9.952447 0.340001
89.028900 -25.835095 9.891757 0.234189
92.910276 -25.835095 9.943663 0.236902
96.791652 -25.835095 9.852851 0.159209
100.673028 -25.835095 9.919848 0.227722
104.554404 -25.835095 9.838979 0.354831
108.435780 -25.835095 9.934319 0.284779
112.317156 -25.835095 9.923958 0.270196
116.198532 -25.835095 10.035489 0.270255
120.079908 -25.835095 9.762717 0.187452
123.961284 -25.835095 9.879518 0.121947
127.842660 -25.835095 9.933134 0.183407
131.724036 -25.835095 9.970970 0.134674
135.605412 -25.835095 10.051199 -0.064144
139.486788 -25.835095 9.854183 0.142395
-54.582013 -29.716471 0.000000 0.000000
-50.700637 -29.716471 0.000000 0.000000
-46.819261 -29.716471 8.664505 0.644216
-42.937885 -29.716471 0.000000 0.000000
-39.056509 -29.716471 9.980428 -0.279225
-35.175133 -29.716471 10.069010 0.105195
-31.293757 -29.716471 10.534815 0.194897
-27.412381 -29.716471 9.768909 0.115540
-23.531005 -29.716471 10.266732 0.345569
-19.649629 -29.716471 10.181019 -0.006527
-15.768253 -29.716471 10.280641 -0.204734
-11.886877 -29.716471 10.266680 0.038126
-8.005501 -29.716471 10.237172 0.093705
-4.124125 -29.716471 10.214774 0.040861
-0.242749 -29.716471 10.222051 -0.259824
3.638627 -29.716471 10.257728 0.142385
7.520003 -29.716471 10.254242 0.118338
11.401379 -29.716471 10.395223 0.184346
15.282755 -29.716471 10.170004 0.164684
19.164131 -29.716471 10.199184 0.257253
23.045507 -29.716471 10.088927 0.254173
26.926883 -29.716471 10.042167 0.160813
30.808259 -29.716471 10.143840 0.241780
34.689635 -29.716471 10.192867 0.327632
38.571011 -29.716471 10.065703 0.035500
42.452387 -29.716471 10.206236 0.333440
46.333763 -29.716471 10.103138 0.205725
50.215140 -29.716471 10.169812 0.369447
54.096516 -29.716471 10.165473 0.224400
57.977892 -29.716471 10.135756 0.378165
61.859268 -29.716471 10.131875 0.331516
65.740644 -29.716471 10.103909 0.303590
69.622020 -29.716471 10.065956 0.303285
73.503396 -29.716471 10.153029 0.176790
77.384772 -29.716471 9.922832 0.411997
81.266148 -29.716471 9.867737 0.132016
85.147524 -29.716471 10.033795 0.154385
89.028900 -29.716471 10.016907 0.372060
92.910276 -29.716471 10.000015 0.252024
96.791652 -29.716471 10.046041 0.220308
100.673028 -29.716471 10.067011 0.453974
104.554404 -29.716471 9.899105 0.459437
108.435780 -29.716471 9.774263 0.112906
112.317156 -29.716471 10.039153 0.062942
116.198532 -29.716471 10.020553 0.281029
120.079908 -29.716471 10.027888 0.507872
123.961284 -29.716471 10.107598 0.175750
127.842660 -29.716471 9.968953 -0.149810
131.724036 -29.716471 10.054080 0.070419
135.605412 -29.716471 9.648037 0.254242
139.486788 -29.716471 9.701845 0.300908
-54.582013 -33.597847 0.000000 0.000000
-50.700637 -33.597847 0.000000 0.000000
-46.819261 -33.597847 0.000000 0.000000
-42.937885 -33.597847 9.903868 0.170695
-39.056509 -33.597847 9.603680 -0.093545
-35.175133 -33.597847 10.664596 -0.207752
-31.293757 -33.597847 9.677600 0.186618
-27.412381 -33.597847 10.247622 -0.331861
-23.531005 -33.597847 10.075294 0.136784
-19.649629 -33.597847 10.206461 0.032319
-15.768253 -33.597847 10.203611 -0.143525
-11.886877 -33.597847 10.116051 0.167866
-8.005501 -33.597847 10.197081 -0.008450
-4.124125 -33.597847 10.372539 0.158369
-0.242749 -33.597847 10.139000 0.286929
3.638627 -33.597847 10.305552 -0.100613
7.520003 -33.597847 10.154686 0.129345
11.401379 -33.597847 10.323586 0.167411
15.282755 -33.597847 10.181349 0.185737
19.164131 -33.597847 10.160432 0.214023
23.045507 -33.597847 10.196011 0.237781
26.926883 -33.597847 10.157610 0.122053
30.808259 -33.597847 10.202812 0.258029
34.689635 -33.597847 10.156962 0.258915
38.571011 -33.597847 10.215881 0.276919
42.452387 -33.597847 10.280305 0.294463
46.333763 -33.597847 10.123941 0.385742
50.215140 -33.597847 10.093353 0.309274
54.096516 -33.597847 10.145916 0.223706
57.977892 -33.597847 10.041433 0.276954
61.859268 -33.597847 10.026852 0.243022
65.740644 -33.597847 10.119412 0.361464
69.622020 -33.597847 9.994205 0.295104
73.503396 -33.597847 10.065265 0.182032
77.384772 -33.597847 10.024280 0.085778
81.266148 -33.597847 10.056866 0.119755
85.147524 -33.597847 9.975372 0.249911
89.028900 -33.597847 10.087660 0.394118
92.910276 -33.597847 9.885915 0.115703
96.791652 -33.597847 10.058510 0.231977
100.673028 -33.597847 9.696558 0.289714
104.554404 -33.597847 9.774803 0.409867
108.435780 -33.597847 10.123707 0.181266
112.317156 -33.597847 9.949301 0.042758
116.198532 -33.597847 9.881714 0.189380
120.079908 -33.597847 10.047359 0.106249
123.961284 -33.597847 9.562506 0.057937
127.842660 -33.597847 10.025840 0.388864
131.724036 -33.597847 10.035551 0.206332
135.605412 -33.597847 9.800341 0.327359
139.486788 -33.597847 9.888104 0.236762
-54.582013 -37.479223 0.000000 0.000000
-50.700637 -37.479223 0.000000 0.000000
-46.819261 -37.479223 0.000000 0.000000
-42.937885 -37.479223 10.688594 -0.199820
-39.056509 -37.479223 9.807509 -0.549464
-35.175133 -37.479223 10.017184 0.135974
-31.293757 -37.479223 10.081829 0.041772
-27.412381 -37.479223 9.957771 0.196066
-23.531005 -37.479223 10.184511 0.234305
-19.649629 -37.479223 10.148705 0.598920
-15.768253 -37.479223 9.943304 0.237035
-11.886877 -37.479223 10.175671 0.181880
-8.005501 -37.479223 10.087706 0.286833
-4.124125 -37.479223 10.146438 0.103248
-0.242749 -37.479223 10.287624 0.246022
3.638627 -37.479223 10.242505 0.069451
7.520003 -37.479223 10.051643 0.127841
11.401379 -37.479223 10.297193 0.295311
15.282755 -37.479223 10.200449 0.065652
19.164131 -37.479223 10.166475 0.196933
23.045507 -37.479223 10.188392 0.200810
26.926883 -37.479223 10.311163 0.327365
30.808259 -37.479223 10.029465 0.154309
34.689635 -37.479223 10.321407 0.359817
38.571011 -37.479223 10.172191 0.133105
42.452387 -37.479223 10.131541 0.231229
46.333763 -37.479223 10.089060 0.369238
50.215140 -37.479223 9.825431 0.253176
54.096516 -37.479223 9.996662 0.402504
57.977892 -37.479223 10.164544 0.352530
61.859268 -37.479223 10.153538 0.418826
65.740644 -37.479223 10.021164 0.270213
69.622020 -37.479223 10.061622 0.236905
73.503396 -37.479223 10.036448 0.245823
77.384772 -37.479223 10.175087 0.274973
81.266148 -37.479223 9.985364 0.294762
85.147524 -37.479223 10.014738 0.339705
89.028900 -37.479223 10.117723 0.245446
92.910276 -37.479223 10.099415 0.099634
96.791652 -37.479223 9.966421 0.316973
100.673028 -37.479223 9.963284 0.207371
104.554404 -37.479223 10.077541 0.408971
108.435780 -37.479223 10.072631 0.204319
112.317156 -37.479223 9.905854 0.298445
116.198532 -37.479223 9.951352 0.137498
120.079908 -37.479223 9.899181 0.067174
123.961284 -37.479223 9.829456 0.353626
127.842660 -37.479223 9.920283 0.204185
131.724036 -37.479223 9.896770 0.210888
135.605412 -37.479223 9.830441 0.395784
139.486788 -37.479223 9.692498 0.321899
-54.582013 -41.360599 0.000000 0.000000
-50.700637 -41.360599 0.000000 0.000000
-46.819261 -41.360599 0.000000 0.000000
-42.937885 -41.360599 10.509694 -1.392229
-39.056509 -41.360599 9.604225 -1.260364
-35.175133 -41.360599 9.876210 0.182355
-31.293757 -41.360599 10.402469 0.300953
-27.412381 -41.360599 9.789578 -0.241396
-23.531005 -41.360599 9.991057 0.211318
-19.649629 -41.360599 10.486682 0.345370
-15.768253 -41.360599 10.146033 -0.082742
-11.886877 -41.360599 10.056206 -0.171224
-8.005501 -41.360599 10.179172 0.117852
-4.124125 -41.360599 10.072631 0.233665
-0.242749 -41.360599 10.240053 0.040241
3.638627 -41.360599 10.230349 0.132018
7.520003 -41.360599 10.217183 0.112233
11.401379 -41.360599 10.205974 0.316598
15.282755 -41.360599 10.261020 0.312699
19.164131 -41.360599 10.268204 0.455810
23.045507 -41.360599 10.310765 0.352999
26.926883 -41.360599 10.240806 0.440285
30.808259 -41.360599 10.190326 0.377673
34.689635 -41.360599 10.240747 0.273999
38.571011 -41.360599 10.150938 0.214250
42.452387 -41.360599 10.168995 0.288685
46.333763 -41.360599 10.193237 0.088981
50.215140 -41.360599 10.066888 0.209793
54.096516 -41.360599 10.109801 0.470178
57.977892 -41.360599 10.226070 0.365789
61.859268 -41.360599 10.099335 0.276438
65.740644 -41.360599 10.148297 0.339887
69.622020 -41.360599 9.854726 0.503120
73.503396 -41.360599 10.100529 0.260927
77.384772 -41.360599 9.869174 0.515669
81.266148 -41.360599 9.991400 0.249830
85.147524 -41.360599 10.131714 0.430699
89.028900 -41.360599 10.072304 0.206575
92.910276 -41.360599 9.938619 0.210632
96.791652 -41.360599 10.014977 0.400132
100.673028 -41.360599 10.089914 0.269622
104.554404 -41.360599 10.009257 0.371466
108.435780 -41.360599 9.853951 0.279481
112.317156 -41.360599 9.925401 0.280005
116.198532 -41.360599 9.903861 0.267875
120.079908 -41.360599 9.864375 -0.087426
123.961284 -41.360599 10.029178 0.422383
127.842660 -41.360599 9.503268 0.134749
131.724036 -41.360599 9.919445 0.025723
135.605412 -41.360599 9.638943 0.391924
139.486788 -41.360599 9.684025 0.276614
-54.582013 -45.241975 0.000000 0.000000
-50.700637 -45.241975 0.000000 0.000000
-46.819261 -45.241975 0.000000 0.000000
-42.937885 -45.241975 0.000000 0.000000
-39.056509 -45.241975 0.000000 0.000000
-35.175133 -45.241975 0.000000 0.000000
-31.293757 -45.241975 0.000000 0.000000
-27.412381 -45.241975 0.000000 0.000000
-23.531005 -45.241975 0.000000 0.000000
-19.649629 -45.241975 0.000000 0.000000
-15.768253 -45.241975 0.000000 0.000000
-11.886877 -45.241975 0.000000 0.000000
-8.005501 -45.241975 0.000000 0.000000
-4.124125 -45.241975 0.000000 0.000000
-0.242749 -45.241975 0.000000 0.000000
3.638627 -45.241975 0.000000 0.000000
7.520003 -45.241975 0.000000 0.000000
11.401379 -45.241975 0.000000 0.000000
15.282755 -45.241975 0.000000 0.000000
19.164131 -45.241975 0.000000 0.000000
23.045507 -45.241975 0.000000 0.000000
26.926883 -45.241975 0.000000 0.000000
30.808259 -45.241975 0.000000 0.000000
34.689635 -45.241975 0.000000 0.000000
38.571011 -45.241975 0.000000 0.000000
42.452387 -45.241975 0.000000 0.000000
46.333763 -45.241975 0.000000 0.000000
50.215140 -45.241975 0.000000 0.000000
54.096516 -45.241975 0.000000 0.000000
57.977892 -45.241975 0.000000 0.000000
61.859268 -45.241975 0.000000 0.000000
65.740644 -45.241975 0.000000 0.000000
69.622020 -45.241975 0.000000 0.000000
73.503396 -45.241975 0.000000 0.000000
77.384772 -45.241975 0.000000 0.000000
81.266148 -45.241975 0.000000 0.000000
85.147524 -45.241975 0.000000 0.000000
89.028900 -45.241975 0.000000 0.000000
92.910276 -45.241975 0.000000 0.000000
96.791652 -45.241975 0.000000 0.000000
100.673028 -45.241975 0.000000 0.000000
104.554404 -45.241975 0.000000 0.000000
108.435780 -45.241975 0.000000 0.000000
112.317156 -45.241975 0.000000 0.000000
116.198532 -45.241975 0.000000 0.000000
120.079908 -45.241975 0.000000 0.000000
123.961284 -45.241975 0.000000 0.000000
127.842660 -45.241975 0.000000 0.000000
131.724036 -45.241975 0.000000 0.000000
135.605412 -45.241975 0.000000 0.000000
139.486788 -45.241975 0.000000 0.000000
