TITLE = "B00002"
VARIABLES = "position", "position(2)", "Vx", "Vy"
ZONE T="Frame 0", I=51, J=39
-54.582013 102.250314 0.000000 0.000000
-50.700637 102.250314 0.000000 0.000000
-46.819261 102.250314 0.000000 0.000000
-42.937885 102.250314 0.000000 0.000000
-39.056509 102.250314 0.000000 0.000000
-35.175133 102.250314 0.000000 0.000000
-31.293757 102.250314 0.000000 0.000000
-27.412381 102.250314 0.000000 0.000000
-23.531005 102.250314 0.000000 0.000000
-19.649629 102.250314 0.000000 0.000000
-15.768253 102.250314 10.043315 0.413757
-11.886877 102.250314 10.177565 0.778481
-8.005501 102.250314 11.668985 0.857445
-4.124125 102.250314 8.819234 0.659063
-0.242749 102.250314 10.116911 -0.603866
3.638627 102.250314 12.291042 1.292500
7.520003 102.250314 9.916514 0.129825
11.401379 102.250314 11.582710 -0.772121
15.282755 102.250314 9.990067 0.130380
19.164131 102.250314 10.680031 2.264968
23.045507 102.250314 9.491775 2.288478
26.926883 102.250314 10.460479 0.345979
30.808259 102.250314 8.451227 0.771402
34.689635 102.250314 0.000000 0.000000
38.571011 102.250314 0.000000 0.000000
42.452387 102.250314 0.000000 0.000000
46.333763 102.250314 10.354126 -0.002876
50.215140 102.250314 11.092814 0.439732
54.096516 102.250314 0.000000 0.000000
57.977892 102.250314 0.000000 0.000000
61.859268 102.250314 0.000000 0.000000
65.740644 102.250314 0.000000 0.000000
69.622020 102.250314 10.313209 -0.086646
73.503396 102.250314 9.852280 0.213636
77.384772 102.250314 10.488515 -0.623963
81.266148 102.250314 10.253851 0.404793
85.147524 102.250314 9.724335 0.733859
89.028900 102.250314 10.318391 0.387840
92.910276 102.250314 7.787943 -0.609941
96.791652 102.250314 9.923736 -0.624672
100.673028 102.250314 9.676859 0.506282
104.554404 102.250314 9.101269 0.794361
108.435780 102.250314 8.950310 -0.557503
112.317156 102.250314 10.356834 0.690409
116.198532 102.250314 10.111966 -0.359620
120.079908 102.250314 10.242206 0.193745
123.961284 102.250314 12.011361 0.954127
127.842660 102.250314 9.648243 0.015064
131.724036 102.250314 9.567343 -0.080332
135.605412 102.250314 9.956315 -0.625693
139.486788 102.250314 9.581029 0.512897
-54.582013 98.368938 0.000000 0.000000
-50.700637 98.368938 0.000000 0.000000
-46.819261 98.368938 0.000000 0.000000
-42.937885 98.368938 0.000000 0.000000
-39.056509 98.368938 0.000000 0.000000
-35.175133 98.368938 0.000000 0.000000
-31.293757 98.368938 0.000000 0.000000
-27.412381 98.368938 0.000000 0.000000
-23.531005 98.368938 0.000000 0.000000
-19.649629 98.368938 0.000000 0.000000
-15.768253 98.368938 10.574675 -0.057367
-11.886877 98.368938 10.523945 0.058087
-8.005501 98.368938 10.686258 0.566874
-4.124125 98.368938 10.576399 0.233814
-0.242749 98.368938 10.072863 2.139160
3.638627 98.368938 11.630933 -0.904972
7.520003 98.368938 9.458399 2.716516
11.401379 98.368938 0.000000 0.000000
15.282755 98.368938 10.141304 -1.540335
19.164131 98.368938 11.668904 0.219958
23.045507 98.368938 12.157601 -1.973976
26.926883 98.368938 12.088496 1.822662
30.808259 98.368938 0.000000 0.000000
34.689635 98.368938 0.000000 0.000000
38.571011 98.368938 0.000000 0.000000
42.452387 98.368938 10.374858 -2.790597
46.333763 98.368938 10.001070 -0.611587
50.215140 98.368938 0.000000 0.000000
54.096516 98.368938 0.000000 0.000000
57.977892 98.368938 0.000000 0.000000
61.859268 98.368938 0.000000 0.000000
65.740644 98.368938 0.000000 0.000000
69.622020 98.368938 0.000000 0.000000
73.503396 98.368938 10.821215 0.013102
77.384772 98.368938 10.039058 -0.636560
81.266148 98.368938 9.015241 -2.626873
85.147524 98.368938 9.455305 -0.906742
89.028900 98.368938 9.476762 0.287239
92.910276 98.368938 9.862681 -0.390930
96.791652 98.368938 9.418900 -0.596202
100.673028 98.368938 10.011651 -0.404962
104.554404 98.368938 10.182167 0.195659
108.435780 98.368938 10.303544 -0.972740
112.317156 98.368938 10.431412 1.021240
116.198532 98.368938 9.839451 0.482412
120.079908 98.368938 9.812716 0.429926
123.961284 98.368938 8.805439 0.442558
127.842660 98.368938 9.701333 -0.701244
131.724036 98.368938 8.845234 0.777936
135.605412 98.368938 9.570075 -0.312341
139.486788 98.368938 9.351171 -0.752931
-54.582013 94.487562 0.000000 0.000000
-50.700637 94.487562 0.000000 0.000000
-46.819261 94.487562 0.000000 0.000000
-42.937885 94.487562 10.396729 -1.042818
-39.056509 94.487562 0.000000 0.000000
-35.175133 94.487562 0.000000 0.000000
-31.293757 94.487562 0.000000 0.000000
-27.412381 94.487562 0.000000 0.000000
-23.531005 94.487562 0.000000 0.000000
-19.649629 94.487562 0.000000 0.000000
-15.768253 94.487562 8.934118 -0.222336
-11.886877 94.487562 9.378766 -0.506361
-8.005501 94.487562 8.828587 0.911055
-4.124125 94.487562 10.796177 -0.240802
-0.242749 94.487562 0.000000 0.000000
3.638627 94.487562 12.809750 1.029721
7.520003 94.487562 11.300972 1.038497
11.401379 94.487562 0.000000 0.000000
15.282755 94.487562 10.402114 2.282233
19.164131 94.487562 9.756338 0.742825
23.045507 94.487562 8.031284 -1.247803
26.926883 94.487562 0.000000 0.000000
30.808259 94.487562 10.615367 0.074505
34.689635 94.487562 10.832104 0.754902
38.571011 94.487562 9.633998 -1.473650
42.452387 94.487562 0.000000 0.000000
46.333763 94.487562 11.787226 0.025562
50.215140 94.487562 0.000000 0.000000
54.096516 94.487562 0.000000 0.000000
57.977892 94.487562 0.000000 0.000000
61.859268 94.487562 0.000000 0.000000
65.740644 94.487562 0.000000 0.000000
69.622020 94.487562 0.000000 0.000000
73.503396 94.487562 11.089486 -0.292186
77.384772 94.487562 0.000000 0.000000
81.266148 94.487562 9.952194 -0.550220
85.147524 94.487562 8.768365 0.387565
89.028900 94.487562 8.070128 -0.338587
92.910276 94.487562 9.866442 0.613587
96.791652 94.487562 9.730455 -0.031382
100.673028 94.487562 9.756678 -0.272695
104.554404 94.487562 9.541595 -1.216086
108.435780 94.487562 9.663253 -0.010895
112.317156 94.487562 9.811060 1.109610
116.198532 94.487562 9.331944 -0.682862
120.079908 94.487562 10.672992 0.176745
123.961284 94.487562 7.434952 -1.291556
127.842660 94.487562 9.130844 -1.023299
131.724036 94.487562 10.028261 0.035390
135.605412 94.487562 9.164242 -0.509811
139.486788 94.487562 9.429983 -0.144239
-54.582013 90.606186 0.000000 0.000000
-50.700637 90.606186 0.000000 0.000000
-46.819261 90.606186 10.231882 -0.226889
-42.937885 90.606186 10.297942 -0.413721
-39.056509 90.606186 10.050887 -0.808404
-35.175133 90.606186 0.000000 0.000000
-31.293757 90.606186 0.000000 0.000000
-27.412381 90.606186 0.000000 0.000000
-23.531005 90.606186 0.000000 0.000000
-19.649629 90.606186 0.000000 0.000000
-15.768253 90.606186 10.280888 0.583961
-11.886877 90.606186 10.433800 0.881897
-8.005501 90.606186 11.274049 0.159943
-4.124125 90.606186 10.159834 0.464160
-0.242749 90.606186 0.000000 0.000000
3.638627 90.606186 10.809777 1.224454
7.520003 90.606186 0.000000 0.000000
11.401379 90.606186 10.391639 0.805560
15.282755 90.606186 11.389100 1.485791
19.164131 90.606186 0.000000 0.000000
23.045507 90.606186 10.355095 -0.279788
26.926883 90.606186 0.000000 0.000000
30.808259 90.606186 10.542558 -0.864463
34.689635 90.606186 8.486728 0.887735
38.571011 90.606186 9.791753 1.157365
42.452387 90.606186 10.234840 -1.248062
46.333763 90.606186 9.303522 -0.697357
50.215140 90.606186 10.304503 0.282242
54.096516 90.606186 9.375379 1.125420
57.977892 90.606186 9.535120 0.200660
61.859268 90.606186 0.000000 0.000000
65.740644 90.606186 0.000000 0.000000
69.622020 90.606186 0.000000 0.000000
73.503396 90.606186 9.833417 0.245400
77.384772 90.606186 10.025170 0.769106
81.266148 90.606186 9.388942 0.641010
85.147524 90.606186 10.123198 -0.340621
89.028900 90.606186 8.894049 0.355605
92.910276 90.606186 10.806655 0.105908
96.791652 90.606186 9.747492 -0.278717
100.673028 90.606186 10.265304 1.019256
104.554404 90.606186 9.496427 0.051702
108.435780 90.606186 9.679984 0.654198
112.317156 90.606186 10.128732 0.442365
116.198532 90.606186 8.988241 -0.715220
120.079908 90.606186 10.244297 -0.163395
123.961284 90.606186 10.436159 0.277403
127.842660 90.606186 9.501714 -0.036630
131.724036 90.606186 9.465312 -0.563197
135.605412 90.606186 10.368291 0.303902
139.486788 90.606186 9.922736 0.196234
-54.582013 86.724810 0.000000 0.000000
-50.700637 86.724810 10.407966 1.399363
-46.819261 86.724810 11.248496 -0.385566
-42.937885 86.724810 9.506137 1.021619
-39.056509 86.724810 10.956291 -0.649240
-35.175133 86.724810 0.000000 0.000000
-31.293757 86.724810 0.000000 0.000000
-27.412381 86.724810 0.000000 0.000000
-23.531005 86.724810 0.000000 0.000000
-19.649629 86.724810 0.000000 0.000000
-15.768253 86.724810 10.291227 0.232969
-11.886877 86.724810 10.509395 0.085420
-8.005501 86.724810 10.171210 -0.408815
-4.124125 86.724810 12.163755 -0.249063
-0.242749 86.724810 10.465969 -0.337447
3.638627 86.724810 9.999130 -0.194707
7.520003 86.724810 10.559797 0.276307
11.401379 86.724810 10.074347 -0.207507
15.282755 86.724810 10.650686 0.885594
19.164131 86.724810 9.131578 0.375634
23.045507 86.724810 10.527239 -0.238702
26.926883 86.724810 9.543532 0.024932
30.808259 86.724810 10.763337 -0.710857
34.689635 86.724810 9.832869 -0.377669
38.571011 86.724810 9.531240 -0.666967
42.452387 86.724810 10.031667 0.461072
46.333763 86.724810 9.986786 0.085875
50.215140 86.724810 10.663672 -0.891162
54.096516 86.724810 9.251318 0.859079
57.977892 86.724810 10.630442 0.121405
61.859268 86.724810 0.000000 0.000000
65.740644 86.724810 0.000000 0.000000
69.622020 86.724810 0.000000 0.000000
73.503396 86.724810 10.366946 -0.550978
77.384772 86.724810 10.543998 0.529967
81.266148 86.724810 10.022783 0.137083
85.147524 86.724810 9.716481 0.777491
89.028900 86.724810 10.381536 -0.534571
92.910276 86.724810 9.634627 -0.452458
96.791652 86.724810 9.325701 -0.537785
100.673028 86.724810 9.990900 0.199019
104.554404 86.724810 0.000000 0.000000
108.435780 86.724810 9.910999 -0.712718
112.317156 86.724810 10.552043 0.173957
116.198532 86.724810 9.057723 0.110461
120.079908 86.724810 9.065560 -0.377964
123.961284 86.724810 0.000000 0.000000
127.842660 86.724810 9.658975 0.120037
131.724036 86.724810 9.747359 -0.510954
135.605412 86.724810 9.701536 -0.306373
139.486788 86.724810 9.167391 -0.374525
-54.582013 82.843434 0.000000 0.000000
-50.700637 82.843434 0.000000 0.000000
-46.819261 82.843434 11.323425 1.578599
-42.937885 82.843434 9.820943 1.457921
-39.056509 82.843434 9.613732 0.687986
-35.175133 82.843434 0.000000 0.000000
-31.293757 82.843434 0.000000 0.000000
-27.412381 82.843434 0.000000 0.000000
-23.531005 82.843434 0.000000 0.000000
-19.649629 82.843434 0.000000 0.000000
-15.768253 82.843434 10.732362 0.140391
-11.886877 82.843434 10.102515 0.183189
-8.005501 82.843434 10.684454 -0.534175
-4.124125 82.843434 10.051224 -0.084579
-0.242749 82.843434 10.113173 -0.528521
3.638627 82.843434 10.470457 0.354552
7.520003 82.843434 10.765861 0.484788
11.401379 82.843434 10.633715 -0.557373
15.282755 82.843434 10.759059 -0.406478
19.164131 82.843434 10.986119 -0.046105
23.045507 82.843434 10.723574 -1.046264
26.926883 82.843434 9.395735 0.398989
30.808259 82.843434 10.557851 0.354778
34.689635 82.843434 9.936796 -0.406263
38.571011 82.843434 10.627475 -1.121714
42.452387 82.843434 9.972831 -1.248766
46.333763 82.843434 10.076002 0.550385
50.215140 82.843434 10.426464 -0.329389
54.096516 82.843434 10.270720 -0.182438
57.977892 82.843434 10.294848 0.048477
61.859268 82.843434 0.000000 0.000000
65.740644 82.843434 0.000000 0.000000
69.622020 82.843434 9.896187 -0.489762
73.503396 82.843434 9.899238 -0.301041
77.384772 82.843434 8.216189 -0.738367
81.266148 82.843434 9.742272 -0.950813
85.147524 82.843434 9.629313 0.061495
89.028900 82.843434 9.885078 -0.118290
92.910276 82.843434 9.982057 -0.476508
96.791652 82.843434 9.987023 -0.150783
100.673028 82.843434 9.184563 0.309420
104.554404 82.843434 9.383409 0.521053
108.435780 82.843434 9.565325 -0.531298
112.317156 82.843434 9.166308 -0.327154
116.198532 82.843434 9.229069 0.214478
120.079908 82.843434 8.174053 -1.012297
123.961284 82.843434 9.966254 -0.052905
127.842660 82.843434 9.319861 -0.164172
131.724036 82.843434 10.287522 0.555224
135.605412 82.843434 9.896458 -0.485296
139.486788 82.843434 9.897821 0.373211
-54.582013 78.962058 10.109339 1.498244
-50.700637 78.962058 10.407324 0.239032
-46.819261 78.962058 9.816590 0.787353
-42.937885 78.962058 9.979718 0.893040
-39.056509 78.962058 10.282097 0.077354
-35.175133 78.962058 0.000000 0.000000
-31.293757 78.962058 0.000000 0.000000
-27.412381 78.962058 0.000000 0.000000
-23.531005 78.962058 0.000000 0.000000
-19.649629 78.962058 0.000000 0.000000
-15.768253 78.962058 10.383424 0.880176
-11.886877 78.962058 10.565245 0.676587
-8.005501 78.962058 10.231913 1.032067
-4.124125 78.962058 9.918541 0.817949
-0.242749 78.962058 11.710196 0.651766
3.638627 78.962058 10.885095 -0.016804
7.520003 78.962058 10.586631 0.098625
11.401379 78.962058 10.672122 0.253635
15.282755 78.962058 10.546861 -0.551187
19.164131 78.962058 10.728401 1.029624
23.045507 78.962058 10.669435 -0.031408
26.926883 78.962058 10.647929 -0.066525
30.808259 78.962058 10.213547 -0.493033
34.689635 78.962058 9.677298 -0.389078
38.571011 78.962058 10.048176 0.664142
42.452387 78.962058 10.227551 0.762343
46.333763 78.962058 10.237965 -0.327714
50.215140 78.962058 10.806877 0.031500
54.096516 78.962058 10.607967 0.031141
57.977892 78.962058 9.758674 -0.254174
61.859268 78.962058 0.000000 0.000000
65.740644 78.962058 0.000000 0.000000
69.622020 78.962058 9.328696 -1.151524
73.503396 78.962058 9.548600 -0.336102
77.384772 78.962058 9.873764 -0.531445
81.266148 78.962058 9.507831 -0.074149
85.147524 78.962058 9.997983 -0.057567
89.028900 78.962058 10.187531 -0.435633
92.910276 78.962058 9.783419 0.104818
96.791652 78.962058 10.160164 0.025763
100.673028 78.962058 9.925682 -0.680122
104.554404 78.962058 10.254224 -0.447907
108.435780 78.962058 9.858354 0.084288
112.317156 78.962058 9.735804 -0.459346
116.198532 78.962058 10.269826 -1.103906
120.079908 78.962058 10.783317 0.522822
123.961284 78.962058 10.135308 0.762449
127.842660 78.962058 10.442282 -0.369392
131.724036 78.962058 9.755061 0.035350
135.605412 78.962058 9.170556 -0.733287
139.486788 78.962058 9.861802 0.480141
-54.582013 75.080682 9.558064 2.253742
-50.700637 75.080682 0.000000 0.000000
-46.819261 75.080682 10.208050 0.512569
-42.937885 75.080682 9.605749 1.445783
-39.056509 75.080682 9.837992 1.445120
-35.175133 75.080682 0.000000 0.000000
-31.293757 75.080682 0.000000 0.000000
-27.412381 75.080682 0.000000 0.000000
-23.531005 75.080682 0.000000 0.000000
-19.649629 75.080682 0.000000 0.000000
-15.768253 75.080682 10.257385 0.714441
-11.886877 75.080682 10.497963 -0.056008
-8.005501 75.080682 11.190983 0.418155
-4.124125 75.080682 11.131372 -0.485505
-0.242749 75.080682 11.007126 -0.203580
3.638627 75.080682 10.755774 -0.625972
7.520003 75.080682 10.234818 0.459079
11.401379 75.080682 10.290790 -0.022694
15.282755 75.080682 10.480065 0.449719
19.164131 75.080682 10.416797 -0.054597
23.045507 75.080682 10.693079 -0.363897
26.926883 75.080682 10.289432 -0.110173
30.808259 75.080682 10.617110 -0.061142
34.689635 75.080682 10.626518 -0.636201
38.571011 75.080682 10.149454 0.128774
42.452387 75.080682 10.583364 -0.850670
46.333763 75.080682 9.712008 0.679389
50.215140 75.080682 9.341235 -0.183363
54.096516 75.080682 9.810094 -0.642964
57.977892 75.080682 9.976292 -0.348600
61.859268 75.080682 0.000000 0.000000
65.740644 75.080682 0.000000 0.000000
69.622020 75.080682 10.484514 -0.515885
73.503396 75.080682 10.077181 -0.417970
77.384772 75.080682 7.931693 -0.849896
81.266148 75.080682 10.205656 -0.348686
85.147524 75.080682 9.854590 -0.283218
89.028900 75.080682 10.070746 -0.506737
92.910276 75.080682 9.597094 -0.531781
96.791652 75.080682 9.634649 0.048666
100.673028 75.080682 10.105559 -0.182495
104.554404 75.080682 10.113126 0.193065
108.435780 75.080682 9.732380 -0.244461
112.317156 75.080682 10.364268 0.061566
116.198532 75.080682 9.841552 -0.385087
120.079908 75.080682 10.198540 -0.337824
123.961284 75.080682 10.276291 -0.109087
127.842660 75.080682 9.299867 -0.097464
131.724036 75.080682 9.619013 -0.204996
135.605412 75.080682 10.347867 -0.345464
139.486788 75.080682 9.435668 -0.280909
-54.582013 71.199306 0.000000 0.000000
-50.700637 71.199306 11.010349 -0.033626
-46.819261 71.199306 0.000000 0.000000
-42.937885 71.199306 9.918223 0.840691
-39.056509 71.199306 10.306342 0.514253
-35.175133 71.199306 0.000000 0.000000
-31.293757 71.199306 0.000000 0.000000
-27.412381 71.199306 0.000000 0.000000
-23.531005 71.199306 0.000000 0.000000
-19.649629 71.199306 0.000000 0.000000
-15.768253 71.199306 10.427201 0.456123
-11.886877 71.199306 10.921416 0.376544
-8.005501 71.199306 10.427396 0.108837
-4.124125 71.199306 10.898901 -0.389996
-0.242749 71.199306 10.688939 0.468390
3.638627 71.199306 10.148507 0.293015
7.520003 71.199306 10.430820 -0.320678
11.401379 71.199306 10.414021 0.291409
15.282755 71.199306 10.677245 -0.136949
19.164131 71.199306 9.914408 -0.440178
23.045507 71.199306 10.607255 -0.277820
26.926883 71.199306 10.397934 -0.197920
30.808259 71.199306 10.423496 0.248593
34.689635 71.199306 10.705901 -0.556599
38.571011 71.199306 10.499598 -0.545682
42.452387 71.199306 10.121646 -0.520129
46.333763 71.199306 10.489777 0.271475
50.215140 71.199306 10.061086 -0.409534
54.096516 71.199306 10.046261 -0.057089
57.977892 71.199306 10.344910 -0.482503
61.859268 71.199306 0.000000 0.000000
65.740644 71.199306 0.000000 0.000000
69.622020 71.199306 9.892963 0.254307
73.503396 71.199306 9.757770 -0.249748
77.384772 71.199306 9.762872 0.114980
81.266148 71.199306 10.404788 -0.240725
85.147524 71.199306 10.313686 -0.497904
89.028900 71.199306 10.278327 -0.236191
92.910276 71.199306 9.325821 0.100419
96.791652 71.199306 9.814691 -0.416996
100.673028 71.199306 9.468221 0.182469
104.554404 71.199306 10.053550 -0.126299
108.435780 71.199306 9.606943 0.027962
112.317156 71.199306 9.981267 -0.578671
116.198532 71.199306 10.130564 0.052164
120.079908 71.199306 9.631376 0.177867
123.961284 71.199306 10.300225 0.000123
127.842660 71.199306 10.102376 -0.379773
131.724036 71.199306 10.128617 -0.246731
135.605412 71.199306 10.628749 0.385358
139.486788 71.199306 9.471472 0.544772
-54.582013 67.317930 9.369133 0.819955
-50.700637 67.317930 0.000000 0.000000
-46.819261 67.317930 9.630374 0.628588
-42.937885 67.317930 10.362167 0.488414
-39.056509 67.317930 10.356812 0.455026
-35.175133 67.317930 0.000000 0.000000
-31.293757 67.317930 0.000000 0.000000
-27.412381 67.317930 0.000000 0.000000
-23.531005 67.317930 0.000000 0.000000
-19.649629 67.317930 10.636590 0.702186
-15.768253 67.317930 10.698064 0.101969
-11.886877 67.317930 10.700288 0.538740
-8.005501 67.317930 10.950587 0.750768
-4.124125 67.317930 10.207088 1.085544
-0.242749 67.317930 9.744107 0.340305
3.638627 67.317930 10.714742 -0.084471
7.520003 67.317930 10.582775 0.192974
11.401379 67.317930 9.953758 0.971162
15.282755 67.317930 10.928295 -0.416004
19.164131 67.317930 10.654058 0.322175
23.045507 67.317930 10.489082 0.401224
26.926883 67.317930 10.469448 -0.247109
30.808259 67.317930 10.725458 -0.481930
34.689635 67.317930 10.512072 -0.579397
38.571011 67.317930 10.153118 -0.173340
42.452387 67.317930 10.370077 0.320010
46.333763 67.317930 10.178472 -0.276361
50.215140 67.317930 10.306682 -0.202144
54.096516 67.317930 10.497920 -0.277553
57.977892 67.317930 10.216949 -0.589450
61.859268 67.317930 0.000000 0.000000
65.740644 67.317930 0.000000 0.000000
69.622020 67.317930 9.710099 -0.431973
73.503396 67.317930 9.844408 -0.520251
77.384772 67.317930 9.588469 -0.280349
81.266148 67.317930 10.288054 -0.647497
85.147524 67.317930 9.641851 0.116478
89.028900 67.317930 9.996943 0.190419
92.910276 67.317930 9.586551 -0.447959
96.791652 67.317930 10.299294 0.110433
100.673028 67.317930 10.124345 -0.108479
104.554404 67.317930 10.034468 -0.342728
108.435780 67.317930 9.442245 -0.141540
112.317156 67.317930 9.731963 -0.040258
116.198532 67.317930 9.648003 -0.416315
120.079908 67.317930 9.524348 0.335570
123.961284 67.317930 9.523941 0.069256
127.842660 67.317930 9.342750 -0.098696
131.724036 67.317930 10.252308 -0.159087
135.605412 67.317930 10.113315 0.337429
139.486788 67.317930 9.574375 0.598994
-54.582013 63.436554 9.898376 1.124720
-50.700637 63.436554 9.363237 1.289360
-46.819261 63.436554 9.275097 -0.043231
-42.937885 63.436554 9.522566 0.960577
-39.056509 63.436554 9.446974 1.316170
-35.175133 63.436554 0.000000 0.000000
-31.293757 63.436554 0.000000 0.000000
-27.412381 63.436554 0.000000 0.000000
-23.531005 63.436554 0.000000 0.000000
-19.649629 63.436554 10.883546 0.637449
-15.768253 63.436554 11.088055 0.505289
-11.886877 63.436554 10.812599 0.192606
-8.005501 63.436554 10.900135 0.472880
-4.124125 63.436554 10.387622 -0.680515
-0.242749 63.436554 10.251245 0.458404
3.638627 63.436554 10.516928 0.091933
7.520003 63.436554 10.908760 0.567074
11.401379 63.436554 10.431714 0.851871
15.282755 63.436554 10.591610 0.389977
19.164131 63.436554 10.637123 -0.438000
23.045507 63.436554 10.293266 -0.372154
26.926883 63.436554 10.600132 0.421817
30.808259 63.436554 10.786112 0.327746
34.689635 63.436554 10.755583 -0.592345
38.571011 63.436554 10.539452 -0.033117
42.452387 63.436554 10.005034 -0.020149
46.333763 63.436554 10.730850 -0.372054
50.215140 63.436554 10.226870 -0.125405
54.096516 63.436554 10.027963 -0.797906
57.977892 63.436554 10.122960 -0.283745
61.859268 63.436554 0.000000 0.000000
65.740644 63.436554 0.000000 0.000000
69.622020 63.436554 9.892926 -0.263410
73.503396 63.436554 10.157458 -0.267188
77.384772 63.436554 9.886275 -0.299295
81.266148 63.436554 10.190501 -0.479788
85.147524 63.436554 9.185634 -0.132507
89.028900 63.436554 9.639970 -0.292513
92.910276 63.436554 9.928973 -0.402182
96.791652 63.436554 9.447747 -0.429368
100.673028 63.436554 9.963641 -0.350386
104.554404 63.436554 9.911449 -0.185213
108.435780 63.436554 9.893414 -0.161805
112.317156 63.436554 9.649912 -0.101235
116.198532 63.436554 9.975927 0.056905
120.079908 63.436554 9.642006 -0.201382
123.961284 63.436554 9.852940 0.316504
127.842660 63.436554 10.136255 -0.786560
131.724036 63.436554 10.228519 -0.453633
135.605412 63.436554 10.137520 0.019381
139.486788 63.436554 9.910955 -0.802776
-54.582013 59.555178 9.451317 0.727872
-50.700637 59.555178 0.000000 0.000000
-46.819261 59.555178 9.890702 1.739919
-42.937885 59.555178 10.070762 1.128843
-39.056509 59.555178 9.858769 0.654683
-35.175133 59.555178 0.000000 0.000000
-31.293757 59.555178 0.000000 0.000000
-27.412381 59.555178 0.000000 0.000000
-23.531005 59.555178 0.000000 0.000000
-19.649629 59.555178 10.955739 0.866357
-15.768253 59.555178 10.884175 0.796439
-11.886877 59.555178 11.087980 0.561695
-8.005501 59.555178 11.268774 0.500680
-4.124125 59.555178 11.154784 0.335166
-0.242749 59.555178 10.796294 0.047505
3.638627 59.555178 10.815230 0.176866
7.520003 59.555178 10.574265 0.313677
11.401379 59.555178 10.443948 -0.859333
15.282755 59.555178 10.602945 -0.338370
19.164131 59.555178 10.278879 0.156468
23.045507 59.555178 10.718941 0.351157
26.926883 59.555178 10.613442 -0.484256
30.808259 59.555178 10.495844 -0.303074
34.689635 59.555178 10.469970 -0.576407
38.571011 59.555178 10.147773 -0.510901
42.452387 59.555178 10.603340 -0.531994
46.333763 59.555178 10.087166 -0.416889
50.215140 59.555178 10.451234 -0.310355
54.096516 59.555178 10.466793 -0.377091
57.977892 59.555178 10.152301 -0.570105
61.859268 59.555178 0.000000 0.000000
65.740644 59.555178 0.000000 0.000000
69.622020 59.555178 10.053691 -0.451601
73.503396 59.555178 10.124219 -0.438522
77.384772 59.555178 9.989377 -0.028633
81.266148 59.555178 9.835980 -0.445860
85.147524 59.555178 9.557058 0.009960
89.028900 59.555178 9.724832 0.104238
92.910276 59.555178 10.003113 -0.466024
96.791652 59.555178 9.978852 -0.249945
100.673028 59.555178 9.832115 0.262936
104.554404 59.555178 9.755635 0.027577
108.435780 59.555178 9.954085 0.353995
112.317156 59.555178 9.858955 -0.213503
116.198532 59.555178 10.283069 -0.307128
120.079908 59.555178 9.632209 0.363426
123.961284 59.555178 10.099353 -0.063835
127.842660 59.555178 10.095161 -0.220624
131.724036 59.555178 10.020424 0.256543
135.605412 59.555178 9.424218 0.555147
139.486788 59.555178 9.401028 -0.191715
-54.582013 55.673802 9.076962 0.575454
-50.700637 55.673802 9.672266 0.723362
-46.819261 55.673802 10.364194 0.771800
-42.937885 55.673802 9.298429 1.006435
-39.056509 55.673802 9.703107 0.763789
-35.175133 55.673802 0.000000 0.000000
-31.293757 55.673802 0.000000 0.000000
-27.412381 55.673802 0.000000 0.000000
-23.531005 55.673802 10.203648 1.310448
-19.649629 55.673802 10.828254 0.820075
-15.768253 55.673802 11.084801 0.718240
-11.886877 55.673802 10.983556 0.488141
-8.005501 55.673802 10.830650 0.399774
-4.124125 55.673802 10.761166 0.197477
-0.242749 55.673802 11.107210 -0.101350
3.638627 55.673802 11.071314 0.120768
7.520003 55.673802 10.478971 -0.390571
11.401379 55.673802 10.939887 -0.201644
15.282755 55.673802 10.720375 -0.141620
19.164131 55.673802 10.722688 -0.346111
23.045507 55.673802 10.688254 -0.487427
26.926883 55.673802 10.552746 -0.141116
30.808259 55.673802 10.803367 -0.497906
34.689635 55.673802 10.654277 -0.329711
38.571011 55.673802 10.276175 -0.529509
42.452387 55.673802 10.490584 -0.899757
46.333763 55.673802 10.617493 -0.583728
50.215140 55.673802 10.330383 -0.268154
54.096516 55.673802 10.007588 -0.490953
57.977892 55.673802 10.190036 -0.488035
61.859268 55.673802 0.000000 0.000000
65.740644 55.673802 0.000000 0.000000
69.622020 55.673802 9.450657 -0.709324
73.503396 55.673802 10.203120 -0.643183
77.384772 55.673802 10.320843 -0.168896
81.266148 55.673802 9.488913 -0.264471
85.147524 55.673802 10.087163 -0.627931
89.028900 55.673802 9.739968 -0.224694
92.910276 55.673802 9.675406 -0.469880
96.791652 55.673802 9.630229 0.034819
100.673028 55.673802 9.835496 0.174497
104.554404 55.673802 9.376385 -0.413337
108.435780 55.673802 10.032743 0.424456
112.317156 55.673802 10.287982 -0.232418
116.198532 55.673802 10.000262 -0.295006
120.079908 55.673802 9.443559 -0.212425
123.961284 55.673802 10.276865 -0.197897
127.842660 55.673802 10.045807 0.124274
131.724036 55.673802 9.994167 -0.283537
135.605412 55.673802 9.831332 -0.048856
139.486788 55.673802 9.270091 -0.564930
-54.582013 51.792426 0.000000 0.000000
-50.700637 51.792426 10.008983 1.524602
-46.819261 51.792426 9.846351 0.814148
-42.937885 51.792426 9.514021 0.940343
-39.056509 51.792426 9.872611 1.239077
-35.175133 51.792426 0.000000 0.000000
-31.293757 51.792426 0.000000 0.000000
-27.412381 51.792426 0.000000 0.000000
-23.531005 51.792426 10.713799 1.036393
-19.649629 51.792426 10.481436 1.634875
-15.768253 51.792426 11.503180 0.826937
-11.886877 51.792426 11.350428 0.462738
-8.005501 51.792426 11.233724 0.171740
-4.124125 51.792426 11.172777 -0.031453
-0.242749 51.792426 10.936528 0.148974
3.638627 51.792426 11.080029 -0.014418
7.520003 51.792426 11.250553 -0.187926
11.401379 51.792426 11.070891 -0.241756
15.282755 51.792426 10.697617 -0.145521
19.164131 51.792426 10.874150 -0.046479
23.045507 51.792426 10.690886 -0.224460
26.926883 51.792426 10.509003 -0.276080
30.808259 51.792426 10.559604 -0.484295
34.689635 51.792426 10.644246 -0.724816
38.571011 51.792426 10.363991 -0.500083
42.452387 51.792426 10.246932 -0.572301
46.333763 51.792426 10.407826 -0.348626
50.215140 51.792426 10.443667 -0.583575
54.096516 51.792426 10.395923 -0.615219
57.977892 51.792426 10.253354 -0.693005
61.859268 51.792426 0.000000 0.000000
65.740644 51.792426 0.000000 0.000000
69.622020 51.792426 10.213334 -0.544470
73.503396 51.792426 9.919358 -0.570401
77.384772 51.792426 9.404951 -0.387884
81.266148 51.792426 9.626139 -0.379570
85.147524 51.792426 9.720421 0.125539
89.028900 51.792426 9.045905 -0.053667
92.910276 51.792426 10.024030 0.268911
96.791652 51.792426 9.740823 -0.331674
100.673028 51.792426 9.936682 -0.321019
104.554404 51.792426 9.532269 0.044493
108.435780 51.792426 10.117735 -0.451158
112.317156 51.792426 9.805168 -0.325721
116.198532 51.792426 10.023563 -0.279456
120.079908 51.792426 9.090343 0.378462
123.961284 51.792426 9.796833 0.306825
127.842660 51.792426 9.927656 0.170161
131.724036 51.792426 10.109484 -0.246666
135.605412 51.792426 9.570905 -0.181670
139.486788 51.792426 9.738219 -0.115424
-54.582013 47.911049 0.000000 0.000000
-50.700637 47.911049 9.395386 0.217880
-46.819261 47.911049 9.712185 0.740459
-42.937885 47.911049 9.224031 1.270037
-39.056509 47.911049 9.708255 1.304675
-35.175133 47.911049 0.000000 0.000000
-31.293757 47.911049 0.000000 0.000000
-27.412381 47.911049 0.000000 0.000000
-23.531005 47.911049 11.385152 1.073677
-19.649629 47.911049 11.404477 1.000847
-15.768253 47.911049 11.592856 0.976173
-11.886877 47.911049 11.489484 0.914357
-8.005501 47.911049 11.284925 0.530490
-4.124125 47.911049 11.394554 0.313731
-0.242749 47.911049 11.317894 -0.208261
3.638627 47.911049 11.119305 0.219815
7.520003 47.911049 11.056141 0.140407
11.401379 47.911049 10.806560 -0.214683
15.282755 47.911049 11.077385 -0.397994
19.164131 47.911049 11.155090 -0.297700
23.045507 47.911049 10.712120 -0.565444
26.926883 47.911049 10.489644 -0.304395
30.808259 47.911049 10.880625 -0.177444
34.689635 47.911049 10.594636 -0.660024
38.571011 47.911049 10.530746 -0.862351
42.452387 47.911049 10.253601 -0.692819
46.333763 47.911049 10.369543 -0.549769
50.215140 47.911049 10.494305 -0.792250
54.096516 47.911049 10.429330 -0.679611
57.977892 47.911049 9.766338 -1.016320
61.859268 47.911049 0.000000 0.000000
65.740644 47.911049 0.000000 0.000000
69.622020 47.911049 9.994035 -0.832507
73.503396 47.911049 9.271501 -0.781332
77.384772 47.911049 9.788175 -0.472636
81.266148 47.911049 9.421448 -0.473805
85.147524 47.911049 9.500400 -0.022964
89.028900 47.911049 10.227280 -0.015965
92.910276 47.911049 10.029655 -0.572873
96.791652 47.911049 10.322657 -0.215348
100.673028 47.911049 9.501596 -0.487716
104.554404 47.911049 9.494258 0.553998
108.435780 47.911049 9.460685 0.560525
112.317156 47.911049 10.322425 0.153245
116.198532 47.911049 10.058111 -0.181022
120.079908 47.911049 9.668528 -0.098349
123.961284 47.911049 9.409036 0.436543
127.842660 47.911049 8.527164 0.818876
131.724036 47.911049 8.268107 0.053580
135.605412 47.911049 10.067326 0.103403
139.486788 47.911049 10.062279 -0.563494
-54.582013 44.029673 0.000000 0.000000
-50.700637 44.029673 9.632965 1.539856
-46.819261 44.029673 9.228645 0.841885
-42.937885 44.029673 9.691206 1.712865
-39.056509 44.029673 9.761240 1.851218
-35.175133 44.029673 0.000000 0.000000
-31.293757 44.029673 0.000000 0.000000
-27.412381 44.029673 11.236787 2.398238
-23.531005 44.029673 11.459522 1.970387
-19.649629 44.029673 11.351529 1.052755
-15.768253 44.029673 11.548360 0.730036
-11.886877 44.029673 11.670820 0.875945
-8.005501 44.029673 11.584870 0.169671
-4.124125 44.029673 11.124681 -0.177543
-0.242749 44.029673 0.000000 0.000000
3.638627 44.029673 0.000000 0.000000
7.520003 44.029673 10.913088 -0.844278
11.401379 44.029673 11.180328 -0.332163
15.282755 44.029673 10.683405 -0.783027
19.164131 44.029673 10.814500 -0.467815
23.045507 44.029673 10.804801 -0.458515
26.926883 44.029673 10.182533 0.076757
30.808259 44.029673 10.420422 -0.555488
34.689635 44.029673 10.736912 -0.439442
38.571011 44.029673 10.728971 -0.986810
42.452387 44.029673 10.479258 -0.627303
46.333763 44.029673 10.363321 -0.692078
50.215140 44.029673 10.887664 0.057197
54.096516 44.029673 10.244371 -0.818070
57.977892 44.029673 10.330165 -0.924468
61.859268 44.029673 0.000000 0.000000
65.740644 44.029673 0.000000 0.000000
69.622020 44.029673 9.989880 -0.369508
73.503396 44.029673 10.208794 -0.695204
77.384772 44.029673 8.929096 -0.957693
81.266148 44.029673 9.187327 -0.606806
85.147524 44.029673 9.232298 0.454113
89.028900 44.029673 10.084562 0.508756
92.910276 44.029673 10.796960 -0.629359
96.791652 44.029673 9.521604 -0.846351
100.673028 44.029673 9.207063 -0.880181
104.554404 44.029673 9.183157 -0.611090
108.435780 44.029673 9.159010 0.393250
112.317156 44.029673 10.519944 0.976130
116.198532 44.029673 10.220901 -0.719394
120.079908 44.029673 9.778362 -0.576670
123.961284 44.029673 7.900020 0.363000
127.842660 44.029673 7.666106 0.710246
131.724036 44.029673 9.053246 1.531138
135.605412 44.029673 10.311792 0.424764
139.486788 44.029673 10.555593 -0.854970
-54.582013 40.148297 0.000000 0.000000
-50.700637 40.148297 0.000000 0.000000
-46.819261 40.148297 8.845851 0.908451
-42.937885 40.148297 8.214012 0.824561
-39.056509 40.148297 8.234345 2.058789
-35.175133 40.148297 0.000000 0.000000
-31.293757 40.148297 0.000000 0.000000
-27.412381 40.148297 0.000000 0.000000
-23.531005 40.148297 0.000000 0.000000
-19.649629 40.148297 0.000000 0.000000
-15.768253 40.148297 0.000000 0.000000
-11.886877 40.148297 0.000000 0.000000
-8.005501 40.148297 0.000000 0.000000
-4.124125 40.148297 0.000000 0.000000
-0.242749 40.148297 0.000000 0.000000
3.638627 40.148297 0.000000 0.000000
7.520003 40.148297 0.000000 0.000000
11.401379 40.148297 0.000000 0.000000
15.282755 40.148297 0.000000 0.000000
19.164131 40.148297 0.000000 0.000000
23.045507 40.148297 0.000000 0.000000
26.926883 40.148297 0.000000 0.000000
30.808259 40.148297 0.000000 0.000000
34.689635 40.148297 0.000000 0.000000
38.571011 40.148297 0.000000 0.000000
42.452387 40.148297 10.288007 -0.915256
46.333763 40.148297 9.873159 0.062945
50.215140 40.148297 10.189132 -1.249309
54.096516 40.148297 10.157067 -1.531328
57.977892 40.148297 10.081549 -0.550690
61.859268 40.148297 9.181636 -2.332839
65.740644 40.148297 0.000000 0.000000
69.622020 40.148297 10.228260 -0.381143
73.503396 40.148297 9.947808 -1.647078
77.384772 40.148297 8.820218 -1.338683
81.266148 40.148297 8.575720 -1.056713
85.147524 40.148297 6.666806 1.300714
89.028900 40.148297 8.226995 2.675973
92.910276 40.148297 10.561254 -0.979663
96.791652 40.148297 9.719245 -1.576418
100.673028 40.148297 8.934566 -1.487423
104.554404 40.148297 8.210582 -1.394116
108.435780 40.148297 8.429915 2.053530
112.317156 40.148297 9.812895 2.162081
116.198532 40.148297 10.022383 -1.503821
120.079908 40.148297 8.398319 -1.382650
123.961284 40.148297 7.276725 -1.038760
127.842660 40.148297 7.628319 -0.193735
131.724036 40.148297 8.934361 2.426438
135.605412 40.148297 10.773684 1.620914
139.486788 40.148297 9.129984 -1.493567
-54.582013 36.266921 0.000000 0.000000
-50.700637 36.266921 9.883308 0.239377
-46.819261 36.266921 9.016210 0.935636
-42.937885 36.266921 6.730013 -0.050081
-39.056509 36.266921 7.717693 -0.053847
-35.175133 36.266921 0.000000 0.000000
-31.293757 36.266921 0.000000 0.000000
-27.412381 36.266921 0.000000 0.000000
-23.531005 36.266921 0.000000 0.000000
-19.649629 36.266921 0.000000 0.000000
-15.768253 36.266921 0.000000 0.000000
-11.886877 36.266921 0.000000 0.000000
-8.005501 36.266921 0.000000 0.000000
-4.124125 36.266921 0.000000 0.000000
-0.242749 36.266921 0.000000 0.000000
3.638627 36.266921 0.000000 0.000000
7.520003 36.266921 0.000000 0.000000
11.401379 36.266921 0.000000 0.000000
15.282755 36.266921 0.000000 0.000000
19.164131 36.266921 0.000000 0.000000
23.045507 36.266921 0.000000 0.000000
26.926883 36.266921 0.000000 0.000000
30.808259 36.266921 0.000000 0.000000
34.689635 36.266921 0.000000 0.000000
38.571011 36.266921 0.000000 0.000000
42.452387 36.266921 0.000000 0.000000
46.333763 36.266921 0.000000 0.000000
50.215140 36.266921 0.000000 0.000000
54.096516 36.266921 0.000000 0.000000
57.977892 36.266921 0.000000 0.000000
61.859268 36.266921 0.000000 0.000000
65.740644 36.266921 0.000000 0.000000
69.622020 36.266921 5.140821 0.436332
73.503396 36.266921 6.747697 -0.521474
77.384772 36.266921 7.228947 -1.984537
81.266148 36.266921 7.834397 -1.683856
85.147524 36.266921 8.170592 2.608757
89.028900 36.266921 7.833216 3.476862
92.910276 36.266921 6.619030 0.830928
96.791652 36.266921 8.998796 -1.485068
100.673028 36.266921 9.812765 -1.425727
104.554404 36.266921 10.542301 -0.865766
108.435780 36.266921 9.268330 2.948369
112.317156 36.266921 8.538217 1.832411
116.198532 36.266921 8.489446 -0.886256
120.079908 36.266921 8.498286 -1.040900
123.961284 36.266921 8.994346 -0.975146
127.842660 36.266921 9.999395 1.513844
131.724036 36.266921 8.904938 2.300550
135.605412 36.266921 8.469565 0.817661
139.486788 36.266921 8.206596 -1.195087
-54.582013 32.385545 0.000000 0.000000
-50.700637 32.385545 0.000000 0.000000
-46.819261 32.385545 0.000000 0.000000
-42.937885 32.385545 0.000000 0.000000
-39.056509 32.385545 0.000000 0.000000
-35.175133 32.385545 0.000000 0.000000
-31.293757 32.385545 0.000000 0.000000
-27.412381 32.385545 0.000000 0.000000
-23.531005 32.385545 0.000000 0.000000
-19.649629 32.385545 0.000000 0.000000
-15.768253 32.385545 0.000000 0.000000
-11.886877 32.385545 0.000000 0.000000
-8.005501 32.385545 0.000000 0.000000
-4.124125 32.385545 0.000000 0.000000
-0.242749 32.385545 0.000000 0.000000
3.638627 32.385545 0.000000 0.000000
7.520003 32.385545 0.000000 0.000000
11.401379 32.385545 0.000000 0.000000
15.282755 32.385545 0.000000 0.000000
19.164131 32.385545 0.000000 0.000000
23.045507 32.385545 0.000000 0.000000
26.926883 32.385545 0.000000 0.000000
30.808259 32.385545 0.000000 0.000000
34.689635 32.385545 0.000000 0.000000
38.571011 32.385545 0.000000 0.000000
42.452387 32.385545 0.000000 0.000000
46.333763 32.385545 0.000000 0.000000
50.215140 32.385545 0.000000 0.000000
54.096516 32.385545 0.000000 0.000000
57.977892 32.385545 0.000000 0.000000
61.859268 32.385545 0.000000 0.000000
65.740644 32.385545 0.000000 0.000000
69.622020 32.385545 0.000000 0.000000
73.503396 32.385545 0.000000 0.000000
77.384772 32.385545 8.837513 -0.676534
81.266148 32.385545 10.158008 -0.195609
85.147524 32.385545 10.439533 0.900336
89.028900 32.385545 9.262867 1.882940
92.910276 32.385545 7.781567 0.620719
96.791652 32.385545 8.932995 -0.707256
100.673028 32.385545 8.881188 -1.784526
104.554404 32.385545 10.381789 -0.573473
108.435780 32.385545 9.827183 1.889222
112.317156 32.385545 8.793097 1.088021
116.198532 32.385545 8.795643 -0.346985
120.079908 32.385545 9.709594 -0.625858
123.961284 32.385545 10.041180 -0.644455
127.842660 32.385545 10.349866 0.079053
131.724036 32.385545 9.590387 0.870387
135.605412 32.385545 9.138078 0.450085
139.486788 32.385545 9.405260 -0.150478
-54.582013 28.504169 10.485550 -0.673505
-50.700637 28.504169 0.000000 0.000000
-46.819261 28.504169 0.000000 0.000000
-42.937885 28.504169 0.000000 0.000000
-39.056509 28.504169 0.000000 0.000000
-35.175133 28.504169 0.000000 0.000000
-31.293757 28.504169 0.000000 0.000000
-27.412381 28.504169 0.000000 0.000000
-23.531005 28.504169 0.000000 0.000000
-19.649629 28.504169 0.000000 0.000000
-15.768253 28.504169 0.000000 0.000000
-11.886877 28.504169 0.000000 0.000000
-8.005501 28.504169 0.000000 0.000000
-4.124125 28.504169 0.000000 0.000000
-0.242749 28.504169 0.000000 0.000000
3.638627 28.504169 0.000000 0.000000
7.520003 28.504169 0.000000 0.000000
11.401379 28.504169 0.000000 0.000000
15.282755 28.504169 0.000000 0.000000
19.164131 28.504169 0.000000 0.000000
23.045507 28.504169 0.000000 0.000000
26.926883 28.504169 0.000000 0.000000
30.808259 28.504169 0.000000 0.000000
34.689635 28.504169 0.000000 0.000000
38.571011 28.504169 0.000000 0.000000
42.452387 28.504169 0.000000 0.000000
46.333763 28.504169 0.000000 0.000000
50.215140 28.504169 0.000000 0.000000
54.096516 28.504169 0.000000 0.000000
57.977892 28.504169 0.000000 0.000000
61.859268 28.504169 0.000000 0.000000
65.740644 28.504169 0.000000 0.000000
69.622020 28.504169 0.000000 0.000000
73.503396 28.504169 0.000000 0.000000
77.384772 28.504169 0.000000 0.000000
81.266148 28.504169 9.839173 0.092897
85.147524 28.504169 9.706118 0.418703
89.028900 28.504169 9.168323 0.785467
92.910276 28.504169 9.370156 -0.368016
96.791652 28.504169 9.709982 -0.448911
100.673028 28.504169 9.523071 -0.625895
104.554404 28.504169 10.359071 -0.093074
108.435780 28.504169 9.945081 0.452450
112.317156 28.504169 9.387378 0.273910
116.198532 28.504169 9.533559 0.302893
120.079908 28.504169 9.219401 -0.419565
123.961284 28.504169 9.926842 -0.699509
127.842660 28.504169 9.999451 0.642660
131.724036 28.504169 9.601983 0.323172
135.605412 28.504169 9.285646 -0.021215
139.486788 28.504169 9.630059 -0.099799
-54.582013 24.622793 9.925426 -0.518264
-50.700637 24.622793 9.573616 0.383800
-46.819261 24.622793 0.000000 0.000000
-42.937885 24.622793 0.000000 0.000000
-39.056509 24.622793 0.000000 0.000000
-35.175133 24.622793 0.000000 0.000000
-31.293757 24.622793 0.000000 0.000000
-27.412381 24.622793 0.000000 0.000000
-23.531005 24.622793 0.000000 0.000000
-19.649629 24.622793 0.000000 0.000000
-15.768253 24.622793 0.000000 0.000000
-11.886877 24.622793 0.000000 0.000000
-8.005501 24.622793 0.000000 0.000000
-4.124125 24.622793 0.000000 0.000000
-0.242749 24.622793 0.000000 0.000000
3.638627 24.622793 0.000000 0.000000
7.520003 24.622793 0.000000 0.000000
11.401379 24.622793 0.000000 0.000000
15.282755 24.622793 0.000000 0.000000
19.164131 24.622793 0.000000 0.000000
23.045507 24.622793 0.000000 0.000000
26.926883 24.622793 0.000000 0.000000
30.808259 24.622793 0.000000 0.000000
34.689635 24.622793 0.000000 0.000000
38.571011 24.622793 0.000000 0.000000
42.452387 24.622793 0.000000 0.000000
46.333763 24.622793 0.000000 0.000000
50.215140 24.622793 0.000000 0.000000
54.096516 24.622793 0.000000 0.000000
57.977892 24.622793 0.000000 0.000000
61.859268 24.622793 0.000000 0.000000
65.740644 24.622793 0.000000 0.000000
69.622020 24.622793 9.303637 0.737286
73.503396 24.622793 9.364913 0.341052
77.384772 24.622793 9.601227 0.327266
81.266148 24.622793 9.645004 0.212034
85.147524 24.622793 9.667318 0.429339
89.028900 24.622793 9.429579 0.420134
92.910276 24.622793 9.922866 0.206344
96.791652 24.622793 9.693045 0.166382
100.673028 24.622793 9.627089 0.179167
104.554404 24.622793 10.282877 0.362637
108.435780 24.622793 9.787922 -0.247191
112.317156 24.622793 9.538044 0.427850
116.198532 24.622793 9.722694 0.131731
120.079908 24.622793 9.564995 -0.222008
123.961284 24.622793 10.021621 -0.359186
127.842660 24.622793 9.944208 -0.428238
131.724036 24.622793 10.106658 -0.174538
135.605412 24.622793 9.805014 0.039687
139.486788 24.622793 9.482176 -0.168144
-54.582013 20.741417 0.000000 0.000000
-50.700637 20.741417 10.281520 0.102547
-46.819261 20.741417 9.830632 -1.534081
-42.937885 20.741417 0.000000 0.000000
-39.056509 20.741417 9.225431 -1.031322
-35.175133 20.741417 9.333909 -0.912549
-31.293757 20.741417 0.000000 0.000000
-27.412381 20.741417 0.000000 0.000000
-23.531005 20.741417 0.000000 0.000000
-19.649629 20.741417 0.000000 0.000000
-15.768253 20.741417 0.000000 0.000000
-11.886877 20.741417 0.000000 0.000000
-8.005501 20.741417 0.000000 0.000000
-4.124125 20.741417 0.000000 0.000000
-0.242749 20.741417 0.000000 0.000000
3.638627 20.741417 0.000000 0.000000
7.520003 20.741417 0.000000 0.000000
11.401379 20.741417 10.787676 0.105900
15.282755 20.741417 10.871069 0.315650
19.164131 20.741417 10.891499 0.302168
23.045507 20.741417 10.646371 0.600550
26.926883 20.741417 10.814428 0.693208
30.808259 20.741417 10.612458 0.554786
34.689635 20.741417 10.329406 0.694211
38.571011 20.741417 10.478508 0.503275
42.452387 20.741417 10.261417 0.653210
46.333763 20.741417 10.377104 0.700861
50.215140 20.741417 10.089359 0.627450
54.096516 20.741417 9.738984 0.869710
57.977892 20.741417 9.979530 0.600502
61.859268 20.741417 9.699661 0.699943
65.740644 20.741417 10.053383 0.659707
69.622020 20.741417 9.785254 0.520521
73.503396 20.741417 9.936092 0.731234
77.384772 20.741417 9.710694 0.318211
81.266148 20.741417 9.568345 0.210072
85.147524 20.741417 9.718147 0.295404
89.028900 20.741417 9.648934 0.158054
92.910276 20.741417 9.788776 0.219563
96.791652 20.741417 9.610712 0.109219
100.673028 20.741417 9.942240 -0.511463
104.554404 20.741417 10.068840 0.384906
108.435780 20.741417 9.809391 -0.002138
112.317156 20.741417 9.841462 0.412563
116.198532 20.741417 10.094557 0.318947
120.079908 20.741417 9.907804 0.114897
123.961284 20.741417 9.984420 0.245254
127.842660 20.741417 9.731871 0.012362
131.724036 20.741417 9.945060 0.039895
135.605412 20.741417 9.670154 0.054573
139.486788 20.741417 9.848229 -0.156433
-54.582013 16.860041 0.000000 0.000000
-50.700637 16.860041 0.000000 0.000000
-46.819261 16.860041 9.314821 -0.404140
-42.937885 16.860041 10.180723 -0.515573
-39.056509 16.860041 9.888534 -0.811504
-35.175133 16.860041 9.672565 -0.666287
-31.293757 16.860041 10.273204 -0.819587
-27.412381 16.860041 9.944162 -0.886422
-23.531005 16.860041 10.661674 -0.563209
-19.649629 16.860041 10.494165 -0.778326
-15.768253 16.860041 10.736973 -0.430409
-11.886877 16.860041 10.872951 -0.429030
-8.005501 16.860041 10.776006 -0.394390
-4.124125 16.860041 10.672297 -0.238275
-0.242749 16.860041 11.053707 -0.060584
3.638627 16.860041 10.923449 -0.013531
7.520003 16.860041 10.751730 0.130658
11.401379 16.860041 10.650363 0.353674
15.282755 16.860041 10.603029 0.343467
19.164131 16.860041 10.508867 0.533783
23.045507 16.860041 10.558773 0.314775
26.926883 16.860041 10.237432 0.732422
30.808259 16.860041 10.762455 0.280696
34.689635 16.860041 10.491171 0.526479
38.571011 16.860041 10.337669 0.685430
42.452387 16.860041 10.211261 0.545389
46.333763 16.860041 10.093730 0.510542
50.215140 16.860041 10.032496 0.655893
54.096516 16.860041 10.302717 0.667183
57.977892 16.860041 10.034233 0.564116
61.859268 16.860041 10.004840 0.550149
65.740644 16.860041 9.881784 0.516429
69.622020 16.860041 9.658138 0.562486
73.503396 16.860041 9.892359 0.568444
77.384772 16.860041 9.798836 0.505637
81.266148 16.860041 9.575902 0.471720
85.147524 16.860041 9.824064 0.282868
89.028900 16.860041 9.724862 0.213366
92.910276 16.860041 9.850333 0.350071
96.791652 16.860041 9.239917 0.232045
100.673028 16.860041 10.142378 0.242553
104.554404 16.860041 9.757652 0.234834
108.435780 16.860041 9.800488 -0.147828
112.317156 16.860041 9.512341 0.040196
116.198532 16.860041 9.593340 0.049937
120.079908 16.860041 9.723687 0.001715
123.961284 16.860041 9.865951 -0.124382
127.842660 16.860041 10.084180 -0.074938
131.724036 16.860041 9.899568 0.080774
135.605412 16.860041 10.019316 0.247484
139.486788 16.860041 9.718607 0.190797
-54.582013 12.978665 0.000000 0.000000
-50.700637 12.978665 0.000000 0.000000
-46.819261 12.978665 9.524243 -0.419402
-42.937885 12.978665 9.575325 -0.677156
-39.056509 12.978665 10.490664 -0.180205
-35.175133 12.978665 9.562885 -0.646170
-31.293757 12.978665 10.238597 -0.385154
-27.412381 12.978665 10.733527 -0.764818
-23.531005 12.978665 9.979336 -1.097871
-19.649629 12.978665 10.022576 -0.561494
-15.768253 12.978665 10.476814 -0.413561
-11.886877 12.978665 10.660428 -0.266348
-8.005501 12.978665 10.671535 -0.240261
-4.124125 12.978665 10.669724 -0.099145
-0.242749 12.978665 10.805607 -0.190865
3.638627 12.978665 10.746989 -0.014143
7.520003 12.978665 10.693492 -0.187273
11.401379 12.978665 10.671535 0.358660
15.282755 12.978665 10.727954 0.245530
19.164131 12.978665 10.476089 0.436271
23.045507 12.978665 10.396484 0.352718
26.926883 12.978665 10.560211 0.433838
30.808259 12.978665 10.481339 0.276792
34.689635 12.978665 10.485455 0.555917
38.571011 12.978665 10.334881 0.629731
42.452387 12.978665 10.238594 0.531385
46.333763 12.978665 10.025356 0.617576
50.215140 12.978665 10.121748 0.435568
54.096516 12.978665 10.142597 0.519271
57.977892 12.978665 10.049520 0.478378
61.859268 12.978665 10.128250 0.590007
65.740644 12.978665 9.972026 0.632416
69.622020 12.978665 9.927496 0.512476
73.503396 12.978665 9.622086 0.476484
77.384772 12.978665 9.806553 0.496437
81.266148 12.978665 9.340325 0.472803
85.147524 12.978665 9.941235 0.558470
89.028900 12.978665 9.991857 0.357442
92.910276 12.978665 9.877886 0.434311
96.791652 12.978665 9.823901 0.474905
100.673028 12.978665 9.707416 -0.001623
104.554404 12.978665 9.766169 0.272324
108.435780 12.978665 9.641358 0.293400
112.317156 12.978665 9.638860 -0.297293
116.198532 12.978665 9.842418 0.269780
120.079908 12.978665 9.888950 -0.026036
123.961284 12.978665 9.911782 0.186550
127.842660 12.978665 10.035917 0.068269
131.724036 12.978665 9.927742 -0.176662
135.605412 12.978665 9.796978 -0.007149
139.486788 12.978665 9.840990 -0.044716
-54.582013 9.097289 7.978237 1.082535
-50.700637 9.097289 9.851607 -0.362044
-46.819261 9.097289 9.733712 -0.441062
-42.937885 9.097289 10.028906 -0.452461
-39.056509 9.097289 0.000000 0.000000
-35.175133 9.097289 10.087144 -0.603771
-31.293757 9.097289 10.454960 -0.717828
-27.412381 9.097289 10.627730 -0.485178
-23.531005 9.097289 10.643969 -0.510269
-19.649629 9.097289 10.419055 -0.480015
-15.768253 9.097289 10.446776 -0.406141
-11.886877 9.097289 10.525145 -0.358411
-8.005501 9.097289 10.874903 -0.261557
-4.124125 9.097289 10.552373 0.022839
-0.242749 9.097289 10.667624 -0.209823
3.638627 9.097289 10.776349 -0.235875
7.520003 9.097289 10.536089 0.417670
11.401379 9.097289 10.542141 0.031070
15.282755 9.097289 10.621343 0.061014
19.164131 9.097289 10.539674 0.223458
23.045507 9.097289 10.464467 0.119047
26.926883 9.097289 10.359351 0.279317
30.808259 9.097289 10.508180 0.498162
34.689635 9.097289 10.402209 0.353938
38.571011 9.097289 10.376357 0.448604
42.452387 9.097289 10.289064 0.313705
46.333763 9.097289 10.222023 0.517794
50.215140 9.097289 10.320275 0.553620
54.096516 9.097289 10.197515 0.502238
57.977892 9.097289 10.068133 0.563917
61.859268 9.097289 10.016768 0.412111
65.740644 9.097289 9.954082 0.541212
69.622020 9.097289 9.985003 0.536421
73.503396 9.097289 9.759164 0.437953
77.384772 9.097289 9.819487 0.547851
81.266148 9.097289 9.513204 0.437735
85.147524 9.097289 9.649971 0.573123
89.028900 9.097289 9.782077 0.314323
92.910276 9.097289 9.802402 0.187466
96.791652 9.097289 9.879884 0.071881
100.673028 9.097289 10.008983 0.116601
104.554404 9.097289 9.698979 0.092656
108.435780 9.097289 9.717497 0.180982
112.317156 9.097289 9.738667 0.205175
116.198532 9.097289 10.072890 0.465133
120.079908 9.097289 9.765818 0.160568
123.961284 9.097289 9.752238 0.164914
127.842660 9.097289 9.889801 -0.054595
131.724036 9.097289 9.924216 0.200602
135.605412 9.097289 9.895986 0.227022
139.486788 9.097289 9.717108 0.204135
-54.582013 5.215913 0.000000 0.000000
-50.700637 5.215913 9.778958 0.422455
-46.819261 5.215913 10.192281 -0.494647
-42.937885 5.215913 9.078803 0.339332
-39.056509 5.215913 10.016459 -0.502957
-35.175133 5.215913 9.462381 -0.611350
-31.293757 5.215913 10.292899 -0.489855
-27.412381 5.215913 10.094776 -0.354632
-23.531005 5.215913 9.994451 -0.391156
-19.649629 5.215913 10.275061 -0.255891
-15.768253 5.215913 10.476102 -0.387690
-11.886877 5.215913 10.490486 -0.395127
-8.005501 5.215913 10.453035 -0.277849
-4.124125 5.215913 10.390944 -0.144264
-0.242749 5.215913 10.453948 0.013404
3.638627 5.215913 10.722534 -0.106761
7.520003 5.215913 10.466882 0.156219
11.401379 5.215913 10.524796 0.267097
15.282755 5.215913 10.590653 0.438769
19.164131 5.215913 10.442177 0.285929
23.045507 5.215913 10.505532 0.333240
26.926883 5.215913 10.428525 0.325656
30.808259 5.215913 10.469140 0.463831
34.689635 5.215913 10.153235 0.264846
38.571011 5.215913 10.246453 0.614442
42.452387 5.215913 10.321997 0.690665
46.333763 5.215913 10.141218 0.394390
50.215140 5.215913 10.086601 0.385998
54.096516 5.215913 10.040390 0.364227
57.977892 5.215913 9.982794 0.465122
61.859268 5.215913 9.910086 0.580656
65.740644 5.215913 10.145941 0.527982
69.622020 5.215913 9.987991 0.418788
73.503396 5.215913 9.982881 0.280849
77.384772 5.215913 9.792787 0.364714
81.266148 5.215913 9.715448 0.426822
85.147524 5.215913 9.755740 0.335593
89.028900 5.215913 9.825181 0.278756
92.910276 5.215913 9.793746 0.356154
96.791652 5.215913 9.936293 0.308615
100.673028 5.215913 9.874998 0.286682
104.554404 5.215913 9.890937 0.161140
108.435780 5.215913 9.944381 0.270273
112.317156 5.215913 9.920648 -0.000552
116.198532 5.215913 9.957916 0.339298
120.079908 5.215913 9.767474 0.108456
123.961284 5.215913 9.866990 0.078330
127.842660 5.215913 9.875233 0.163252
131.724036 5.215913 9.776237 -0.025928
135.605412 5.215913 10.056881 0.228894
139.486788 5.215913 9.837119 0.026452
-54.582013 1.334537 10.182130 0.049578
-50.700637 1.334537 9.011481 -0.845819
-46.819261 1.334537 9.618387 -0.713352
-42.937885 1.334537 10.147557 -0.524121
-39.056509 1.334537 10.002249 -0.408163
-35.175133 1.334537 10.099776 -0.572212
-31.293757 1.334537 10.096414 -0.264455
-27.412381 1.334537 10.127886 -0.027062
-23.531005 1.334537 10.147283 -0.440550
-19.649629 1.334537 10.369485 -0.761255
-15.768253 1.334537 10.585202 0.024327
-11.886877 1.334537 10.311234 -0.265802
-8.005501 1.334537 10.542416 -0.435880
-4.124125 1.334537 10.489887 -0.010178
-0.242749 1.334537 10.507778 0.262799
3.638627 1.334537 10.495564 -0.027402
7.520003 1.334537 10.303507 0.055494
11.401379 1.334537 10.579487 0.174148
15.282755 1.334537 10.373368 0.428628
19.164131 1.334537 10.560686 0.020160
23.045507 1.334537 10.455664 0.380248
26.926883 1.334537 10.455407 0.347142
30.808259 1.334537 10.316062 0.424442
34.689635 1.334537 10.369268 0.488442
38.571011 1.334537 10.481367 0.551463
42.452387 1.334537 10.237419 0.349718
46.333763 1.334537 10.308939 0.183619
50.215140 1.334537 10.218352 0.553835
54.096516 1.334537 10.039680 0.253277
57.977892 1.334537 10.289910 0.266794
61.859268 1.334537 9.911629 0.463481
65.740644 1.334537 10.008165 0.504686
69.622020 1.334537 9.927532 0.451409
73.503396 1.334537 9.751048 0.440683
77.384772 1.334537 9.920503 0.407031
81.266148 1.334537 10.043139 0.249725
85.147524 1.334537 9.723632 0.321896
89.028900 1.334537 9.762650 0.384018
92.910276 1.334537 9.851166 0.275391
96.791652 1.334537 9.857141 0.379349
100.673028 1.334537 9.644150 0.273717
104.554404 1.334537 9.862897 0.154702
108.435780 1.334537 9.835120 0.176394
112.317156 1.334537 9.890406 0.338928
116.198532 1.334537 9.959107 0.243468
120.079908 1.334537 9.808052 0.208960
123.961284 1.334537 9.926342 0.063641
127.842660 1.334537 9.861734 0.086122
131.724036 1.334537 9.802320 0.178736
135.605412 1.334537 9.950263 0.173664
139.486788 1.334537 9.924288 0.241884
-54.582013 -2.546839 0.000000 0.000000
-50.700637 -2.546839 0.000000 0.000000
-46.819261 -2.546839 10.321207 0.029057
-42.937885 -2.546839 10.123623 -0.727912
-39.056509 -2.546839 9.843522 -0.704145
-35.175133 -2.546839 10.136098 0.113755
-31.293757 -2.546839 9.818701 -0.448110
-27.412381 -2.546839 10.153569 -0.196364
-23.531005 -2.546839 10.175886 -0.329802
-19.649629 -2.546839 10.134706 -0.181630
-15.768253 -2.546839 10.374325 -0.164917
-11.886877 -2.546839 10.187922 -0.031616
-8.005501 -2.546839 10.307511 -0.161617
-4.124125 -2.546839 10.654552 0.039408
-0.242749 -2.546839 10.568919 0.073151
3.638627 -2.546839 10.420045 -0.097894
7.520003 -2.546839 10.514179 0.142008
11.401379 -2.546839 10.508648 0.328548
15.282755 -2.546839 10.456280 0.229338
19.164131 -2.546839 10.495332 0.418271
23.045507 -2.546839 10.052368 0.201011
26.926883 -2.546839 10.303679 0.373914
30.808259 -2.546839 10.300700 0.435419
34.689635 -2.546839 10.195008 0.399899
38.571011 -2.546839 10.341082 0.539945
42.452387 -2.546839 10.221163 0.465235
46.333763 -2.546839 10.176574 0.380467
50.215140 -2.546839 10.047886 0.322593
54.096516 -2.546839 10.174624 0.508107
57.977892 -2.546839 10.184317 0.559441
61.859268 -2.546839 10.002187 0.415205
65.740644 -2.546839 9.920327 0.524929
69.622020 -2.546839 9.926240 0.357684
73.503396 -2.546839 9.926336 0.461562
77.384772 -2.546839 9.963703 0.282957
81.266148 -2.546839 9.942027 0.182972
85.147524 -2.546839 9.971724 0.500839
89.028900 -2.546839 9.914231 0.239379
92.910276 -2.546839 9.782237 0.345315
96.791652 -2.546839 9.972179 0.086555
100.673028 -2.546839 9.875143 0.248966
104.554404 -2.546839 9.941112 0.381528
108.435780 -2.546839 9.831495 0.162687
112.317156 -2.546839 9.874653 0.353299
116.198532 -2.546839 9.835690 0.226430
120.079908 -2.546839 9.791275 0.286242
123.961284 -2.546839 9.816875 0.218211
127.842660 -2.546839 9.786345 0.228273
131.724036 -2.546839 9.897115 0.178309
135.605412 -2.546839 9.800106 0.213357
139.486788 -2.546839 9.885199 0.232667
-54.582013 -6.428215 0.000000 0.000000
-50.700637 -6.428215 9.100532 -0.285988
-46.819261 -6.428215 9.549745 0.288323
-42.937885 -6.428215 9.763775 -0.352286
-39.056509 -6.428215 9.979987 -0.199252
-35.175133 -6.428215 10.005672 0.339690
-31.293757 -6.428215 10.248379 -0.091683
-27.412381 -6.428215 10.100504 -0.229513
-23.531005 -6.428215 10.233812 -0.567464
-19.649629 -6.428215 10.221345 -0.276547
-15.768253 -6.428215 10.297872 -0.144517
-11.886877 -6.428215 10.403533 -0.430579
-8.005501 -6.428215 10.449873 -0.478119
-4.124125 -6.428215 10.175982 -0.120838
-0.242749 -6.428215 10.356982 0.262000
3.638627 -6.428215 10.520372 0.006020
7.520003 -6.428215 10.406898 0.183516
11.401379 -6.428215 10.483962 -0.099706
15.282755 -6.428215 10.421699 0.250024
19.164131 -6.428215 10.445308 0.461977
23.045507 -6.428215 10.338447 0.399396
26.926883 -6.428215 10.424687 0.285039
30.808259 -6.428215 10.286160 0.419044
34.689635 -6.428215 10.250960 0.435661
38.571011 -6.428215 10.367739 0.385895
42.452387 -6.428215 10.144516 0.419328
46.333763 -6.428215 10.260871 0.344520
50.215140 -6.428215 10.153242 0.446479
54.096516 -6.428215 10.116556 0.370533
57.977892 -6.428215 10.121988 0.428831
61.859268 -6.428215 10.080219 0.387443
65.740644 -6.428215 10.110254 0.393232
69.622020 -6.428215 9.882874 0.334512
73.503396 -6.428215 10.028188 0.433028
77.384772 -6.428215 9.826872 0.496609
81.266148 -6.428215 9.967864 0.401665
85.147524 -6.428215 9.956512 0.178974
89.028900 -6.428215 10.021531 0.267162
92.910276 -6.428215 9.834969 0.278432
96.791652 -6.428215 9.993831 0.319501
100.673028 -6.428215 9.708733 0.244114
104.554404 -6.428215 9.953425 0.433324
108.435780 -6.428215 9.937656 0.176819
112.317156 -6.428215 9.839537 0.290337
116.198532 -6.428215 9.767338 0.052451
120.079908 -6.428215 9.865165 0.169916
123.961284 -6.428215 9.916077 0.224859
127.842660 -6.428215 9.825598 0.196168
131.724036 -6.428215 9.731753 0.112475
135.605412 -6.428215 9.967056 0.124570
139.486788 -6.428215 9.901132 -0.013852
-54.582013 -10.309591 0.000000 0.000000
-50.700637 -10.309591 10.553764 -0.629102
-46.819261 -10.309591 8.894144 -0.182154
-42.937885 -10.309591 9.881994 0.036571
-39.056509 -10.309591 10.141601 -0.068727
-35.175133 -10.309591 10.073902 0.010398
-31.293757 -10.309591 9.979648 -0.632004
-27.412381 -10.309591 10.104924 -0.295498
-23.531005 -10.309591 10.324218 -0.263342
-19.649629 -10.309591 10.179838 -0.219762
-15.768253 -10.309591 10.314865 -0.187737
-11.886877 -10.309591 10.325717 -0.209782
-8.005501 -10.309591 10.455589 -0.219432
-4.124125 -10.309591 10.232175 0.095335
-0.242749 -10.309591 10.321812 0.052266
3.638627 -10.309591 10.359855 0.058503
7.520003 -10.309591 10.332475 0.087369
11.401379 -10.309591 10.275480 0.227215
15.282755 -10.309591 10.391059 0.283659
19.164131 -10.309591 10.424548 0.493306
23.045507 -10.309591 10.330951 0.230836
26.926883 -10.309591 10.279996 0.349528
30.808259 -10.309591 10.450755 0.279586
34.689635 -10.309591 10.178120 0.141636
38.571011 -10.309591 10.149861 0.188561
42.452387 -10.309591 10.195859 0.335812
46.333763 -10.309591 10.179032 0.382054
50.215140 -10.309591 10.070996 0.300720
54.096516 -10.309591 10.240063 0.318605
57.977892 -10.309591 10.054808 0.459903
61.859268 -10.309591 10.075704 0.343916
65.740644 -10.309591 9.997458 0.375342
69.622020 -10.309591 10.007851 0.240614
73.503396 -10.309591 9.866528 0.546695
77.384772 -10.309591 10.057939 0.307616
81.266148 -10.309591 10.110479 0.449591
85.147524 -10.309591 10.022169 0.265055
89.028900 -10.309591 9.958876 0.191106
92.910276 -10.309591 9.837329 0.161314
96.791652 -10.309591 9.907782 0.345211
100.673028 -10.309591 10.041819 0.330917
104.554404 -10.309591 9.840536 0.316496
108.435780 -10.309591 9.933461 0.159359
112.317156 -10.309591 9.933856 0.178658
116.198532 -10.309591 10.199574 0.478400
120.079908 -10.309591 9.957682 0.416479
123.961284 -10.309591 9.814416 0.343638
127.842660 -10.309591 9.910287 0.174555
131.724036 -10.309591 9.783702 0.167703
135.605412 -10.309591 9.893352 0.301101
139.486788 -10.309591 9.814508 0.069733
-54.582013 -14.190967 0.000000 0.000000
-50.700637 -14.190967 8.635343 0.112932
-46.819261 -14.190967 0.000000 0.000000
-42.937885 -14.190967 10.126409 -0.214444
-39.056509 -14.190967 10.586958 0.046657
-35.175133 -14.190967 10.531434 0.280209
-31.293757 -14.190967 10.069315 -0.208630
-27.412381 -14.190967 9.966671 -0.418738
-23.531005 -14.190967 10.251987 -0.074144
-19.649629 -14.190967 10.227375 0.025183
-15.768253 -14.190967 10.215314 -0.180163
-11.886877 -14.190967 10.274474 -0.043513
-8.005501 -14.190967 10.295058 0.007093
-4.124125 -14.190967 10.354613 0.055403
-0.242749 -14.190967 10.276915 0.348356
3.638627 -14.190967 10.318464 0.174071
7.520003 -14.190967 10.310617 0.120222
11.401379 -14.190967 10.292445 0.316967
15.282755 -14.190967 10.255896 0.153544
19.164131 -14.190967 10.425813 0.255487
23.045507 -14.190967 10.355829 0.205150
26.926883 -14.190967 10.337611 0.305003
30.808259 -14.190967 10.234211 0.270256
34.689635 -14.190967 10.314636 0.095045
38.571011 -14.190967 10.236438 0.316910
42.452387 -14.190967 10.097576 0.252794
46.333763 -14.190967 10.393476 0.410999
50.215140 -14.190967 10.076163 0.357167
54.096516 -14.190967 10.130619 0.470033
57.977892 -14.190967 10.171213 0.326312
61.859268 -14.190967 10.107503 0.348896
65.740644 -14.190967 9.992834 0.380844
69.622020 -14.190967 10.015926 0.390434
73.503396 -14.190967 10.037688 0.276947
77.384772 -14.190967 9.869288 0.422662
81.266148 -14.190967 9.948647 0.377162
85.147524 -14.190967 9.940155 0.243333
89.028900 -14.190967 10.084500 0.260072
92.910276 -14.190967 9.930858 0.370165
96.791652 -14.190967 9.863184 0.312280
100.673028 -14.190967 9.931419 0.175451
104.554404 -14.190967 9.874560 0.196592
108.435780 -14.190967 9.908381 0.227520
112.317156 -14.190967 9.684025 0.107800
116.198532 -14.190967 9.834518 0.054971
120.079908 -14.190967 9.732510 0.284836
123.961284 -14.190967 10.008353 0.124220
127.842660 -14.190967 9.896397 0.312627
131.724036 -14.190967 9.577786 0.216147
135.605412 -14.190967 9.709131 0.202130
139.486788 -14.190967 10.009797 0.200258
-54.582013 -18.072343 0.000000 0.000000
-50.700637 -18.072343 0.000000 0.000000
-46.819261 -18.072343 9.636818 0.262259
-42.937885 -18.072343 9.847212 -0.511740
-39.056509 -18.072343 9.646324 -0.572443
-35.175133 -18.072343 10.140959 -0.287137
-31.293757 -18.072343 10.183062 -0.152626
-27.412381 -18.072343 9.904731 -0.289495
-23.531005 -18.072343 10.052874 0.099770
-19.649629 -18.072343 10.113694 -0.001414
-15.768253 -18.072343 10.424200 0.298464
-11.886877 -18.072343 10.219621 -0.052101
-8.005501 -18.072343 10.468163 -0.231320
-4.124125 -18.072343 10.208817 -0.075237
-0.242749 -18.072343 10.313496 -0.062678
3.638627 -18.072343 10.310957 0.077569
7.520003 -18.072343 10.295947 0.346385
11.401379 -18.072343 10.115597 0.069229
15.282755 -18.072343 10.240232 0.072747
19.164131 -18.072343 10.168604 0.228752
23.045507 -18.072343 10.320176 0.177685
26.926883 -18.072343 10.342472 0.308521
30.808259 -18.072343 10.186313 0.338061
34.689635 -18.072343 10.179751 0.376303
38.571011 -18.072343 10.221950 0.354086
42.452387 -18.072343 10.208954 0.266823
46.333763 -18.072343 10.153510 0.316284
50.215140 -18.072343 10.176985 0.381713
54.096516 -18.072343 10.017401 0.359654
57.977892 -18.072343 10.086019 0.340680
61.859268 -18.072343 10.076931 0.243506
65.740644 -18.072343 9.997024 0.331321
69.622020 -18.072343 9.960717 0.269394
73.503396 -18.072343 9.987973 0.311242
77.384772 -18.072343 10.109622 0.278682
81.266148 -18.072343 9.923859 0.207371
85.147524 -18.072343 9.901934 0.142345
89.028900 -18.072343 9.967787 0.313322
92.910276 -18.072343 9.982467 0.351135
96.791652 -18.072343 9.861978 0.148802
100.673028 -18.072343 9.978074 0.328545
104.554404 -18.072343 9.977921 0.408393
108.435780 -18.072343 10.046846 0.386410
112.317156 -18.072343 9.821248 0.331335
116.198532 -18.072343 9.905777 0.175787
120.079908 -18.072343 9.818614 0.216074
123.961284 -18.072343 9.890890 0.272269
127.842660 -18.072343 9.895036 0.224924
131.724036 -18.072343 9.884064 0.130469
135.605412 -18.072343 9.939936 0.136000
139.486788 -18.072343 9.872861 0.181059
-54.582013 -21.953719 0.000000 0.000000
-50.700637 -21.953719 0.000000 0.000000
-46.819261 -21.953719 0.000000 0.000000
-42.937885 -21.953719 8.143491 -0.503183
-39.056509 -21.953719 10.061638 0.533575
-35.175133 -21.953719 9.869471 0.215373
-31.293757 -21.953719 9.853091 0.064218
-27.412381 -21.953719 9.982883 0.143211
-23.531005 -21.953719 10.154472 -0.062791
-19.649629 -21.953719 10.163190 -0.099692
-15.768253 -21.953719 10.194126 -0.314185
-11.886877 -21.953719 10.138087 -0.180519
-8.005501 -21.953719 10.259002 -0.039059
-4.124125 -21.953719 10.306980 0.058679
-0.242749 -21.953719 10.480827 0.275656
3.638627 -21.953719 10.414063 0.167723
7.520003 -21.953719 10.242160 -0.026639
11.401379 -21.953719 10.301246 0.211455
15.282755 -21.953719 10.315454 0.193248
19.164131 -21.953719 10.240806 0.453140
23.045507 -21.953719 10.236876 0.407635
26.926883 -21.953719 10.337080 0.183579
30.808259 -21.953719 10.323456 0.393309
34.689635 -21.953719 10.217390 0.444474
38.571011 -21.953719 10.183802 0.263364
42.452387 -21.953719 10.110732 0.354829
46.333763 -21.953719 10.218149 0.373721
50.215140 -21.953719 10.078862 0.337150
54.096516 -21.953719 10.054095 0.467204
57.977892 -21.953719 10.081805 0.222620
61.859268 -21.953719 10.044959 0.223783
65.740644 -21.953719 10.038388 0.442982
69.622020 -21.953719 10.061983 0.308331
73.503396 -21.953719 10.124394 0.287047
77.384772 -21.953719 9.905280 0.319655
81.266148 -21.953719 9.932005 0.254350
85.147524 -21.953719 9.952124 0.377989
89.028900 -21.953719 10.066718 0.195398
92.910276 -21.953719 9.903871 0.376093
96.791652 -21.953719 9.945600 0.213331
100.673028 -21.953719 9.821230 0.147356
104.554404 -21.953719 9.801125 0.315889
108.435780 -21.953719 9.807858 0.392823
112.317156 -21.953719 9.982519 0.166626
116.198532 -21.953719 9.991092 0.265749
120.079908 -21.953719 9.934800 0.183487
123.961284 -21.953719 9.806278 -0.000173
127.842660 -21.953719 9.899323 0.236256
131.724036 -21.953719 9.956569 0.293474
135.605412 -21.953719 9.926882 0.072471
139.486788 -21.953719 9.967034 0.337609
-54.582013 -25.835095 0.000000 0.000000
-50.700637 -25.835095 0.000000 0.000000
-46.819261 -25.835095 9.839130 0.045725
-42.937885 -25.835095 9.774276 -0.552601
-39.056509 -25.835095 10.426732 0.402964
-35.175133 -25.835095 10.029107 -0.047806
-31.293757 -25.835095 10.285478 0.172803
-27.412381 -25.835095 10.212847 0.026485
-23.531005 -25.835095 10.184270 0.122417
-19.649629 -25.835095 10.297486 -0.085850
-15.768253 -25.835095 10.140369 -0.183845
-11.886877 -25.835095 10.326877 0.061664
-8.005501 -25.835095 10.263654 0.086413
-4.124125 -25.835095 10.127732 -0.013301
-0.242749 -25.835095 10.174276 0.161461
3.638627 -25.835095 10.281699 0.272872
7.520003 -25.835095 10.163030 0.133326
11.401379 -25.835095 10.198809 0.227724
15.282755 -25.835095 10.132686 0.106346
19.164131 -25.835095 10.294226 0.208486
23.045507 -25.835095 10.377174 0.037344
26.926883 -25.835095 10.133534 0.315016
30.808259 -25.835095 10.271267 0.242073
34.689635 -25.835095 10.209518 0.398310
38.571011 -25.835095 10.170741 0.308786
42.452387 -25.835095 10.047898 0.309794
46.333763 -25.835095 10.165497 0.235927
50.215140 -25.835095 10.112913 0.341698
54.096516 -25.835095 10.088033 0.129458
57.977892 -25.835095 10.193913 0.402436
61.859268 -25.835095 10.012986 0.295510
65.740644 -25.835095 9.970952 0.293983
69.622020 -25.835095 10.076986 0.349542
73.503396 -25.835095 10.028842 0.338613
77.384772 -25.835095 10.062396 0.164831
81.266148 -25.835095 9.927731 0.298781
85.147524 -25.835095 10.152418 0.386578
89.028900 -25.835095 9.894580 0.252569
92.910276 -25.835095 10.133624 0.285434
96.791652 -25.835095 9.996307 0.255488
100.673028 -25.835095 10.070907 0.398517
104.554404 -25.835095 9.906591 0.294682
108.435780 -25.835095 9.899240 0.149216
112.317156 -25.835095 9.984136 0.134976
116.198532 -25.835095 9.903741 0.234228
120.079908 -25.835095 9.858788 0.264829
123.961284 -25.835095 9.975113 0.209523
127.842660 -25.835095 9.811525 0.147420
131.724036 -25.835095 10.081984 0.093263
135.605412 -25.835095 9.969872 0.229989
139.486788 -25.835095 9.826992 0.232947
-54.582013 -29.716471 0.000000 0.000000
-50.700637 -29.716471 0.000000 0.000000
-46.819261 -29.716471 9.232610 -0.348365
-42.937885 -29.716471 9.497487 0.415223
-39.056509 -29.716471 9.935642 -0.072674
-35.175133 -29.716471 9.598145 -0.347253
-31.293757 -29.716471 10.219411 0.056700
-27.412381 -29.716471 10.200928 0.305782
-23.531005 -29.716471 10.331494 0.365572
-19.649629 -29.716471 10.083795 -0.125619
-15.768253 -29.716471 10.255883 -0.063744
-11.886877 -29.716471 9.956695 0.035723
-8.005501 -29.716471 10.103662 0.066266
-4.124125 -29.716471 10.144204 0.222660
-0.242749 -29.716471 10.307822 0.187461
3.638627 -29.716471 10.156903 -0.009422
7.520003 -29.716471 10.192405 -0.100050
11.401379 -29.716471 10.135509 0.122033
15.282755 -29.716471 10.252232 0.286178
19.164131 -29.716471 10.204262 0.118251
23.045507 -29.716471 10.153292 0.284814
26.926883 -29.716471 10.130002 0.143470
30.808259 -29.716471 10.113685 0.170005
34.689635 -29.716471 10.214327 0.405582
38.571011 -29.716471 10.293180 0.259907
42.452387 -29.716471 10.274949 0.321771
46.333763 -29.716471 10.084350 0.220785
50.215140 -29.716471 10.090762 0.347469
54.096516 -29.716471 10.158754 0.302358
57.977892 -29.716471 10.120909 0.387162
61.859268 -29.716471 10.042868 0.412484
65.740644 -29.716471 10.082160 0.284732
69.622020 -29.716471 9.994395 0.358716
73.503396 -29.716471 10.208509 0.367825
77.384772 -29.716471 10.060724 0.295356
81.266148 -29.716471 10.038833 0.451192
85.147524 -29.716471 9.999198 0.279741
89.028900 -29.716471 9.994482 0.283246
92.910276 -29.716471 9.990897 0.311450
96.791652 -29.716471 9.998698 0.297210
100.673028 -29.716471 9.926045 0.239223
104.554404 -29.716471 10.118460 0.363607
108.435780 -29.716471 10.140321 0.244250
112.317156 -29.716471 9.976051 0.390296
116.198532 -29.716471 10.035461 0.206133
120.079908 -29.716471 9.897032 0.244405
123.961284 -29.716471 9.999905 0.243170
127.842660 -29.716471 9.897957 0.346055
131.724036 -29.716471 10.042895 0.179171
135.605412 -29.716471 9.635087 0.184923
139.486788 -29.716471 9.681693 0.246197
-54.582013 -33.597847 0.000000 0.000000
-50.700637 -33.597847 0.000000 0.000000
-46.819261 -33.597847 11.504305 0.776709
-42.937885 -33.597847 0.000000 0.000000
-39.056509 -33.597847 10.244122 0.587533
-35.175133 -33.597847 11.177756 -0.257069
-31.293757 -33.597847 10.028450 -0.217452
-27.412381 -33.597847 10.020936 -0.088933
-23.531005 -33.597847 10.037226 -0.025508
-19.649629 -33.597847 10.247860 0.040506
-15.768253 -33.597847 10.247808 -0.004918
-11.886877 -33.597847 10.254097 -0.006052
-8.005501 -33.597847 10.194379 0.107904
-4.124125 -33.597847 10.112528 0.259423
-0.242749 -33.597847 10.183690 0.106280
3.638627 -33.597847 10.244825 -0.025734
7.520003 -33.597847 10.149667 -0.052440
11.401379 -33.597847 10.192426 0.201732
15.282755 -33.597847 10.239834 0.106911
19.164131 -33.597847 10.227033 0.253591
23.045507 -33.597847 10.237422 0.237095
26.926883 -33.597847 10.159359 0.364884
30.808259 -33.597847 10.173249 0.158416
34.689635 -33.597847 10.183617 0.222312
38.571011 -33.597847 10.227382 0.312553
42.452387 -33.597847 10.206356 0.244462
46.333763 -33.597847 10.173073 0.337054
50.215140 -33.597847 10.101139 0.363526
54.096516 -33.597847 10.142186 0.358279
57.977892 -33.597847 10.139999 0.227670
61.859268 -33.597847 10.131082 0.240505
65.740644 -33.597847 10.107040 0.426365
69.622020 -33.597847 9.927440 0.338194
73.503396 -33.597847 9.886569 0.138673
77.384772 -33.597847 10.165139 0.580701
81.266148 -33.597847 10.152187 0.371246
85.147524 -33.597847 10.018215 0.113416
89.028900 -33.597847 10.012669 0.271445
92.910276 -33.597847 10.138840 0.183627
96.791652 -33.597847 10.013675 0.357931
100.673028 -33.597847 9.864338 0.434452
104.554404 -33.597847 9.972276 0.209618
108.435780 -33.597847 9.983546 0.153965
112.317156 -33.597847 9.814326 0.254642
116.198532 -33.597847 9.873283 0.276265
120.079908 -33.597847 9.873354 0.420372
123.961284 -33.597847 10.099974 0.214597
127.842660 -33.597847 9.769815 0.293414
131.724036 -33.597847 9.560840 0.092089
135.605412 -33.597847 9.854689 0.195360
139.486788 -33.597847 9.938529 0.106121
-54.582013 -37.479223 0.000000 0.000000
-50.700637 -37.479223 0.000000 0.000000
-46.819261 -37.479223 0.000000 0.000000
-42.937885 -37.479223 0.000000 0.000000
-39.056509 -37.479223 0.000000 0.000000
-35.175133 -37.479223 10.808586 0.516236
-31.293757 -37.479223 10.169847 -0.079073
-27.412381 -37.479223 9.957222 0.014128
-23.531005 -37.479223 10.211980 -0.077059
-19.649629 -37.479223 10.023403 0.179594
-15.768253 -37.479223 10.237842 -0.033822
-11.886877 -37.479223 10.043105 0.226345
-8.005501 -37.479223 10.204721 0.165799
-4.124125 -37.479223 10.322848 0.053517
-0.242749 -37.479223 10.248919 0.247009
3.638627 -37.479223 10.236548 0.136646
7.520003 -37.479223 10.294106 -0.057868
11.401379 -37.479223 10.174434 0.274118
15.282755 -37.479223 10.200563 0.186693
19.164131 -37.479223 10.331710 0.269594
23.045507 -37.479223 10.317255 0.188473
26.926883 -37.479223 10.204802 0.314956
30.808259 -37.479223 10.197673 0.324174
34.689635 -37.479223 10.182917 0.291253
38.571011 -37.479223 10.192877 0.384325
42.452387 -37.479223 10.193645 0.390953
46.333763 -37.479223 10.110532 0.058468
50.215140 -37.479223 10.006459 0.287033
54.096516 -37.479223 10.038987 0.286461
57.977892 -37.479223 10.085093 0.425724
61.859268 -37.479223 10.111059 0.065529
65.740644 -37.479223 10.074633 0.313617
69.622020 -37.479223 10.023005 0.387520
73.503396 -37.479223 9.981067 0.330828
77.384772 -37.479223 9.969021 0.273384
81.266148 -37.479223 9.960890 0.153021
85.147524 -37.479223 10.117593 0.167605
89.028900 -37.479223 9.930435 0.315341
92.910276 -37.479223 10.127553 0.133421
96.791652 -37.479223 10.156261 0.196689
100.673028 -37.479223 9.942676 0.058375
104.554404 -37.479223 9.832615 0.380507
108.435780 -37.479223 9.777662 0.358329
112.317156 -37.479223 9.828753 0.340057
116.198532 -37.479223 10.011777 0.271965
120.079908 -37.479223 9.840428 0.114227
123.961284 -37.479223 9.898685 0.362094
127.842660 -37.479223 9.839355 0.177358
131.724036 -37.479223 9.922236 0.091271
135.605412 -37.479223 10.008193 0.164095
139.486788 -37.479223 9.826643 0.167721
-54.582013 -41.360599 0.000000 0.000000
-50.700637 -41.360599 0.000000 0.000000
-46.819261 -41.360599 0.000000 0.000000
-42.937885 -41.360599 0.000000 0.000000
-39.056509 -41.360599 10.233603 -0.271447
-35.175133 -41.360599 10.098330 0.839042
-31.293757 -41.360599 9.813765 0.087741
-27.412381 -41.360599 10.103206 0.260069
-23.531005 -41.360599 10.387838 0.204976
-19.649629 -41.360599 10.259801 0.213755
-15.768253 -41.360599 10.296934 0.467571
-11.886877 -41.360599 10.310753 0.060237
-8.005501 -41.360599 10.003702 -0.036595
-4.124125 -41.360599 10.136227 -0.153862
-0.242749 -41.360599 10.289006 0.229527
3.638627 -41.360599 10.162947 0.204544
7.520003 -41.360599 10.153057 0.211508
11.401379 -41.360599 10.198429 0.145385
15.282755 -41.360599 10.217955 0.217918
19.164131 -41.360599 10.314689 -0.019742
23.045507 -41.360599 10.545861 -0.173272
26.926883 -41.360599 10.270696 0.232585
30.808259 -41.360599 10.160226 0.197332
34.689635 -41.360599 10.222585 0.332881
38.571011 -41.360599 10.255504 0.259148
42.452387 -41.360599 10.096148 0.448575
46.333763 -41.360599 10.315803 0.302790
50.215140 -41.360599 10.009162 0.332040
54.096516 -41.360599 9.918628 0.273705
57.977892 -41.360599 10.185489 0.284421
61.859268 -41.360599 10.080901 0.282892
65.740644 -41.360599 10.179671 0.361455
69.622020 -41.360599 10.023551 0.284331
73.503396 -41.360599 10.055730 0.313267
77.384772 -41.360599 10.037389 0.337898
81.266148 -41.360599 10.104342 0.284092
85.147524 -41.360599 9.858576 0.248872
89.028900 -41.360599 10.038367 0.257233
92.910276 -41.360599 9.981319 0.308169
96.791652 -41.360599 9.944545 0.244991
100.673028 -41.360599 9.943199 0.212936
104.554404 -41.360599 9.924096 0.344329
108.435780 -41.360599 9.930531 0.299343
112.317156 -41.360599 9.977346 0.304787
116.198532 -41.360599 9.835000 0.328237
120.079908 -41.360599 9.952882 0.358030
123.961284 -41.360599 10.066172 0.260706
127.842660 -41.360599 9.968093 0.008794
131.724036 -41.360599 9.978473 0.240932
135.605412 -41.360599 10.015330 0.166052
139.486788 -41.360599 9.661168 0.240884
-54.582013 -45.241975 0.000000 0.000000
-50.700637 -45.241975 0.000000 0.000000
-46.819261 -45.241975 0.000000 0.000000
-42.937885 -45.241975 0.000000 0.000000
-39.056509 -45.241975 0.000000 0.000000
-35.175133 -45.241975 0.000000 0.000000
-31.293757 -45.241975 0.000000 0.000000
-27.412381 -45.241975 0.000000 0.000000
-23.531005 -45.241975 0.000000 0.000000
-19.649629 -45.241975 0.000000 0.000000
-15.768253 -45.241975 0.000000 0.000000
-11.886877 -45.241975 0.000000 0.000000
-8.005501 -45.241975 0.000000 0.000000
-4.124125 -45.241975 0.000000 0.000000
-0.242749 -45.241975 0.000000 0.000000
3.638627 -45.241975 0.000000 0.000000
7.520003 -45.241975 0.000000 0.000000
11.401379 -45.241975 0.000000 0.000000
15.282755 -45.241975 0.000000 0.000000
19.164131 -45.241975 0.000000 0.000000
23.045507 -45.241975 0.000000 0.000000
26.926883 -45.241975 0.000000 0.000000
30.808259 -45.241975 0.000000 0.000000
34.689635 -45.241975 0.000000 0.000000
38.571011 -45.241975 0.000000 0.000000
42.452387 -45.241975 0.000000 0.000000
46.333763 -45.241975 0.000000 0.000000
50.215140 -45.241975 0.000000 0.000000
54.096516 -45.241975 0.000000 0.000000
57.977892 -45.241975 0.000000 0.000000
61.859268 -45.241975 0.000000 0.000000
65.740644 -45.241975 0.000000 0.000000
69.622020 -45.241975 0.000000 0.000000
73.503396 -45.241975 0.000000 0.000000
77.384772 -45.241975 0.000000 0.000000
81.266148 -45.241975 0.000000 0.000000
85.147524 -45.241975 0.000000 0.000000
89.028900 -45.241975 0.000000 0.000000
92.910276 -45.241975 0.000000 0.000000
96.791652 -45.241975 0.000000 0.000000
100.673028 -45.241975 0.000000 0.000000
104.554404 -45.241975 0.000000 0.000000
108.435780 -45.241975 0.000000 0.000000
112.317156 -45.241975 0.000000 0.000000
116.198532 -45.241975 0.000000 0.000000
120.079908 -45.241975 0.000000 0.000000
123.961284 -45.241975 0.000000 0.000000
127.842660 -45.241975 0.000000 0.000000
131.724036 -45.241975 0.000000 0.000000
135.605412 -45.241975 0.000000 0.000000
139.486788 -45.241975 0.000000 0.000000
