TITLE = "B00009"
VARIABLES = "position", "position(2)", "Vx", "Vy"
ZONE T="Frame 0", I=51, J=39
-54.582013 102.250314 7.713359 0.729132
-50.700637 102.250314 11.007308 -0.539263
-46.819261 102.250314 9.677381 1.014432
-42.937885 102.250314 10.065009 -0.543145
-39.056509 102.250314 0.000000 0.000000
-35.175133 102.250314 0.000000 0.000000
-31.293757 102.250314 0.000000 0.000000
-27.412381 102.250314 0.000000 0.000000
-23.531005 102.250314 0.000000 0.000000
-19.649629 102.250314 0.000000 0.000000
-15.768253 102.250314 9.860825 -0.009968
-11.886877 102.250314 10.659706 0.288269
-8.005501 102.250314 10.259079 2.607129
-4.124125 102.250314 11.990284 -0.628793
-0.242749 102.250314 0.000000 0.000000
3.638627 102.250314 9.607057 2.060176
7.520003 102.250314 10.723182 0.742057
11.401379 102.250314 10.248915 -0.094139
15.282755 102.250314 10.827332 -0.740741
19.164131 102.250314 0.000000 0.000000
23.045507 102.250314 9.072798 1.469419
26.926883 102.250314 7.671683 0.638463
30.808259 102.250314 5.881786 -0.907864
34.689635 102.250314 0.000000 0.000000
38.571011 102.250314 2.955252 -4.861881
42.452387 102.250314 10.522248 -1.360717
46.333763 102.250314 9.970209 -0.696694
50.215140 102.250314 10.959894 0.531203
54.096516 102.250314 9.402607 -1.370367
57.977892 102.250314 9.059373 -1.180965
61.859268 102.250314 0.000000 0.000000
65.740644 102.250314 0.000000 0.000000
69.622020 102.250314 10.529534 0.189210
73.503396 102.250314 10.064262 -0.081484
77.384772 102.250314 11.552987 0.337147
81.266148 102.250314 10.045267 0.384463
85.147524 102.250314 10.394545 -0.120694
89.028900 102.250314 0.000000 0.000000
92.910276 102.250314 9.054330 0.976267
96.791652 102.250314 8.767588 -0.832962
100.673028 102.250314 9.479205 0.481552
104.554404 102.250314 9.347950 -1.202242
108.435780 102.250314 8.784575 0.692520
112.317156 102.250314 9.088121 -0.383441
116.198532 102.250314 10.158455 -0.472501
120.079908 102.250314 9.184807 -0.312172
123.961284 102.250314 11.330449 0.754543
127.842660 102.250314 9.304269 0.322237
131.724036 102.250314 9.692036 0.174055
135.605412 102.250314 10.175668 0.521397
139.486788 102.250314 9.824373 -0.322539
-54.582013 98.368938 11.277236 0.223957
-50.700637 98.368938 8.470913 0.197547
-46.819261 98.368938 0.000000 0.000000
-42.937885 98.368938 8.323322 -0.061842
-39.056509 98.368938 10.095757 -1.518572
-35.175133 98.368938 0.000000 0.000000
-31.293757 98.368938 0.000000 0.000000
-27.412381 98.368938 0.000000 0.000000
-23.531005 98.368938 0.000000 0.000000
-19.649629 98.368938 0.000000 0.000000
-15.768253 98.368938 10.304611 0.337440
-11.886877 98.368938 9.548838 1.070185
-8.005501 98.368938 10.934609 0.596526
-4.124125 98.368938 9.379423 0.823978
-0.242749 98.368938 10.913840 2.097653
3.638627 98.368938 9.968863 -1.730770
7.520003 98.368938 10.080318 -0.502417
11.401379 98.368938 10.591875 -1.919038
15.282755 98.368938 10.701478 -1.772397
19.164131 98.368938 11.372900 -0.894897
23.045507 98.368938 9.083813 0.515928
26.926883 98.368938 0.000000 0.000000
30.808259 98.368938 0.000000 0.000000
34.689635 98.368938 7.202058 -1.171127
38.571011 98.368938 0.000000 0.000000
42.452387 98.368938 10.143025 -2.748942
46.333763 98.368938 7.440606 1.799758
50.215140 98.368938 9.648950 -0.530745
54.096516 98.368938 11.278608 0.316743
57.977892 98.368938 0.000000 0.000000
61.859268 98.368938 0.000000 0.000000
65.740644 98.368938 0.000000 0.000000
69.622020 98.368938 0.000000 0.000000
73.503396 98.368938 10.338716 -0.069617
77.384772 98.368938 10.584385 1.088554
81.266148 98.368938 9.279922 0.677423
85.147524 98.368938 9.023064 -1.412997
89.028900 98.368938 9.944221 -0.136494
92.910276 98.368938 10.590579 -0.774869
96.791652 98.368938 10.377644 -0.301450
100.673028 98.368938 9.508774 0.639387
104.554404 98.368938 9.634612 -0.204748
108.435780 98.368938 9.928973 -0.595155
112.317156 98.368938 9.530829 -1.911360
116.198532 98.368938 10.116301 -0.485856
120.079908 98.368938 10.164877 0.108371
123.961284 98.368938 10.601416 -0.174247
127.842660 98.368938 9.936500 0.123230
131.724036 98.368938 9.941019 0.304497
135.605412 98.368938 10.389442 0.177817
139.486788 98.368938 10.339804 -0.436648
-54.582013 94.487562 0.000000 0.000000
-50.700637 94.487562 9.704285 0.669432
-46.819261 94.487562 0.000000 0.000000
-42.937885 94.487562 0.000000 0.000000
-39.056509 94.487562 8.826963 -0.203056
-35.175133 94.487562 0.000000 0.000000
-31.293757 94.487562 0.000000 0.000000
-27.412381 94.487562 0.000000 0.000000
-23.531005 94.487562 0.000000 0.000000
-19.649629 94.487562 0.000000 0.000000
-15.768253 94.487562 0.000000 0.000000
-11.886877 94.487562 10.277843 -0.445991
-8.005501 94.487562 10.289247 -0.140541
-4.124125 94.487562 9.227523 0.466820
-0.242749 94.487562 10.474180 -0.104724
3.638627 94.487562 9.422842 -1.385923
7.520003 94.487562 0.000000 0.000000
11.401379 94.487562 0.000000 0.000000
15.282755 94.487562 10.040277 -2.532841
19.164131 94.487562 0.000000 0.000000
23.045507 94.487562 10.130564 0.474091
26.926883 94.487562 9.545333 -1.813741
30.808259 94.487562 9.601351 -0.323687
34.689635 94.487562 8.271707 0.915245
38.571011 94.487562 11.818661 -0.013400
42.452387 94.487562 0.000000 0.000000
46.333763 94.487562 0.000000 0.000000
50.215140 94.487562 9.491399 1.430678
54.096516 94.487562 10.097425 0.642961
57.977892 94.487562 0.000000 0.000000
61.859268 94.487562 0.000000 0.000000
65.740644 94.487562 0.000000 0.000000
69.622020 94.487562 0.000000 0.000000
73.503396 94.487562 13.404567 -2.206662
77.384772 94.487562 8.045041 -0.820075
81.266148 94.487562 9.180864 -1.072301
85.147524 94.487562 10.413777 -0.685584
89.028900 94.487562 9.821538 0.342080
92.910276 94.487562 10.062016 0.929768
96.791652 94.487562 10.409640 0.559208
100.673028 94.487562 10.486222 -0.405737
104.554404 94.487562 9.569430 -0.353640
108.435780 94.487562 9.239880 -0.362445
112.317156 94.487562 9.518784 0.196572
116.198532 94.487562 9.233769 -0.283312
120.079908 94.487562 9.492947 0.818165
123.961284 94.487562 12.330952 1.404685
127.842660 94.487562 10.010689 -0.212385
131.724036 94.487562 9.457045 0.074361
135.605412 94.487562 9.322172 0.348493
139.486788 94.487562 9.955110 -0.596801
-54.582013 90.606186 9.075022 2.149664
-50.700637 90.606186 0.000000 0.000000
-46.819261 90.606186 0.000000 0.000000
-42.937885 90.606186 9.216708 0.518395
-39.056509 90.606186 9.693112 -0.226531
-35.175133 90.606186 0.000000 0.000000
-31.293757 90.606186 0.000000 0.000000
-27.412381 90.606186 0.000000 0.000000
-23.531005 90.606186 0.000000 0.000000
-19.649629 90.606186 0.000000 0.000000
-15.768253 90.606186 10.335967 0.569870
-11.886877 90.606186 12.128516 1.224266
-8.005501 90.606186 8.594962 0.752199
-4.124125 90.606186 11.680367 -0.255427
-0.242749 90.606186 10.767549 -1.844997
3.638627 90.606186 10.457156 -0.730356
7.520003 90.606186 10.408496 -0.976373
11.401379 90.606186 9.196871 0.394701
15.282755 90.606186 10.377236 -0.162756
19.164131 90.606186 10.180446 0.126200
23.045507 90.606186 10.601583 1.167464
26.926883 90.606186 8.894304 0.132929
30.808259 90.606186 10.750326 0.550095
34.689635 90.606186 9.962747 0.621635
38.571011 90.606186 9.711907 -0.506546
42.452387 90.606186 10.431801 -0.443064
46.333763 90.606186 9.438910 0.216654
50.215140 90.606186 9.464926 -0.385583
54.096516 90.606186 0.000000 0.000000
57.977892 90.606186 9.648222 0.879851
61.859268 90.606186 0.000000 0.000000
65.740644 90.606186 0.000000 0.000000
69.622020 90.606186 0.000000 0.000000
73.503396 90.606186 0.000000 0.000000
77.384772 90.606186 9.599740 -1.134555
81.266148 90.606186 9.537921 -0.188714
85.147524 90.606186 10.245858 -0.848847
89.028900 90.606186 9.484693 -0.548498
92.910276 90.606186 10.424808 -0.955494
96.791652 90.606186 10.421211 -0.363184
100.673028 90.606186 10.148930 -0.223741
104.554404 90.606186 9.429113 -0.379525
108.435780 90.606186 9.886942 0.052792
112.317156 90.606186 9.102382 -0.731944
116.198532 90.606186 9.333887 0.191630
120.079908 90.606186 9.604954 -0.436156
123.961284 90.606186 10.683063 -0.081670
127.842660 90.606186 10.325368 -0.179864
131.724036 90.606186 10.174409 -0.982520
135.605412 90.606186 8.892827 0.097135
139.486788 90.606186 10.226145 0.445582
-54.582013 86.724810 10.520327 13.205352
-50.700637 86.724810 0.000000 0.000000
-46.819261 86.724810 11.186106 0.238913
-42.937885 86.724810 10.366048 0.730509
-39.056509 86.724810 10.089562 -0.268751
-35.175133 86.724810 0.000000 0.000000
-31.293757 86.724810 0.000000 0.000000
-27.412381 86.724810 0.000000 0.000000
-23.531005 86.724810 0.000000 0.000000
-19.649629 86.724810 0.000000 0.000000
-15.768253 86.724810 9.965085 0.662191
-11.886877 86.724810 10.693566 0.183673
-8.005501 86.724810 0.000000 0.000000
-4.124125 86.724810 11.448988 0.413755
-0.242749 86.724810 10.502568 -0.655910
3.638627 86.724810 10.706046 0.367086
7.520003 86.724810 10.454368 0.098485
11.401379 86.724810 11.333725 0.515704
15.282755 86.724810 11.375037 0.887476
19.164131 86.724810 9.895708 -0.068922
23.045507 86.724810 10.300456 -0.635801
26.926883 86.724810 10.051696 -0.674859
30.808259 86.724810 9.866337 -0.516847
34.689635 86.724810 10.457554 -0.216070
38.571011 86.724810 10.194909 0.163566
42.452387 86.724810 10.403381 0.107264
46.333763 86.724810 9.623338 -1.856852
50.215140 86.724810 10.216073 -0.218314
54.096516 86.724810 10.556037 -0.255828
57.977892 86.724810 10.097323 -1.626173
61.859268 86.724810 0.000000 0.000000
65.740644 86.724810 0.000000 0.000000
69.622020 86.724810 0.000000 0.000000
73.503396 86.724810 9.689944 -1.032355
77.384772 86.724810 10.209034 -1.100422
81.266148 86.724810 9.694454 -1.233811
85.147524 86.724810 9.173687 -0.944568
89.028900 86.724810 10.188169 -0.195725
92.910276 86.724810 8.945213 1.217779
96.791652 86.724810 9.988603 0.913424
100.673028 86.724810 10.081944 -0.681267
104.554404 86.724810 9.585230 0.274465
108.435780 86.724810 9.531899 -0.228757
112.317156 86.724810 9.597004 -0.378054
116.198532 86.724810 9.162437 0.585486
120.079908 86.724810 10.132153 -0.153314
123.961284 86.724810 0.000000 0.000000
127.842660 86.724810 10.255979 0.278515
131.724036 86.724810 10.274506 -0.314135
135.605412 86.724810 10.106074 0.397632
139.486788 86.724810 9.096334 0.137718
-54.582013 82.843434 10.681027 7.462615
-50.700637 82.843434 10.509558 -0.328389
-46.819261 82.843434 0.000000 0.000000
-42.937885 82.843434 10.387956 -0.578486
-39.056509 82.843434 9.557648 0.943821
-35.175133 82.843434 0.000000 0.000000
-31.293757 82.843434 0.000000 0.000000
-27.412381 82.843434 0.000000 0.000000
-23.531005 82.843434 0.000000 0.000000
-19.649629 82.843434 0.000000 0.000000
-15.768253 82.843434 9.698100 0.268305
-11.886877 82.843434 10.586079 0.249705
-8.005501 82.843434 10.584120 0.135161
-4.124125 82.843434 10.129604 1.048889
-0.242749 82.843434 10.669944 0.136165
3.638627 82.843434 10.326177 0.142012
7.520003 82.843434 10.619677 -0.364637
11.401379 82.843434 10.632428 -0.094993
15.282755 82.843434 10.409310 -0.298852
19.164131 82.843434 10.480575 0.079747
23.045507 82.843434 9.718320 -0.245124
26.926883 82.843434 9.399121 0.139631
30.808259 82.843434 10.567038 -0.861707
34.689635 82.843434 10.154319 0.857225
38.571011 82.843434 10.066119 -0.067261
42.452387 82.843434 10.525971 -0.470085
46.333763 82.843434 10.641985 -0.001868
50.215140 82.843434 9.896729 -0.051743
54.096516 82.843434 10.808734 1.042741
57.977892 82.843434 9.718891 -1.151732
61.859268 82.843434 0.000000 0.000000
65.740644 82.843434 0.000000 0.000000
69.622020 82.843434 10.382286 -1.075227
73.503396 82.843434 9.183110 0.017041
77.384772 82.843434 10.003541 0.329258
81.266148 82.843434 10.076817 -0.653274
85.147524 82.843434 10.488903 0.025883
89.028900 82.843434 9.910345 1.267670
92.910276 82.843434 9.953354 0.348422
96.791652 82.843434 10.151888 -0.461421
100.673028 82.843434 8.970017 -0.221275
104.554404 82.843434 11.121264 0.038805
108.435780 82.843434 9.959764 -0.443255
112.317156 82.843434 9.854611 -0.854601
116.198532 82.843434 9.571436 -0.146630
120.079908 82.843434 10.207645 -1.042095
123.961284 82.843434 9.520314 0.712564
127.842660 82.843434 9.609842 -0.241575
131.724036 82.843434 9.181951 -0.099697
135.605412 82.843434 9.872374 -0.442677
139.486788 82.843434 10.182460 -0.299048
-54.582013 78.962058 8.910623 3.922359
-50.700637 78.962058 8.641049 0.811791
-46.819261 78.962058 8.905113 1.811845
-42.937885 78.962058 9.152403 1.706725
-39.056509 78.962058 10.250476 -0.594415
-35.175133 78.962058 0.000000 0.000000
-31.293757 78.962058 0.000000 0.000000
-27.412381 78.962058 0.000000 0.000000
-23.531005 78.962058 0.000000 0.000000
-19.649629 78.962058 0.000000 0.000000
-15.768253 78.962058 10.540500 0.244556
-11.886877 78.962058 10.842319 -0.235750
-8.005501 78.962058 10.204567 0.537272
-4.124125 78.962058 9.734431 -0.127024
-0.242749 78.962058 9.231971 0.157659
3.638627 78.962058 10.708320 0.081121
7.520003 78.962058 10.452847 -0.183329
11.401379 78.962058 10.560334 -0.046982
15.282755 78.962058 10.870594 0.003805
19.164131 78.962058 9.834941 -0.549455
23.045507 78.962058 10.861497 -0.965118
26.926883 78.962058 10.205953 0.322437
30.808259 78.962058 9.128950 -0.436262
34.689635 78.962058 10.585354 0.172812
38.571011 78.962058 9.830728 -0.358204
42.452387 78.962058 10.069932 -0.452120
46.333763 78.962058 10.205126 -0.168444
50.215140 78.962058 10.568367 0.149654
54.096516 78.962058 9.945427 -0.520350
57.977892 78.962058 10.327114 0.014536
61.859268 78.962058 0.000000 0.000000
65.740644 78.962058 0.000000 0.000000
69.622020 78.962058 9.403955 0.202638
73.503396 78.962058 10.125866 -0.194240
77.384772 78.962058 10.099088 0.404049
81.266148 78.962058 9.901567 -1.192047
85.147524 78.962058 9.943613 -0.647292
89.028900 78.962058 9.909710 -0.515244
92.910276 78.962058 9.756600 -0.586231
96.791652 78.962058 10.072051 -0.311777
100.673028 78.962058 9.864171 0.573999
104.554404 78.962058 9.424875 -0.363958
108.435780 78.962058 9.845722 0.408001
112.317156 78.962058 8.410426 0.764840
116.198532 78.962058 9.372930 -0.387506
120.079908 78.962058 10.347679 0.129664
123.961284 78.962058 9.592099 0.224554
127.842660 78.962058 9.772135 -0.131040
131.724036 78.962058 9.690299 0.558960
135.605412 78.962058 9.248443 -0.257362
139.486788 78.962058 9.557771 -0.296358
-54.582013 75.080682 0.000000 0.000000
-50.700637 75.080682 9.977177 0.500014
-46.819261 75.080682 10.508700 0.390074
-42.937885 75.080682 10.171735 0.952827
-39.056509 75.080682 10.403416 0.447174
-35.175133 75.080682 0.000000 0.000000
-31.293757 75.080682 0.000000 0.000000
-27.412381 75.080682 0.000000 0.000000
-23.531005 75.080682 0.000000 0.000000
-19.649629 75.080682 0.000000 0.000000
-15.768253 75.080682 10.522245 0.106067
-11.886877 75.080682 10.376120 0.592015
-8.005501 75.080682 10.049524 0.439927
-4.124125 75.080682 10.257907 -0.780019
-0.242749 75.080682 10.317502 -0.008125
3.638627 75.080682 10.585891 0.158490
7.520003 75.080682 10.423685 0.421180
11.401379 75.080682 10.204147 0.657267
15.282755 75.080682 10.339885 0.556782
19.164131 75.080682 10.357964 0.637305
23.045507 75.080682 10.298676 -0.162778
26.926883 75.080682 10.351445 -0.456237
30.808259 75.080682 10.255386 -0.181005
34.689635 75.080682 10.370737 -0.104293
38.571011 75.080682 10.599382 0.290703
42.452387 75.080682 9.834411 -0.633169
46.333763 75.080682 10.437639 -0.438648
50.215140 75.080682 9.533791 0.165944
54.096516 75.080682 11.177244 -0.539158
57.977892 75.080682 10.250985 -0.042702
61.859268 75.080682 0.000000 0.000000
65.740644 75.080682 0.000000 0.000000
69.622020 75.080682 9.367655 -0.160893
73.503396 75.080682 10.262177 -0.927513
77.384772 75.080682 10.225845 0.214557
81.266148 75.080682 10.310756 -0.236819
85.147524 75.080682 10.230046 -0.856329
89.028900 75.080682 9.371893 -0.201370
92.910276 75.080682 10.633944 0.222222
96.791652 75.080682 10.498154 -0.846851
100.673028 75.080682 9.556293 0.181823
104.554404 75.080682 9.702737 0.213974
108.435780 75.080682 9.649817 0.348128
112.317156 75.080682 9.950735 -0.376665
116.198532 75.080682 10.042719 0.143360
120.079908 75.080682 10.197420 0.009590
123.961284 75.080682 9.809693 -0.112145
127.842660 75.080682 10.380654 0.621336
131.724036 75.080682 9.646898 0.543511
135.605412 75.080682 10.294756 -0.452753
139.486788 75.080682 10.252308 0.592097
-54.582013 71.199306 0.000000 0.000000
-50.700637 71.199306 9.269915 0.499315
-46.819261 71.199306 0.000000 0.000000
-42.937885 71.199306 10.275311 0.472076
-39.056509 71.199306 9.292772 0.996800
-35.175133 71.199306 0.000000 0.000000
-31.293757 71.199306 0.000000 0.000000
-27.412381 71.199306 0.000000 0.000000
-23.531005 71.199306 0.000000 0.000000
-19.649629 71.199306 0.000000 0.000000
-15.768253 71.199306 10.503678 0.198109
-11.886877 71.199306 10.639199 0.271706
-8.005501 71.199306 10.173600 0.496149
-4.124125 71.199306 11.205635 0.209015
-0.242749 71.199306 11.293531 -0.067675
3.638627 71.199306 10.806507 0.892979
7.520003 71.199306 10.650474 0.396891
11.401379 71.199306 10.665524 -0.011384
15.282755 71.199306 10.383399 -0.241625
19.164131 71.199306 10.338796 -0.293203
23.045507 71.199306 10.393683 -0.945686
26.926883 71.199306 10.385898 -0.007024
30.808259 71.199306 10.338558 -0.465309
34.689635 71.199306 10.462644 -0.533977
38.571011 71.199306 10.803596 -0.308981
42.452387 71.199306 10.203321 -0.549757
46.333763 71.199306 10.459923 0.157836
50.215140 71.199306 10.284019 -0.286845
54.096516 71.199306 10.082048 -0.654177
57.977892 71.199306 10.274184 -0.323605
61.859268 71.199306 0.000000 0.000000
65.740644 71.199306 0.000000 0.000000
69.622020 71.199306 10.380922 -0.227923
73.503396 71.199306 10.347947 -0.112716
77.384772 71.199306 9.994210 0.064208
81.266148 71.199306 10.306780 -0.305049
85.147524 71.199306 10.176358 0.387440
89.028900 71.199306 9.926407 0.580353
92.910276 71.199306 9.220361 -0.799161
96.791652 71.199306 9.898129 -0.582689
100.673028 71.199306 9.845170 -0.290501
104.554404 71.199306 9.745021 -0.412754
108.435780 71.199306 9.934190 0.419513
112.317156 71.199306 9.455832 -0.290828
116.198532 71.199306 10.307240 0.153948
120.079908 71.199306 10.474418 -0.399416
123.961284 71.199306 9.610727 0.413417
127.842660 71.199306 9.975592 0.018195
131.724036 71.199306 9.725773 -0.082354
135.605412 71.199306 10.062146 -0.117607
139.486788 71.199306 9.309294 0.009877
-54.582013 67.317930 9.546432 2.661727
-50.700637 67.317930 0.000000 0.000000
-46.819261 67.317930 9.535225 1.362834
-42.937885 67.317930 9.871265 1.092247
-39.056509 67.317930 10.009430 0.996094
-35.175133 67.317930 0.000000 0.000000
-31.293757 67.317930 0.000000 0.000000
-27.412381 67.317930 0.000000 0.000000
-23.531005 67.317930 0.000000 0.000000
-19.649629 67.317930 10.507923 0.248096
-15.768253 67.317930 10.516187 0.499001
-11.886877 67.317930 10.776577 0.860494
-8.005501 67.317930 10.721528 0.254680
-4.124125 67.317930 10.630328 1.660525
-0.242749 67.317930 11.493755 -0.600973
3.638627 67.317930 10.774241 0.222324
7.520003 67.317930 11.176303 0.239522
11.401379 67.317930 10.634729 0.065256
15.282755 67.317930 10.573428 0.313156
19.164131 67.317930 10.423595 0.371479
23.045507 67.317930 10.539275 -0.553704
26.926883 67.317930 10.597033 -0.396145
30.808259 67.317930 9.964206 -0.028727
34.689635 67.317930 10.038765 0.570319
38.571011 67.317930 10.048111 -0.360712
42.452387 67.317930 10.288914 -0.451590
46.333763 67.317930 10.080722 -0.776899
50.215140 67.317930 10.332497 -0.682642
54.096516 67.317930 10.089399 -0.331324
57.977892 67.317930 9.853893 -0.426737
61.859268 67.317930 0.000000 0.000000
65.740644 67.317930 0.000000 0.000000
69.622020 67.317930 10.546429 -0.154696
73.503396 67.317930 9.615657 -0.582331
77.384772 67.317930 9.612085 0.298135
81.266148 67.317930 9.980178 -0.358178
85.147524 67.317930 9.962648 -0.311314
89.028900 67.317930 9.780898 -1.498417
92.910276 67.317930 9.977127 -0.409992
96.791652 67.317930 9.979944 -0.178938
100.673028 67.317930 10.001364 -0.127192
104.554404 67.317930 10.194067 0.337686
108.435780 67.317930 10.351026 -0.350662
112.317156 67.317930 9.800588 0.004477
116.198532 67.317930 10.098120 -0.090701
120.079908 67.317930 9.852264 0.529307
123.961284 67.317930 10.111587 -0.262228
127.842660 67.317930 9.841762 -0.101039
131.724036 67.317930 9.801550 -0.428332
135.605412 67.317930 9.689142 0.286020
139.486788 67.317930 9.851885 0.590451
-54.582013 63.436554 10.039552 0.825990
-50.700637 63.436554 9.737177 0.904983
-46.819261 63.436554 10.853980 0.711804
-42.937885 63.436554 10.027558 0.990810
-39.056509 63.436554 10.589099 0.688649
-35.175133 63.436554 0.000000 0.000000
-31.293757 63.436554 0.000000 0.000000
-27.412381 63.436554 0.000000 0.000000
-23.531005 63.436554 0.000000 0.000000
-19.649629 63.436554 10.474985 0.591071
-15.768253 63.436554 10.890036 0.579325
-11.886877 63.436554 10.331392 0.483764
-8.005501 63.436554 10.990336 0.166814
-4.124125 63.436554 0.000000 0.000000
-0.242749 63.436554 10.929402 0.623067
3.638627 63.436554 10.919794 0.645999
7.520003 63.436554 11.524081 0.591295
11.401379 63.436554 10.376487 -0.486642
15.282755 63.436554 10.466296 -0.366998
19.164131 63.436554 10.388165 0.542625
23.045507 63.436554 10.455105 -0.383816
26.926883 63.436554 10.590956 -0.561374
30.808259 63.436554 10.832745 -0.504997
34.689635 63.436554 10.060231 -0.339381
38.571011 63.436554 10.250905 0.075913
42.452387 63.436554 10.317412 -0.655700
46.333763 63.436554 10.392567 -0.411415
50.215140 63.436554 9.604037 -0.860664
54.096516 63.436554 10.368981 -0.354999
57.977892 63.436554 10.286677 -0.843179
61.859268 63.436554 0.000000 0.000000
65.740644 63.436554 0.000000 0.000000
69.622020 63.436554 9.934886 -0.580130
73.503396 63.436554 9.999445 -0.355563
77.384772 63.436554 9.553791 -0.529374
81.266148 63.436554 10.063303 0.253375
85.147524 63.436554 9.741125 -0.010067
89.028900 63.436554 10.021454 0.158924
92.910276 63.436554 9.393249 -0.127164
96.791652 63.436554 9.911625 -0.373245
100.673028 63.436554 9.989410 -0.059182
104.554404 63.436554 10.153914 0.232542
108.435780 63.436554 9.547533 0.170823
112.317156 63.436554 10.067390 -0.608828
116.198532 63.436554 9.803204 -0.519602
120.079908 63.436554 9.954116 0.011936
123.961284 63.436554 9.491469 0.036016
127.842660 63.436554 10.231956 -0.111447
131.724036 63.436554 9.669944 0.231994
135.605412 63.436554 9.216946 -0.571419
139.486788 63.436554 9.468810 0.099919
-54.582013 59.555178 8.339637 1.777225
-50.700637 59.555178 9.829926 0.932377
-46.819261 59.555178 10.042374 0.595732
-42.937885 59.555178 9.904466 0.749034
-39.056509 59.555178 9.894154 0.894873
-35.175133 59.555178 0.000000 0.000000
-31.293757 59.555178 0.000000 0.000000
-27.412381 59.555178 0.000000 0.000000
-23.531005 59.555178 0.000000 0.000000
-19.649629 59.555178 10.377789 0.723748
-15.768253 59.555178 11.272429 0.143548
-11.886877 59.555178 10.956609 0.633306
-8.005501 59.555178 10.547181 0.250610
-4.124125 59.555178 11.062470 0.653695
-0.242749 59.555178 10.566683 0.133149
3.638627 59.555178 10.843066 0.006390
7.520003 59.555178 10.810595 0.616459
11.401379 59.555178 10.835155 0.185273
15.282755 59.555178 10.872386 -0.112420
19.164131 59.555178 10.553662 -0.230073
23.045507 59.555178 10.511036 0.115881
26.926883 59.555178 10.081579 -0.560405
30.808259 59.555178 10.755737 -0.422297
34.689635 59.555178 10.140074 -0.499530
38.571011 59.555178 10.835010 -0.700465
42.452387 59.555178 10.313551 -0.316955
46.333763 59.555178 10.583920 -0.520360
50.215140 59.555178 10.124487 -0.325740
54.096516 59.555178 10.536493 -0.312622
57.977892 59.555178 10.337031 -0.729044
61.859268 59.555178 0.000000 0.000000
65.740644 59.555178 0.000000 0.000000
69.622020 59.555178 9.645446 -0.611180
73.503396 59.555178 10.119182 -0.520768
77.384772 59.555178 9.800843 -0.336304
81.266148 59.555178 9.527181 -0.107703
85.147524 59.555178 9.798441 -0.236421
89.028900 59.555178 10.042988 -0.181651
92.910276 59.555178 9.939260 -0.562037
96.791652 59.555178 9.207260 0.128247
100.673028 59.555178 10.128145 -0.626319
104.554404 59.555178 9.534772 -0.282351
108.435780 59.555178 9.594275 0.235154
112.317156 59.555178 10.042586 0.237050
116.198532 59.555178 9.836221 -0.518013
120.079908 59.555178 9.440141 -0.808609
123.961284 59.555178 9.620025 0.391194
127.842660 59.555178 9.911240 -0.077821
131.724036 59.555178 9.980042 0.330240
135.605412 59.555178 0.000000 0.000000
139.486788 59.555178 9.920216 -0.123114
-54.582013 55.673802 9.756433 1.020533
-50.700637 55.673802 0.000000 0.000000
-46.819261 55.673802 9.575115 0.715208
-42.937885 55.673802 9.718820 0.917526
-39.056509 55.673802 9.772403 1.203702
-35.175133 55.673802 0.000000 0.000000
-31.293757 55.673802 0.000000 0.000000
-27.412381 55.673802 0.000000 0.000000
-23.531005 55.673802 10.643826 0.819874
-19.649629 55.673802 11.024702 0.769524
-15.768253 55.673802 10.880825 0.740449
-11.886877 55.673802 11.089245 0.386908
-8.005501 55.673802 10.882889 0.361984
-4.124125 55.673802 10.961122 0.383435
-0.242749 55.673802 11.171062 0.248425
3.638627 55.673802 10.848301 -0.112412
7.520003 55.673802 11.112282 -0.392453
11.401379 55.673802 10.614553 -0.073097
15.282755 55.673802 10.818207 -0.287171
19.164131 55.673802 10.630624 -0.454398
23.045507 55.673802 10.681172 -0.118373
26.926883 55.673802 10.613594 -0.504188
30.808259 55.673802 10.565991 -0.452532
34.689635 55.673802 10.587822 -0.785524
38.571011 55.673802 10.518673 -0.429552
42.452387 55.673802 10.364697 -0.844707
46.333763 55.673802 10.194629 -0.668977
50.215140 55.673802 10.351933 -0.617466
54.096516 55.673802 10.512671 -0.397797
57.977892 55.673802 10.237693 -0.551651
61.859268 55.673802 0.000000 0.000000
65.740644 55.673802 0.000000 0.000000
69.622020 55.673802 10.201230 -0.467719
73.503396 55.673802 9.445542 -0.468643
77.384772 55.673802 9.902905 -0.392291
81.266148 55.673802 9.632446 -0.321490
85.147524 55.673802 9.459420 -0.225566
89.028900 55.673802 10.236435 0.055989
92.910276 55.673802 9.916752 -0.034710
96.791652 55.673802 9.573576 0.078476
100.673028 55.673802 10.028817 -0.209703
104.554404 55.673802 9.907569 0.339540
108.435780 55.673802 10.150404 -0.416966
112.317156 55.673802 10.328279 -0.193538
116.198532 55.673802 9.976696 0.026156
120.079908 55.673802 10.106858 -0.831630
123.961284 55.673802 9.948064 0.357178
127.842660 55.673802 9.827747 -0.272113
131.724036 55.673802 10.247095 -0.263316
135.605412 55.673802 10.470944 -0.038095
139.486788 55.673802 9.242625 -0.262009
-54.582013 51.792426 9.960196 1.482551
-50.700637 51.792426 9.178366 0.755868
-46.819261 51.792426 10.019875 0.810907
-42.937885 51.792426 9.288710 1.169683
-39.056509 51.792426 9.640840 1.162127
-35.175133 51.792426 0.000000 0.000000
-31.293757 51.792426 0.000000 0.000000
-27.412381 51.792426 0.000000 0.000000
-23.531005 51.792426 10.727797 1.153824
-19.649629 51.792426 10.727759 0.900764
-15.768253 51.792426 10.847551 0.831119
-11.886877 51.792426 11.474637 0.776640
-8.005501 51.792426 11.624011 0.154050
-4.124125 51.792426 11.484055 0.223049
-0.242749 51.792426 11.013863 0.087491
3.638627 51.792426 11.244375 -0.067271
7.520003 51.792426 10.816816 0.018162
11.401379 51.792426 10.854698 -0.446204
15.282755 51.792426 10.964910 -0.249409
19.164131 51.792426 10.988103 -0.206796
23.045507 51.792426 10.737275 -0.084209
26.926883 51.792426 10.710513 -0.420128
30.808259 51.792426 10.647078 -0.198028
34.689635 51.792426 10.776777 -0.463679
38.571011 51.792426 10.482759 -0.196936
42.452387 51.792426 10.567990 -0.134293
46.333763 51.792426 10.191436 -0.871952
50.215140 51.792426 10.307656 -0.480120
54.096516 51.792426 10.400010 -0.944534
57.977892 51.792426 10.532578 -0.679155
61.859268 51.792426 0.000000 0.000000
65.740644 51.792426 0.000000 0.000000
69.622020 51.792426 10.343434 0.226797
73.503396 51.792426 9.323227 -0.322862
77.384772 51.792426 9.511196 -0.401199
81.266148 51.792426 9.668864 -0.605754
85.147524 51.792426 9.884798 0.112216
89.028900 51.792426 9.981652 -0.297588
92.910276 51.792426 10.153769 -0.288621
96.791652 51.792426 9.916795 0.322800
100.673028 51.792426 10.219941 0.423597
104.554404 51.792426 9.442482 -0.258308
108.435780 51.792426 10.100852 0.605874
112.317156 51.792426 9.879514 0.090483
116.198532 51.792426 10.237595 0.024046
120.079908 51.792426 10.296412 0.054589
123.961284 51.792426 9.567040 -0.224361
127.842660 51.792426 9.955655 -0.248363
131.724036 51.792426 9.910977 -0.179182
135.605412 51.792426 10.156178 -0.031399
139.486788 51.792426 9.766983 -0.204544
-54.582013 47.911049 0.000000 0.000000
-50.700637 47.911049 9.614824 -0.464518
-46.819261 47.911049 8.855411 0.723635
-42.937885 47.911049 9.249269 1.526689
-39.056509 47.911049 9.741825 1.444193
-35.175133 47.911049 0.000000 0.000000
-31.293757 47.911049 0.000000 0.000000
-27.412381 47.911049 0.000000 0.000000
-23.531005 47.911049 11.005759 1.447235
-19.649629 47.911049 11.219763 1.143874
-15.768253 47.911049 10.933835 0.817151
-11.886877 47.911049 11.752773 0.604495
-8.005501 47.911049 11.415542 0.416669
-4.124125 47.911049 11.737137 0.530517
-0.242749 47.911049 11.440611 -0.351564
3.638627 47.911049 11.113407 -0.090943
7.520003 47.911049 10.772299 -0.321383
11.401379 47.911049 10.942721 -0.243659
15.282755 47.911049 10.895758 -0.530554
19.164131 47.911049 10.959555 -0.439612
23.045507 47.911049 10.891347 -0.630067
26.926883 47.911049 10.692573 -0.622227
30.808259 47.911049 10.400263 -0.415631
34.689635 47.911049 10.375388 -0.645766
38.571011 47.911049 10.499962 -0.852302
42.452387 47.911049 10.137300 -0.589259
46.333763 47.911049 10.425739 -0.642529
50.215140 47.911049 10.518905 -0.470938
54.096516 47.911049 10.439176 -0.680512
57.977892 47.911049 10.337966 -0.725655
61.859268 47.911049 0.000000 0.000000
65.740644 47.911049 0.000000 0.000000
69.622020 47.911049 9.733364 -0.547140
73.503396 47.911049 9.870960 -0.743479
77.384772 47.911049 9.222455 -0.581464
81.266148 47.911049 9.501824 -0.161577
85.147524 47.911049 10.096022 -0.269266
89.028900 47.911049 10.230741 -0.099915
92.910276 47.911049 9.937151 -0.064094
96.791652 47.911049 10.138905 -0.253130
100.673028 47.911049 9.726898 -0.276765
104.554404 47.911049 9.223500 0.483300
108.435780 47.911049 9.771234 0.637988
112.317156 47.911049 10.282263 -0.274076
116.198532 47.911049 9.889221 -0.350921
120.079908 47.911049 9.521625 -0.716315
123.961284 47.911049 9.922958 -0.373968
127.842660 47.911049 9.445435 -0.192825
131.724036 47.911049 10.366607 0.043028
135.605412 47.911049 10.259989 0.106007
139.486788 47.911049 10.063908 -0.686331
-54.582013 44.029673 9.521359 0.211077
-50.700637 44.029673 0.000000 0.000000
-46.819261 44.029673 9.044200 1.192724
-42.937885 44.029673 9.033875 0.884172
-39.056509 44.029673 9.624430 1.488626
-35.175133 44.029673 0.000000 0.000000
-31.293757 44.029673 0.000000 0.000000
-27.412381 44.029673 11.021331 2.201127
-23.531005 44.029673 11.631522 1.840409
-19.649629 44.029673 11.582294 1.102338
-15.768253 44.029673 11.868475 1.007946
-11.886877 44.029673 11.903662 0.630749
-8.005501 44.029673 11.519279 0.445254
-4.124125 44.029673 11.260468 -0.155120
-0.242749 44.029673 11.367094 0.016182
3.638627 44.029673 11.068214 -0.254848
7.520003 44.029673 10.867188 -0.222261
11.401379 44.029673 10.951843 -0.578453
15.282755 44.029673 10.638323 -0.525038
19.164131 44.029673 11.502927 -0.804479
23.045507 44.029673 10.979333 0.022732
26.926883 44.029673 10.763017 -0.824554
30.808259 44.029673 10.635479 -1.004802
34.689635 44.029673 10.524479 -0.384257
38.571011 44.029673 10.565137 -0.602365
42.452387 44.029673 10.428920 -0.595104
46.333763 44.029673 10.145249 -0.712163
50.215140 44.029673 10.278444 -0.926860
54.096516 44.029673 10.637348 -0.717777
57.977892 44.029673 10.304358 -1.024212
61.859268 44.029673 0.000000 0.000000
65.740644 44.029673 0.000000 0.000000
69.622020 44.029673 9.988775 -0.949705
73.503396 44.029673 9.382535 -0.870973
77.384772 44.029673 9.169924 -0.343374
81.266148 44.029673 9.224741 0.472909
85.147524 44.029673 9.505668 0.582264
89.028900 44.029673 10.562867 0.107376
92.910276 44.029673 10.385305 -0.816753
96.791652 44.029673 8.964134 -0.739206
100.673028 44.029673 9.286788 -0.676671
104.554404 44.029673 9.172838 -0.473256
108.435780 44.029673 9.345976 1.510479
112.317156 44.029673 10.069595 -0.855341
116.198532 44.029673 9.854526 -1.159487
120.079908 44.029673 9.563076 -0.873083
123.961284 44.029673 9.144490 -0.871113
127.842660 44.029673 8.973324 -0.188576
131.724036 44.029673 9.910098 0.560871
135.605412 44.029673 9.850395 0.681396
139.486788 44.029673 10.219216 -0.651929
-54.582013 40.148297 0.000000 0.000000
-50.700637 40.148297 9.685641 0.690185
-46.819261 40.148297 8.659937 0.920221
-42.937885 40.148297 8.577821 0.925799
-39.056509 40.148297 8.305089 1.789201
-35.175133 40.148297 0.000000 0.000000
-31.293757 40.148297 0.000000 0.000000
-27.412381 40.148297 0.000000 0.000000
-23.531005 40.148297 0.000000 0.000000
-19.649629 40.148297 0.000000 0.000000
-15.768253 40.148297 0.000000 0.000000
-11.886877 40.148297 0.000000 0.000000
-8.005501 40.148297 0.000000 0.000000
-4.124125 40.148297 0.000000 0.000000
-0.242749 40.148297 0.000000 0.000000
3.638627 40.148297 0.000000 0.000000
7.520003 40.148297 0.000000 0.000000
11.401379 40.148297 0.000000 0.000000
15.282755 40.148297 0.000000 0.000000
19.164131 40.148297 0.000000 0.000000
23.045507 40.148297 0.000000 0.000000
26.926883 40.148297 0.000000 0.000000
30.808259 40.148297 0.000000 0.000000
34.689635 40.148297 0.000000 0.000000
38.571011 40.148297 0.000000 0.000000
42.452387 40.148297 10.217340 -0.634335
46.333763 40.148297 9.098289 -0.178439
50.215140 40.148297 9.961414 -1.441033
54.096516 40.148297 9.915102 -0.996450
57.977892 40.148297 10.865825 -0.508747
61.859268 40.148297 9.403504 -2.089471
65.740644 40.148297 0.000000 0.000000
69.622020 40.148297 11.048957 -0.541083
73.503396 40.148297 9.445190 -2.035252
77.384772 40.148297 8.887478 -1.034511
81.266148 40.148297 6.614876 -0.054735
85.147524 40.148297 7.461097 3.067410
89.028900 40.148297 9.295826 1.329380
92.910276 40.148297 9.989827 -1.983742
96.791652 40.148297 9.190763 -1.315176
100.673028 40.148297 7.789951 -0.469080
104.554404 40.148297 7.059375 1.757307
108.435780 40.148297 8.773399 1.512216
112.317156 40.148297 10.624889 -0.310799
116.198532 40.148297 9.502522 -1.680867
120.079908 40.148297 9.771006 -1.412224
123.961284 40.148297 8.859131 -0.418233
127.842660 40.148297 9.001444 1.843158
131.724036 40.148297 9.707148 2.277928
135.605412 40.148297 11.066234 0.252037
139.486788 40.148297 9.428539 -1.211582
-54.582013 36.266921 9.383276 -0.055681
-50.700637 36.266921 4.371278 1.498888
-46.819261 36.266921 0.000000 0.000000
-42.937885 36.266921 6.744819 -0.113465
-39.056509 36.266921 7.633245 1.683577
-35.175133 36.266921 0.000000 0.000000
-31.293757 36.266921 0.000000 0.000000
-27.412381 36.266921 0.000000 0.000000
-23.531005 36.266921 0.000000 0.000000
-19.649629 36.266921 0.000000 0.000000
-15.768253 36.266921 0.000000 0.000000
-11.886877 36.266921 0.000000 0.000000
-8.005501 36.266921 0.000000 0.000000
-4.124125 36.266921 0.000000 0.000000
-0.242749 36.266921 0.000000 0.000000
3.638627 36.266921 0.000000 0.000000
7.520003 36.266921 0.000000 0.000000
11.401379 36.266921 0.000000 0.000000
15.282755 36.266921 0.000000 0.000000
19.164131 36.266921 0.000000 0.000000
23.045507 36.266921 0.000000 0.000000
26.926883 36.266921 0.000000 0.000000
30.808259 36.266921 0.000000 0.000000
34.689635 36.266921 0.000000 0.000000
38.571011 36.266921 0.000000 0.000000
42.452387 36.266921 0.000000 0.000000
46.333763 36.266921 0.000000 0.000000
50.215140 36.266921 0.000000 0.000000
54.096516 36.266921 0.000000 0.000000
57.977892 36.266921 0.000000 0.000000
61.859268 36.266921 0.000000 0.000000
65.740644 36.266921 0.000000 0.000000
69.622020 36.266921 0.000000 0.000000
73.503396 36.266921 7.964656 -2.163314
77.384772 36.266921 7.894092 -2.048707
81.266148 36.266921 0.000000 0.000000
85.147524 36.266921 7.343091 2.781897
89.028900 36.266921 7.164512 2.156523
92.910276 36.266921 8.574193 -1.478157
96.791652 36.266921 9.086416 -1.852885
100.673028 36.266921 8.972134 -1.492056
104.554404 36.266921 9.742553 2.336476
108.435780 36.266921 8.185926 2.298045
112.317156 36.266921 7.234731 1.060447
116.198532 36.266921 9.020136 -1.304428
120.079908 36.266921 9.636106 -1.125587
123.961284 36.266921 8.890526 -1.120378
127.842660 36.266921 9.284663 2.268867
131.724036 36.266921 9.278117 1.830000
135.605412 36.266921 8.776098 0.074258
139.486788 36.266921 8.953431 -1.144602
-54.582013 32.385545 20.724749 0.452777
-50.700637 32.385545 1.341020 -3.288520
-46.819261 32.385545 0.000000 0.000000
-42.937885 32.385545 0.000000 0.000000
-39.056509 32.385545 0.000000 0.000000
-35.175133 32.385545 0.000000 0.000000
-31.293757 32.385545 0.000000 0.000000
-27.412381 32.385545 0.000000 0.000000
-23.531005 32.385545 0.000000 0.000000
-19.649629 32.385545 0.000000 0.000000
-15.768253 32.385545 0.000000 0.000000
-11.886877 32.385545 0.000000 0.000000
-8.005501 32.385545 0.000000 0.000000
-4.124125 32.385545 0.000000 0.000000
-0.242749 32.385545 0.000000 0.000000
3.638627 32.385545 0.000000 0.000000
7.520003 32.385545 0.000000 0.000000
11.401379 32.385545 0.000000 0.000000
15.282755 32.385545 0.000000 0.000000
19.164131 32.385545 0.000000 0.000000
23.045507 32.385545 0.000000 0.000000
26.926883 32.385545 0.000000 0.000000
30.808259 32.385545 0.000000 0.000000
34.689635 32.385545 0.000000 0.000000
38.571011 32.385545 0.000000 0.000000
42.452387 32.385545 0.000000 0.000000
46.333763 32.385545 0.000000 0.000000
50.215140 32.385545 0.000000 0.000000
54.096516 32.385545 0.000000 0.000000
57.977892 32.385545 0.000000 0.000000
61.859268 32.385545 0.000000 0.000000
65.740644 32.385545 0.000000 0.000000
69.622020 32.385545 0.000000 0.000000
73.503396 32.385545 0.000000 0.000000
77.384772 32.385545 9.070660 -0.870691
81.266148 32.385545 10.161466 -0.966282
85.147524 32.385545 9.558893 2.063118
89.028900 32.385545 8.455875 1.349286
92.910276 32.385545 8.393871 -0.868588
96.791652 32.385545 9.643462 0.046447
100.673028 32.385545 10.137008 -1.215595
104.554404 32.385545 10.249819 0.707610
108.435780 32.385545 9.402641 1.304974
112.317156 32.385545 8.759244 0.375595
116.198532 32.385545 9.026874 -0.762390
120.079908 32.385545 9.974228 -0.614567
123.961284 32.385545 10.935936 -0.491837
127.842660 32.385545 10.620960 1.310405
131.724036 32.385545 9.270846 0.877262
135.605412 32.385545 9.081382 0.683496
139.486788 32.385545 8.981902 -0.450789
-54.582013 28.504169 12.498149 7.263502
-50.700637 28.504169 0.164866 1.964530
-46.819261 28.504169 0.000000 0.000000
-42.937885 28.504169 0.000000 0.000000
-39.056509 28.504169 0.000000 0.000000
-35.175133 28.504169 0.000000 0.000000
-31.293757 28.504169 0.000000 0.000000
-27.412381 28.504169 0.000000 0.000000
-23.531005 28.504169 0.000000 0.000000
-19.649629 28.504169 0.000000 0.000000
-15.768253 28.504169 0.000000 0.000000
-11.886877 28.504169 0.000000 0.000000
-8.005501 28.504169 0.000000 0.000000
-4.124125 28.504169 0.000000 0.000000
-0.242749 28.504169 0.000000 0.000000
3.638627 28.504169 0.000000 0.000000
7.520003 28.504169 0.000000 0.000000
11.401379 28.504169 0.000000 0.000000
15.282755 28.504169 0.000000 0.000000
19.164131 28.504169 0.000000 0.000000
23.045507 28.504169 0.000000 0.000000
26.926883 28.504169 0.000000 0.000000
30.808259 28.504169 0.000000 0.000000
34.689635 28.504169 0.000000 0.000000
38.571011 28.504169 0.000000 0.000000
42.452387 28.504169 0.000000 0.000000
46.333763 28.504169 0.000000 0.000000
50.215140 28.504169 0.000000 0.000000
54.096516 28.504169 0.000000 0.000000
57.977892 28.504169 0.000000 0.000000
61.859268 28.504169 0.000000 0.000000
65.740644 28.504169 0.000000 0.000000
69.622020 28.504169 0.000000 0.000000
73.503396 28.504169 0.000000 0.000000
77.384772 28.504169 0.000000 0.000000
81.266148 28.504169 8.541564 0.538955
85.147524 28.504169 10.465019 0.112842
89.028900 28.504169 9.305219 0.339940
92.910276 28.504169 9.192688 -0.578921
96.791652 28.504169 9.498160 -0.257822
100.673028 28.504169 10.083095 -0.248409
104.554404 28.504169 10.154118 0.103889
108.435780 28.504169 10.174486 0.405061
112.317156 28.504169 9.247496 -0.226201
116.198532 28.504169 9.362337 -0.194050
120.079908 28.504169 10.133395 -0.093883
123.961284 28.504169 10.456527 0.419124
127.842660 28.504169 10.037266 0.545250
131.724036 28.504169 9.717043 0.261534
135.605412 28.504169 9.278860 0.207462
139.486788 28.504169 9.478816 -0.057266
-54.582013 24.622793 -20.922684 7.544090
-50.700637 24.622793 15.673959 6.188117
-46.819261 24.622793 12.830938 -12.244820
-42.937885 24.622793 0.000000 0.000000
-39.056509 24.622793 0.000000 0.000000
-35.175133 24.622793 0.000000 0.000000
-31.293757 24.622793 0.000000 0.000000
-27.412381 24.622793 0.000000 0.000000
-23.531005 24.622793 0.000000 0.000000
-19.649629 24.622793 0.000000 0.000000
-15.768253 24.622793 0.000000 0.000000
-11.886877 24.622793 0.000000 0.000000
-8.005501 24.622793 0.000000 0.000000
-4.124125 24.622793 0.000000 0.000000
-0.242749 24.622793 0.000000 0.000000
3.638627 24.622793 0.000000 0.000000
7.520003 24.622793 0.000000 0.000000
11.401379 24.622793 0.000000 0.000000
15.282755 24.622793 0.000000 0.000000
19.164131 24.622793 0.000000 0.000000
23.045507 24.622793 0.000000 0.000000
26.926883 24.622793 0.000000 0.000000
30.808259 24.622793 0.000000 0.000000
34.689635 24.622793 0.000000 0.000000
38.571011 24.622793 0.000000 0.000000
42.452387 24.622793 0.000000 0.000000
46.333763 24.622793 0.000000 0.000000
50.215140 24.622793 0.000000 0.000000
54.096516 24.622793 0.000000 0.000000
57.977892 24.622793 0.000000 0.000000
61.859268 24.622793 0.000000 0.000000
65.740644 24.622793 0.000000 0.000000
69.622020 24.622793 9.360863 0.686849
73.503396 24.622793 9.616549 0.509997
77.384772 24.622793 9.481827 0.315912
81.266148 24.622793 9.824801 0.486386
85.147524 24.622793 9.756187 0.340753
89.028900 24.622793 9.375863 0.154210
92.910276 24.622793 9.611610 0.027336
96.791652 24.622793 9.776105 -0.369295
100.673028 24.622793 9.709893 0.318198
104.554404 24.622793 9.605271 0.350259
108.435780 24.622793 9.827436 0.248582
112.317156 24.622793 9.800359 -0.022900
116.198532 24.622793 9.409273 -0.001416
120.079908 24.622793 10.168175 0.119044
123.961284 24.622793 10.157817 0.081143
127.842660 24.622793 10.144133 0.390528
131.724036 24.622793 9.544608 0.259407
135.605412 24.622793 9.879773 0.221949
139.486788 24.622793 9.841125 0.117941
-54.582013 20.741417 -1.287065 11.552076
-50.700637 20.741417 20.809771 14.577031
-46.819261 20.741417 12.827755 -10.644070
-42.937885 20.741417 9.448263 -0.360419
-39.056509 20.741417 0.000000 0.000000
-35.175133 20.741417 8.879456 -0.990140
-31.293757 20.741417 0.000000 0.000000
-27.412381 20.741417 0.000000 0.000000
-23.531005 20.741417 0.000000 0.000000
-19.649629 20.741417 0.000000 0.000000
-15.768253 20.741417 0.000000 0.000000
-11.886877 20.741417 0.000000 0.000000
-8.005501 20.741417 0.000000 0.000000
-4.124125 20.741417 0.000000 0.000000
-0.242749 20.741417 0.000000 0.000000
3.638627 20.741417 0.000000 0.000000
7.520003 20.741417 0.000000 0.000000
11.401379 20.741417 10.698326 0.257817
15.282755 20.741417 10.790433 0.504553
19.164131 20.741417 10.766073 0.645376
23.045507 20.741417 10.717195 0.688196
26.926883 20.741417 11.020954 0.376584
30.808259 20.741417 10.550772 0.250649
34.689635 20.741417 10.562315 0.489693
38.571011 20.741417 10.493280 0.154883
42.452387 20.741417 10.539843 0.722164
46.333763 20.741417 10.114508 0.551531
50.215140 20.741417 10.135863 0.746569
54.096516 20.741417 10.116032 0.770634
57.977892 20.741417 9.872559 0.782990
61.859268 20.741417 9.843594 0.727516
65.740644 20.741417 10.004870 0.863564
69.622020 20.741417 9.695074 0.555255
73.503396 20.741417 9.942531 0.288690
77.384772 20.741417 9.655354 0.402641
81.266148 20.741417 9.491040 0.561317
85.147524 20.741417 9.324072 0.472059
89.028900 20.741417 9.650325 0.385733
92.910276 20.741417 9.409813 0.271195
96.791652 20.741417 9.953635 0.053397
100.673028 20.741417 9.526264 -0.068459
104.554404 20.741417 9.934464 0.191655
108.435780 20.741417 10.031466 0.255473
112.317156 20.741417 9.504696 0.290359
116.198532 20.741417 9.652963 -0.067140
120.079908 20.741417 10.207587 0.006714
123.961284 20.741417 9.816267 -0.066360
127.842660 20.741417 9.913655 -0.063755
131.724036 20.741417 9.747408 0.067930
135.605412 20.741417 10.131742 0.503375
139.486788 20.741417 9.822065 -0.143141
-54.582013 16.860041 -7.706465 15.675385
-50.700637 16.860041 2.465963 12.056919
-46.819261 16.860041 10.789566 -0.606932
-42.937885 16.860041 0.000000 0.000000
-39.056509 16.860041 9.820813 -0.408186
-35.175133 16.860041 9.998532 -0.742997
-31.293757 16.860041 10.214136 -0.939467
-27.412381 16.860041 10.080756 -0.933628
-23.531005 16.860041 10.588867 -0.571140
-19.649629 16.860041 10.316320 -0.271718
-15.768253 16.860041 10.646556 -0.878180
-11.886877 16.860041 10.793136 -0.396460
-8.005501 16.860041 10.926019 -0.372728
-4.124125 16.860041 10.868533 -0.359080
-0.242749 16.860041 10.713906 -0.201080
3.638627 16.860041 10.845247 0.072148
7.520003 16.860041 10.819151 0.118069
11.401379 16.860041 10.805776 0.083387
15.282755 16.860041 10.736384 0.484111
19.164131 16.860041 10.610910 0.306763
23.045507 16.860041 10.447624 0.313285
26.926883 16.860041 10.700476 0.731265
30.808259 16.860041 10.644798 0.497122
34.689635 16.860041 10.588769 0.730731
38.571011 16.860041 10.325383 0.543285
42.452387 16.860041 10.383279 0.609223
46.333763 16.860041 10.150071 0.695131
50.215140 16.860041 10.253437 0.587209
54.096516 16.860041 10.311607 0.645368
57.977892 16.860041 9.940460 0.810438
61.859268 16.860041 10.121961 0.665494
65.740644 16.860041 9.929010 0.654807
69.622020 16.860041 9.696928 0.734013
73.503396 16.860041 9.958283 0.362132
77.384772 16.860041 9.787900 0.652539
81.266148 16.860041 9.771598 0.360460
85.147524 16.860041 9.701608 0.170169
89.028900 16.860041 9.519790 0.275711
92.910276 16.860041 9.891510 -0.062177
96.791652 16.860041 9.574261 0.192782
100.673028 16.860041 9.827065 0.331665
104.554404 16.860041 9.988643 0.346926
108.435780 16.860041 9.454438 0.208809
112.317156 16.860041 9.045828 -0.167251
116.198532 16.860041 9.785066 0.118342
120.079908 16.860041 10.001851 0.215405
123.961284 16.860041 9.999658 0.134484
127.842660 16.860041 10.008570 0.260427
131.724036 16.860041 9.925935 0.219030
135.605412 16.860041 10.089069 -0.110612
139.486788 16.860041 10.007416 0.143627
-54.582013 12.978665 -8.999985 -14.357367
-50.700637 12.978665 9.106197 -0.157708
-46.819261 12.978665 9.579548 -0.248118
-42.937885 12.978665 10.335692 -0.692476
-39.056509 12.978665 9.286810 -0.480132
-35.175133 12.978665 9.884456 -0.676910
-31.293757 12.978665 10.476568 -0.801163
-27.412381 12.978665 10.552376 -0.652088
-23.531005 12.978665 9.958428 -0.962517
-19.649629 12.978665 10.534072 -0.605242
-15.768253 12.978665 10.559415 -0.473085
-11.886877 12.978665 10.545734 -0.347455
-8.005501 12.978665 10.806252 -0.486412
-4.124125 12.978665 10.786145 -0.219787
-0.242749 12.978665 10.799706 -0.008108
3.638627 12.978665 10.724320 0.309178
7.520003 12.978665 10.657439 -0.030365
11.401379 12.978665 10.688495 0.367011
15.282755 12.978665 10.632799 0.340094
19.164131 12.978665 10.594494 0.171984
23.045507 12.978665 10.448775 0.516859
26.926883 12.978665 10.436007 0.409728
30.808259 12.978665 10.456946 0.285098
34.689635 12.978665 10.363444 0.548694
38.571011 12.978665 10.298384 0.245635
42.452387 12.978665 10.343161 0.448949
46.333763 12.978665 10.168320 0.616435
50.215140 12.978665 10.278441 0.636432
54.096516 12.978665 10.148254 0.602489
57.977892 12.978665 10.048256 0.581691
61.859268 12.978665 9.936095 0.656314
65.740644 12.978665 9.979935 0.644198
69.622020 12.978665 9.940078 0.568328
73.503396 12.978665 9.975122 0.499305
77.384772 12.978665 9.839996 0.426848
81.266148 12.978665 9.975375 0.483343
85.147524 12.978665 9.885767 0.391026
89.028900 12.978665 9.700441 0.091035
92.910276 12.978665 9.764432 0.539150
96.791652 12.978665 9.816813 0.211842
100.673028 12.978665 9.979456 0.360889
104.554404 12.978665 9.500042 0.199644
108.435780 12.978665 9.828050 0.112634
112.317156 12.978665 9.702743 0.141625
116.198532 12.978665 9.890203 0.132411
120.079908 12.978665 9.862070 0.078922
123.961284 12.978665 9.594919 0.108701
127.842660 12.978665 9.907812 0.138565
131.724036 12.978665 9.713135 -0.065171
135.605412 12.978665 10.133108 0.158802
139.486788 12.978665 9.784029 0.167260
-54.582013 9.097289 10.058763 -0.500779
-50.700637 9.097289 9.311113 -0.536077
-46.819261 9.097289 10.417854 -0.870544
-42.937885 9.097289 10.094233 -0.591878
-39.056509 9.097289 10.245201 -0.613638
-35.175133 9.097289 9.563323 -0.577600
-31.293757 9.097289 10.095954 0.017450
-27.412381 9.097289 10.080472 -0.528971
-23.531005 9.097289 10.106421 -0.520218
-19.649629 9.097289 10.379168 -0.244276
-15.768253 9.097289 10.558752 0.157153
-11.886877 9.097289 10.517393 -0.476122
-8.005501 9.097289 10.565979 -0.329423
-4.124125 9.097289 10.619674 -0.177086
-0.242749 9.097289 10.522665 -0.182891
3.638627 9.097289 10.626361 0.194018
7.520003 9.097289 10.736211 0.041854
11.401379 9.097289 10.575706 0.089803
15.282755 9.097289 10.738472 0.133710
19.164131 9.097289 10.649847 0.413106
23.045507 9.097289 10.486849 0.075157
26.926883 9.097289 10.458476 0.463646
30.808259 9.097289 10.690907 0.494236
34.689635 9.097289 10.248946 0.486991
38.571011 9.097289 10.303526 0.598340
42.452387 9.097289 10.324976 0.252925
46.333763 9.097289 10.192408 0.633223
50.215140 9.097289 10.208069 0.511409
54.096516 9.097289 10.212757 0.524728
57.977892 9.097289 10.095182 0.604662
61.859268 9.097289 9.785528 0.530853
65.740644 9.097289 9.966964 0.297153
69.622020 9.097289 9.956951 0.476517
73.503396 9.097289 9.910440 0.524210
77.384772 9.097289 9.919269 0.580275
81.266148 9.097289 9.636472 0.369545
85.147524 9.097289 9.657870 0.137307
89.028900 9.097289 9.812654 0.298306
92.910276 9.097289 9.927258 0.169771
96.791652 9.097289 9.840777 0.224744
100.673028 9.097289 9.819913 0.163528
104.554404 9.097289 9.866305 -0.300196
108.435780 9.097289 9.959502 0.347614
112.317156 9.097289 10.112478 0.379546
116.198532 9.097289 9.557487 0.452876
120.079908 9.097289 9.917619 0.030169
123.961284 9.097289 9.951309 0.087203
127.842660 9.097289 9.756270 0.237801
131.724036 9.097289 9.806460 0.100629
135.605412 9.097289 9.983691 0.230474
139.486788 9.097289 9.576014 0.335678
-54.582013 5.215913 9.865047 0.396106
-50.700637 5.215913 0.000000 0.000000
-46.819261 5.215913 9.478199 0.049715
-42.937885 5.215913 10.203000 0.506058
-39.056509 5.215913 10.363976 -0.997728
-35.175133 5.215913 10.229118 -0.272284
-31.293757 5.215913 9.877654 -0.617932
-27.412381 5.215913 10.196183 -0.545335
-23.531005 5.215913 10.255301 -0.211559
-19.649629 5.215913 10.091870 -0.228783
-15.768253 5.215913 10.414468 -0.458276
-11.886877 5.215913 10.508840 -0.350992
-8.005501 5.215913 10.659002 -0.139480
-4.124125 5.215913 10.692252 -0.058030
-0.242749 5.215913 10.661822 0.089704
3.638627 5.215913 10.677955 0.011646
7.520003 5.215913 10.589164 -0.005890
11.401379 5.215913 10.459340 0.295868
15.282755 5.215913 10.457104 0.092639
19.164131 5.215913 10.466604 0.067162
23.045507 5.215913 10.776620 0.354555
26.926883 5.215913 10.789495 0.526988
30.808259 5.215913 10.386854 0.535563
34.689635 5.215913 10.312289 0.529135
38.571011 5.215913 10.099005 0.361045
42.452387 5.215913 10.043530 0.283827
46.333763 5.215913 10.316435 0.432126
50.215140 5.215913 10.135379 0.467593
54.096516 5.215913 10.198034 0.515889
57.977892 5.215913 10.052004 -0.036036
61.859268 5.215913 10.121834 0.329745
65.740644 5.215913 9.901430 0.522228
69.622020 5.215913 9.874153 0.629837
73.503396 5.215913 9.684898 0.440157
77.384772 5.215913 9.691308 0.349093
81.266148 5.215913 9.886395 0.478129
85.147524 5.215913 9.872827 0.360568
89.028900 5.215913 9.835925 0.321668
92.910276 5.215913 9.933243 0.337779
96.791652 5.215913 9.748799 0.200838
100.673028 5.215913 9.856820 0.212518
104.554404 5.215913 9.954792 0.266920
108.435780 5.215913 9.816877 0.251023
112.317156 5.215913 9.909445 0.124217
116.198532 5.215913 9.657272 0.130286
120.079908 5.215913 10.007021 0.184765
123.961284 5.215913 10.007465 0.181738
127.842660 5.215913 9.954785 0.074944
131.724036 5.215913 10.114786 0.114360
135.605412 5.215913 9.726433 -0.014959
139.486788 5.215913 9.727537 0.155609
-54.582013 1.334537 0.000000 0.000000
-50.700637 1.334537 0.000000 0.000000
-46.819261 1.334537 9.724699 -0.086091
-42.937885 1.334537 9.742038 -0.259989
-39.056509 1.334537 9.912884 -0.407358
-35.175133 1.334537 10.126841 -0.338491
-31.293757 1.334537 10.439700 -0.283241
-27.412381 1.334537 10.368917 -0.257162
-23.531005 1.334537 10.334123 -0.358606
-19.649629 1.334537 10.380981 -0.114664
-15.768253 1.334537 10.082853 -0.422844
-11.886877 1.334537 10.435693 -0.440093
-8.005501 1.334537 10.343774 -0.055166
-4.124125 1.334537 10.285033 -0.302125
-0.242749 1.334537 10.520354 -0.126699
3.638627 1.334537 10.435931 0.069283
7.520003 1.334537 10.430403 -0.257711
11.401379 1.334537 10.497775 0.203543
15.282755 1.334537 10.565011 0.457583
19.164131 1.334537 10.275912 0.456780
23.045507 1.334537 10.262833 0.051918
26.926883 1.334537 10.385080 0.417242
30.808259 1.334537 10.217455 0.350454
34.689635 1.334537 10.276855 0.500053
38.571011 1.334537 10.183629 0.512249
42.452387 1.334537 9.947392 0.375476
46.333763 1.334537 9.462831 0.782919
50.215140 1.334537 10.228939 0.443144
54.096516 1.334537 10.207485 0.553742
57.977892 1.334537 10.048731 0.492276
61.859268 1.334537 10.082231 0.347273
65.740644 1.334537 10.178622 0.430047
69.622020 1.334537 9.996934 0.435416
73.503396 1.334537 9.944856 0.403920
77.384772 1.334537 9.978460 0.310141
81.266148 1.334537 9.884570 0.419775
85.147524 1.334537 9.848813 0.287526
89.028900 1.334537 9.850429 0.259064
92.910276 1.334537 9.958028 0.317090
96.791652 1.334537 9.755311 0.397663
100.673028 1.334537 9.615287 0.182273
104.554404 1.334537 9.891674 0.261483
108.435780 1.334537 9.815538 0.227116
112.317156 1.334537 9.714125 0.222517
116.198532 1.334537 9.833614 0.000345
120.079908 1.334537 9.946423 0.133255
123.961284 1.334537 9.799286 0.110722
127.842660 1.334537 9.863869 0.216546
131.724036 1.334537 9.797691 0.248930
135.605412 1.334537 9.873259 0.233193
139.486788 1.334537 9.913719 0.185134
-54.582013 -2.546839 0.000000 0.000000
-50.700637 -2.546839 0.000000 0.000000
-46.819261 -2.546839 10.519527 -0.634708
-42.937885 -2.546839 10.084177 0.231103
-39.056509 -2.546839 10.124009 -0.413575
-35.175133 -2.546839 9.919836 -0.055092
-31.293757 -2.546839 10.047941 0.060044
-27.412381 -2.546839 10.249144 -0.199095
-23.531005 -2.546839 10.365940 -0.212903
-19.649629 -2.546839 10.263185 -0.228344
-15.768253 -2.546839 10.360110 -0.360397
-11.886877 -2.546839 10.336790 0.215053
-8.005501 -2.546839 10.252302 0.156259
-4.124125 -2.546839 10.525574 -0.372770
-0.242749 -2.546839 10.616604 -0.196922
3.638627 -2.546839 10.395655 0.291710
7.520003 -2.546839 10.548175 -0.181257
11.401379 -2.546839 10.425375 -0.096634
15.282755 -2.546839 10.474001 -0.090574
19.164131 -2.546839 10.519320 0.236310
23.045507 -2.546839 10.440764 0.194733
26.926883 -2.546839 10.451597 0.277414
30.808259 -2.546839 10.251808 0.272924
34.689635 -2.546839 10.228868 0.261052
38.571011 -2.546839 10.335423 0.288500
42.452387 -2.546839 10.240760 0.229227
46.333763 -2.546839 10.240022 0.471157
50.215140 -2.546839 10.297193 0.304144
54.096516 -2.546839 10.024042 0.419341
57.977892 -2.546839 10.108787 0.407095
61.859268 -2.546839 10.097833 0.406532
65.740644 -2.546839 9.909553 0.364361
69.622020 -2.546839 10.140986 0.261618
73.503396 -2.546839 9.946254 0.432811
77.384772 -2.546839 9.913853 0.352309
81.266148 -2.546839 9.803832 0.301932
85.147524 -2.546839 9.871612 0.271515
89.028900 -2.546839 9.800418 0.265207
92.910276 -2.546839 9.920589 0.300412
96.791652 -2.546839 9.980240 0.376135
100.673028 -2.546839 9.865108 0.213291
104.554404 -2.546839 9.942114 0.247121
108.435780 -2.546839 9.878638 0.177507
112.317156 -2.546839 9.840219 0.221300
116.198532 -2.546839 9.902679 0.218622
120.079908 -2.546839 9.905428 0.305958
123.961284 -2.546839 9.872111 0.264420
127.842660 -2.546839 9.973618 0.074631
131.724036 -2.546839 9.758436 0.273072
135.605412 -2.546839 9.901360 0.085327
139.486788 -2.546839 9.774312 0.365949
-54.582013 -6.428215 0.000000 0.000000
-50.700637 -6.428215 0.000000 0.000000
-46.819261 -6.428215 9.849294 0.270949
-42.937885 -6.428215 10.284876 -0.357821
-39.056509 -6.428215 10.050572 -0.177904
-35.175133 -6.428215 10.345033 -0.659931
-31.293757 -6.428215 10.043577 0.197867
-27.412381 -6.428215 10.254613 0.135331
-23.531005 -6.428215 10.370090 -0.312762
-19.649629 -6.428215 10.242160 -0.366665
-15.768253 -6.428215 10.440230 0.033519
-11.886877 -6.428215 10.171808 -0.089808
-8.005501 -6.428215 10.276730 0.027003
-4.124125 -6.428215 10.456296 -0.287683
-0.242749 -6.428215 10.283988 0.198804
3.638627 -6.428215 10.508960 0.006885
7.520003 -6.428215 10.368973 0.214464
11.401379 -6.428215 10.388893 0.228438
15.282755 -6.428215 10.401784 0.358144
19.164131 -6.428215 10.187580 0.145743
23.045507 -6.428215 10.379025 0.373289
26.926883 -6.428215 10.346837 -0.033680
30.808259 -6.428215 10.253647 0.374241
34.689635 -6.428215 10.272173 0.259321
38.571011 -6.428215 10.132335 0.330070
42.452387 -6.428215 10.256642 0.311661
46.333763 -6.428215 10.209882 0.293286
50.215140 -6.428215 10.126026 0.481563
54.096516 -6.428215 10.204786 0.404398
57.977892 -6.428215 10.228702 0.361898
61.859268 -6.428215 10.087280 0.520562
65.740644 -6.428215 10.080077 0.359519
69.622020 -6.428215 10.127418 0.402286
73.503396 -6.428215 10.115415 0.333690
77.384772 -6.428215 9.904540 0.402271
81.266148 -6.428215 9.982748 0.413104
85.147524 -6.428215 9.854461 0.486326
89.028900 -6.428215 9.891665 0.368798
92.910276 -6.428215 9.932891 0.231181
96.791652 -6.428215 9.945840 0.278916
100.673028 -6.428215 9.907414 0.270683
104.554404 -6.428215 10.027209 0.273386
108.435780 -6.428215 9.895619 0.275767
112.317156 -6.428215 9.915845 0.270562
116.198532 -6.428215 9.901807 0.137940
120.079908 -6.428215 9.780815 0.201203
123.961284 -6.428215 9.861549 0.205835
127.842660 -6.428215 9.713205 0.145459
131.724036 -6.428215 9.761345 -0.064395
135.605412 -6.428215 9.807987 0.025038
139.486788 -6.428215 9.936204 0.300060
-54.582013 -10.309591 0.000000 0.000000
-50.700637 -10.309591 10.867358 0.475217
-46.819261 -10.309591 9.851932 -0.224371
-42.937885 -10.309591 9.846000 0.018841
-39.056509 -10.309591 10.249214 -0.250824
-35.175133 -10.309591 9.696052 -0.352502
-31.293757 -10.309591 10.427078 -0.106218
-27.412381 -10.309591 10.201791 0.222913
-23.531005 -10.309591 10.171590 0.061933
-19.649629 -10.309591 10.404005 -0.356293
-15.768253 -10.309591 10.185720 -0.297895
-11.886877 -10.309591 10.211366 0.198726
-8.005501 -10.309591 10.500156 -0.078607
-4.124125 -10.309591 10.425570 -0.051219
-0.242749 -10.309591 10.380577 -0.136625
3.638627 -10.309591 10.488305 -0.211853
7.520003 -10.309591 10.432276 0.224608
11.401379 -10.309591 10.320056 0.056674
15.282755 -10.309591 10.372384 0.209947
19.164131 -10.309591 10.387968 0.289839
23.045507 -10.309591 10.316707 0.192272
26.926883 -10.309591 10.312092 0.495740
30.808259 -10.309591 10.263499 0.300549
34.689635 -10.309591 10.206193 0.307992
38.571011 -10.309591 10.264888 0.349405
42.452387 -10.309591 10.304784 0.514533
46.333763 -10.309591 10.218537 0.510417
50.215140 -10.309591 10.205826 0.507898
54.096516 -10.309591 10.182195 0.393228
57.977892 -10.309591 10.111914 0.369329
61.859268 -10.309591 10.089292 0.462275
65.740644 -10.309591 10.143535 0.324122
69.622020 -10.309591 10.111482 0.479199
73.503396 -10.309591 10.089787 0.351341
77.384772 -10.309591 9.999713 0.439782
81.266148 -10.309591 10.102108 0.277212
85.147524 -10.309591 10.058210 0.359760
89.028900 -10.309591 9.860041 0.445229
92.910276 -10.309591 9.957488 0.302179
96.791652 -10.309591 10.032561 0.150598
100.673028 -10.309591 9.928301 0.302281
104.554404 -10.309591 9.928770 0.288647
108.435780 -10.309591 9.871096 0.219555
112.317156 -10.309591 9.762862 0.219278
116.198532 -10.309591 9.832902 0.210413
120.079908 -10.309591 9.921777 0.234784
123.961284 -10.309591 10.003406 0.157878
127.842660 -10.309591 9.791306 0.181485
131.724036 -10.309591 9.921203 0.222881
135.605412 -10.309591 9.829808 0.154264
139.486788 -10.309591 9.823546 0.175767
-54.582013 -14.190967 0.000000 0.000000
-50.700637 -14.190967 10.168366 0.292432
-46.819261 -14.190967 0.000000 0.000000
-42.937885 -14.190967 10.275903 -0.579369
-39.056509 -14.190967 9.681116 0.137233
-35.175133 -14.190967 10.303091 -0.326151
-31.293757 -14.190967 10.129234 -0.583107
-27.412381 -14.190967 10.135441 -0.436383
-23.531005 -14.190967 9.864865 -0.329962
-19.649629 -14.190967 10.260806 -0.120495
-15.768253 -14.190967 10.427186 -0.176998
-11.886877 -14.190967 10.385281 -0.138184
-8.005501 -14.190967 10.515521 0.090056
-4.124125 -14.190967 10.352069 0.284410
-0.242749 -14.190967 10.322734 0.190446
3.638627 -14.190967 10.337987 0.221420
7.520003 -14.190967 10.329122 0.133124
11.401379 -14.190967 10.399125 0.271339
15.282755 -14.190967 10.312107 0.301525
19.164131 -14.190967 10.415288 -0.012544
23.045507 -14.190967 10.383341 0.423459
26.926883 -14.190967 10.332932 0.296366
30.808259 -14.190967 10.208189 0.243249
34.689635 -14.190967 10.321651 0.379749
38.571011 -14.190967 10.240803 0.425811
42.452387 -14.190967 10.375922 0.510793
46.333763 -14.190967 10.191868 0.346365
50.215140 -14.190967 10.136548 0.293116
54.096516 -14.190967 10.024545 0.294076
57.977892 -14.190967 10.158952 0.441056
61.859268 -14.190967 9.982239 0.555269
65.740644 -14.190967 10.119357 0.302390
69.622020 -14.190967 10.010744 0.352021
73.503396 -14.190967 9.973521 0.264989
77.384772 -14.190967 9.967509 0.312931
81.266148 -14.190967 10.046621 0.399245
85.147524 -14.190967 10.014750 0.286437
89.028900 -14.190967 9.958426 0.215564
92.910276 -14.190967 10.044857 0.197841
96.791652 -14.190967 9.976974 0.189212
100.673028 -14.190967 10.018872 0.235614
104.554404 -14.190967 9.994100 0.247761
108.435780 -14.190967 9.828182 0.192930
112.317156 -14.190967 9.918526 0.150096
116.198532 -14.190967 9.910215 0.318882
120.079908 -14.190967 9.856669 0.227357
123.961284 -14.190967 9.979817 0.110694
127.842660 -14.190967 9.827452 0.044181
131.724036 -14.190967 9.899583 0.018852
135.605412 -14.190967 9.935188 0.253718
139.486788 -14.190967 9.903457 0.011055
-54.582013 -18.072343 0.000000 0.000000
-50.700637 -18.072343 0.000000 0.000000
-46.819261 -18.072343 10.520521 -1.497283
-42.937885 -18.072343 10.118944 0.199023
-39.056509 -18.072343 9.952293 0.137288
-35.175133 -18.072343 10.118808 -0.337168
-31.293757 -18.072343 10.440706 -0.024575
-27.412381 -18.072343 10.186229 0.000060
-23.531005 -18.072343 10.210635 -0.195471
-19.649629 -18.072343 10.038268 0.051367
-15.768253 -18.072343 10.265375 0.021720
-11.886877 -18.072343 10.270264 -0.086276
-8.005501 -18.072343 10.226708 0.137725
-4.124125 -18.072343 10.339576 0.239200
-0.242749 -18.072343 10.364308 -0.056617
3.638627 -18.072343 10.297652 0.017010
7.520003 -18.072343 10.462296 0.263481
11.401379 -18.072343 10.318874 0.414310
15.282755 -18.072343 10.359533 0.342188
19.164131 -18.072343 10.317644 0.236532
23.045507 -18.072343 10.304149 0.024145
26.926883 -18.072343 10.300793 0.379431
30.808259 -18.072343 10.246096 0.325311
34.689635 -18.072343 10.294886 0.337515
38.571011 -18.072343 10.124952 0.422192
42.452387 -18.072343 10.105566 0.392170
46.333763 -18.072343 10.230848 0.326250
50.215140 -18.072343 10.235059 0.228754
54.096516 -18.072343 10.086182 0.493348
57.977892 -18.072343 10.118235 0.430388
61.859268 -18.072343 10.231617 0.475618
65.740644 -18.072343 10.123830 0.309715
69.622020 -18.072343 10.136853 0.423967
73.503396 -18.072343 10.132717 0.417253
77.384772 -18.072343 10.047599 0.329247
81.266148 -18.072343 9.995977 0.376147
85.147524 -18.072343 10.153245 0.323315
89.028900 -18.072343 9.987356 0.277810
92.910276 -18.072343 10.008288 0.256448
96.791652 -18.072343 10.034934 0.257736
100.673028 -18.072343 10.081478 0.310250
104.554404 -18.072343 9.921774 0.368997
108.435780 -18.072343 10.054028 0.135906
112.317156 -18.072343 9.791365 0.332554
116.198532 -18.072343 9.966134 0.242656
120.079908 -18.072343 9.899031 0.042027
123.961284 -18.072343 9.973811 0.273700
127.842660 -18.072343 9.909787 0.130874
131.724036 -18.072343 9.884043 0.133401
135.605412 -18.072343 10.111454 0.217294
139.486788 -18.072343 9.808302 0.043668
-54.582013 -21.953719 0.000000 0.000000
-50.700637 -21.953719 0.000000 0.000000
-46.819261 -21.953719 0.000000 0.000000
-42.937885 -21.953719 9.216816 0.231470
-39.056509 -21.953719 9.840181 -0.416553
-35.175133 -21.953719 9.844393 -0.498388
-31.293757 -21.953719 10.239168 -0.233481
-27.412381 -21.953719 10.053090 -0.361703
-23.531005 -21.953719 10.239624 -0.078503
-19.649629 -21.953719 10.209669 -0.073962
-15.768253 -21.953719 10.127723 0.085630
-11.886877 -21.953719 10.193626 0.076086
-8.005501 -21.953719 10.317637 -0.066571
-4.124125 -21.953719 10.229426 -0.002366
-0.242749 -21.953719 10.427411 -0.081220
3.638627 -21.953719 10.306247 0.030291
7.520003 -21.953719 10.391515 0.334090
11.401379 -21.953719 10.345560 0.029176
15.282755 -21.953719 10.332262 0.211323
19.164131 -21.953719 10.218019 0.343131
23.045507 -21.953719 10.222967 0.233931
26.926883 -21.953719 10.022120 0.183754
30.808259 -21.953719 10.165417 0.328681
34.689635 -21.953719 10.195783 0.385583
38.571011 -21.953719 10.179819 0.319782
42.452387 -21.953719 10.244838 0.175197
46.333763 -21.953719 10.088647 0.239994
50.215140 -21.953719 10.186873 0.284776
54.096516 -21.953719 10.110168 0.374879
57.977892 -21.953719 10.159019 0.420253
61.859268 -21.953719 10.133652 0.474521
65.740644 -21.953719 10.032586 0.299805
69.622020 -21.953719 9.968790 0.427601
73.503396 -21.953719 9.938107 0.328374
77.384772 -21.953719 9.986854 0.295996
81.266148 -21.953719 9.982131 0.175946
85.147524 -21.953719 9.937206 0.221644
89.028900 -21.953719 10.028151 0.153936
92.910276 -21.953719 9.874514 0.341309
96.791652 -21.953719 9.957379 0.200243
100.673028 -21.953719 9.913815 0.245698
104.554404 -21.953719 10.057193 0.148006
108.435780 -21.953719 9.984447 0.288567
112.317156 -21.953719 9.903759 0.265025
116.198532 -21.953719 9.895391 0.303745
120.079908 -21.953719 9.876637 0.065780
123.961284 -21.953719 9.983041 0.273853
127.842660 -21.953719 9.980437 0.227728
131.724036 -21.953719 9.977985 0.179304
135.605412 -21.953719 10.136363 0.029463
139.486788 -21.953719 10.006015 0.192523
-54.582013 -25.835095 0.000000 0.000000
-50.700637 -25.835095 0.000000 0.000000
-46.819261 -25.835095 0.000000 0.000000
-42.937885 -25.835095 10.209472 0.326481
-39.056509 -25.835095 10.377714 0.541853
-35.175133 -25.835095 10.369771 -0.599912
-31.293757 -25.835095 10.425116 -0.251025
-27.412381 -25.835095 10.116140 0.169251
-23.531005 -25.835095 10.133127 -0.083264
-19.649629 -25.835095 10.182003 0.224497
-15.768253 -25.835095 10.187818 -0.158620
-11.886877 -25.835095 10.205770 -0.042550
-8.005501 -25.835095 10.270076 0.256810
-4.124125 -25.835095 10.007403 0.097180
-0.242749 -25.835095 10.344971 0.226061
3.638627 -25.835095 10.337716 0.019867
7.520003 -25.835095 10.289669 0.196832
11.401379 -25.835095 10.265492 0.077654
15.282755 -25.835095 10.284351 0.228262
19.164131 -25.835095 10.401284 0.346818
23.045507 -25.835095 10.311123 0.314185
26.926883 -25.835095 10.205542 0.219554
30.808259 -25.835095 10.240151 0.200363
34.689635 -25.835095 10.314044 -0.072248
38.571011 -25.835095 10.293939 0.407831
42.452387 -25.835095 10.141829 0.386610
46.333763 -25.835095 10.204792 0.152424
50.215140 -25.835095 10.254662 0.301892
54.096516 -25.835095 10.180683 0.306997
57.977892 -25.835095 10.054074 0.328994
61.859268 -25.835095 10.183817 0.375874
65.740644 -25.835095 10.073668 0.224520
69.622020 -25.835095 10.098147 0.347978
73.503396 -25.835095 10.168727 0.355184
77.384772 -25.835095 9.949221 0.266021
81.266148 -25.835095 9.964453 0.347099
85.147524 -25.835095 10.059889 0.292018
89.028900 -25.835095 10.074457 0.292947
92.910276 -25.835095 9.981591 0.315517
96.791652 -25.835095 9.989633 0.252111
100.673028 -25.835095 9.982116 0.215983
104.554404 -25.835095 9.821440 0.161626
108.435780 -25.835095 9.779849 0.300586
112.317156 -25.835095 10.081284 0.372819
116.198532 -25.835095 9.966134 0.150685
120.079908 -25.835095 9.924905 0.230925
123.961284 -25.835095 9.913054 0.145177
127.842660 -25.835095 10.106846 0.186636
131.724036 -25.835095 9.960107 0.264401
135.605412 -25.835095 9.952476 0.234140
139.486788 -25.835095 9.970017 0.236106
-54.582013 -29.716471 0.000000 0.000000
-50.700637 -29.716471 0.000000 0.000000
-46.819261 -29.716471 0.000000 0.000000
-42.937885 -29.716471 9.227263 -1.857413
-39.056509 -29.716471 10.335177 -0.267676
-35.175133 -29.716471 10.006052 -0.325861
-31.293757 -29.716471 10.260365 -0.040532
-27.412381 -29.716471 10.230891 0.074690
-23.531005 -29.716471 10.234035 0.191920
-19.649629 -29.716471 10.293614 -0.077841
-15.768253 -29.716471 10.167625 -0.023817
-11.886877 -29.716471 10.235759 -0.270102
-8.005501 -29.716471 10.141751 0.077110
-4.124125 -29.716471 10.227280 0.211785
-0.242749 -29.716471 10.380163 0.226413
3.638627 -29.716471 10.261377 0.369501
7.520003 -29.716471 10.333666 0.144233
11.401379 -29.716471 10.103774 0.232867
15.282755 -29.716471 10.158143 0.274354
19.164131 -29.716471 10.306980 0.235617
23.045507 -29.716471 10.141058 0.289077
26.926883 -29.716471 10.270163 0.454420
30.808259 -29.716471 10.156246 0.078305
34.689635 -29.716471 10.388906 0.286799
38.571011 -29.716471 10.221622 0.344112
42.452387 -29.716471 10.207868 0.397171
46.333763 -29.716471 10.153220 0.360872
50.215140 -29.716471 10.020082 0.172273
54.096516 -29.716471 10.101911 0.280435
57.977892 -29.716471 10.097120 0.172977
61.859268 -29.716471 10.042481 0.269331
65.740644 -29.716471 9.988547 0.255470
69.622020 -29.716471 10.149407 0.395249
73.503396 -29.716471 9.964607 0.096332
77.384772 -29.716471 9.961337 0.356341
81.266148 -29.716471 10.026259 0.411227
85.147524 -29.716471 9.991166 0.295283
89.028900 -29.716471 9.826785 0.133497
92.910276 -29.716471 9.905999 0.479109
96.791652 -29.716471 9.830638 0.311222
100.673028 -29.716471 9.897327 0.307738
104.554404 -29.716471 10.147165 0.347596
108.435780 -29.716471 9.924192 0.339869
112.317156 -29.716471 10.026291 0.253035
116.198532 -29.716471 9.916002 0.209106
120.079908 -29.716471 9.930750 0.256212
123.961284 -29.716471 9.988405 0.133489
127.842660 -29.716471 9.938678 0.260191
131.724036 -29.716471 9.953604 0.195740
135.605412 -29.716471 9.928137 0.476068
139.486788 -29.716471 9.791142 0.030419
-54.582013 -33.597847 0.000000 0.000000
-50.700637 -33.597847 0.000000 0.000000
-46.819261 -33.597847 0.000000 0.000000
-42.937885 -33.597847 0.000000 0.000000
-39.056509 -33.597847 10.151116 0.017126
-35.175133 -33.597847 10.190763 -0.229085
-31.293757 -33.597847 10.104264 0.266733
-27.412381 -33.597847 9.945146 -0.047958
-23.531005 -33.597847 10.042655 0.260183
-19.649629 -33.597847 10.223060 0.219145
-15.768253 -33.597847 10.142381 -0.150133
-11.886877 -33.597847 10.243122 -0.085933
-8.005501 -33.597847 10.075564 0.357030
-4.124125 -33.597847 10.184261 -0.077736
-0.242749 -33.597847 10.107830 -0.001320
3.638627 -33.597847 10.242705 0.135075
7.520003 -33.597847 10.304399 0.163588
11.401379 -33.597847 10.274176 0.360914
15.282755 -33.597847 10.248610 0.209157
19.164131 -33.597847 10.303189 0.203833
23.045507 -33.597847 10.316940 0.239994
26.926883 -33.597847 10.116599 0.066071
30.808259 -33.597847 10.145583 0.418792
34.689635 -33.597847 10.202637 0.322424
38.571011 -33.597847 10.175149 0.226527
42.452387 -33.597847 10.187790 0.446761
46.333763 -33.597847 10.098533 0.394718
50.215140 -33.597847 10.027373 0.189400
54.096516 -33.597847 10.187692 0.232710
57.977892 -33.597847 10.213991 0.393622
61.859268 -33.597847 10.234544 0.219967
65.740644 -33.597847 9.961945 0.325021
69.622020 -33.597847 9.974018 0.244502
73.503396 -33.597847 10.101541 0.285736
77.384772 -33.597847 10.166078 0.215104
81.266148 -33.597847 10.141885 0.312952
85.147524 -33.597847 9.862259 0.196054
89.028900 -33.597847 9.816550 0.361767
92.910276 -33.597847 10.135674 0.208790
96.791652 -33.597847 10.022851 0.312127
100.673028 -33.597847 10.098962 0.243893
104.554404 -33.597847 9.907479 0.296869
108.435780 -33.597847 9.814681 0.201575
112.317156 -33.597847 10.022946 0.241564
116.198532 -33.597847 9.854711 0.079505
120.079908 -33.597847 10.075768 0.087482
123.961284 -33.597847 10.112778 0.209068
127.842660 -33.597847 9.915077 0.268577
131.724036 -33.597847 9.609112 0.411210
135.605412 -33.597847 10.006851 0.206009
139.486788 -33.597847 9.815884 0.245911
-54.582013 -37.479223 0.000000 0.000000
-50.700637 -37.479223 0.000000 0.000000
-46.819261 -37.479223 0.000000 0.000000
-42.937885 -37.479223 0.000000 0.000000
-39.056509 -37.479223 10.146711 0.316262
-35.175133 -37.479223 9.324124 -0.299861
-31.293757 -37.479223 10.008838 0.127329
-27.412381 -37.479223 10.041014 0.263308
-23.531005 -37.479223 10.218717 -0.220226
-19.649629 -37.479223 10.169202 0.251540
-15.768253 -37.479223 10.277185 0.174453
-11.886877 -37.479223 10.037531 0.240907
-8.005501 -37.479223 10.231527 0.243588
-4.124125 -37.479223 10.136251 -0.003618
-0.242749 -37.479223 10.260451 0.033174
3.638627 -37.479223 10.119397 0.165741
7.520003 -37.479223 10.112062 0.179105
11.401379 -37.479223 10.286240 0.287718
15.282755 -37.479223 10.296607 0.161675
19.164131 -37.479223 10.355332 0.320349
23.045507 -37.479223 10.226906 0.234763
26.926883 -37.479223 10.264403 0.268703
30.808259 -37.479223 10.103067 0.093782
34.689635 -37.479223 10.261306 0.351489
38.571011 -37.479223 10.310645 0.217254
42.452387 -37.479223 10.290009 0.353410
46.333763 -37.479223 10.231771 0.202854
50.215140 -37.479223 10.144012 0.207326
54.096516 -37.479223 10.264252 0.190484
57.977892 -37.479223 10.181099 0.387699
61.859268 -37.479223 10.128747 0.302239
65.740644 -37.479223 10.055082 0.166569
69.622020 -37.479223 9.991017 0.256389
73.503396 -37.479223 10.011056 0.191687
77.384772 -37.479223 10.081638 0.416069
81.266148 -37.479223 10.040859 0.231558
85.147524 -37.479223 9.903920 0.319745
89.028900 -37.479223 10.039604 0.316109
92.910276 -37.479223 9.826385 0.127925
96.791652 -37.479223 10.093283 0.196644
100.673028 -37.479223 9.955859 0.384892
104.554404 -37.479223 9.924245 0.264323
108.435780 -37.479223 9.951290 0.428844
112.317156 -37.479223 10.022595 0.228287
116.198532 -37.479223 9.973081 0.375796
120.079908 -37.479223 10.142030 0.226275
123.961284 -37.479223 9.821862 0.339039
127.842660 -37.479223 9.914371 0.376425
131.724036 -37.479223 9.994667 0.255444
135.605412 -37.479223 9.815773 0.211687
139.486788 -37.479223 10.039832 0.365249
-54.582013 -41.360599 0.000000 0.000000
-50.700637 -41.360599 0.000000 0.000000
-46.819261 -41.360599 0.000000 0.000000
-42.937885 -41.360599 9.303577 -0.042536
-39.056509 -41.360599 10.556728 -0.279778
-35.175133 -41.360599 9.427527 0.894840
-31.293757 -41.360599 9.919272 -0.130661
-27.412381 -41.360599 9.885838 -0.563646
-23.531005 -41.360599 10.249443 -0.213203
-19.649629 -41.360599 10.264558 0.021713
-15.768253 -41.360599 10.171065 0.221459
-11.886877 -41.360599 10.197710 -0.097709
-8.005501 -41.360599 10.284669 0.149477
-4.124125 -41.360599 10.022524 0.349636
-0.242749 -41.360599 10.139222 0.080389
3.638627 -41.360599 10.299911 0.254801
7.520003 -41.360599 10.310719 0.104944
11.401379 -41.360599 10.231620 0.192486
15.282755 -41.360599 10.238024 0.279666
19.164131 -41.360599 10.127833 0.247575
23.045507 -41.360599 10.144429 0.236865
26.926883 -41.360599 10.240300 -0.207329
30.808259 -41.360599 10.210709 0.148814
34.689635 -41.360599 10.086725 0.223168
38.571011 -41.360599 10.132955 0.368451
42.452387 -41.360599 10.128820 0.264560
46.333763 -41.360599 10.435589 0.224105
50.215140 -41.360599 10.196652 0.273338
54.096516 -41.360599 10.122396 0.429340
57.977892 -41.360599 9.928643 0.157608
61.859268 -41.360599 9.750422 0.150089
65.740644 -41.360599 10.116168 0.261183
69.622020 -41.360599 9.686385 0.125239
73.503396 -41.360599 10.154911 0.327803
77.384772 -41.360599 10.067730 0.256736
81.266148 -41.360599 10.163575 0.368743
85.147524 -41.360599 9.934948 0.436762
89.028900 -41.360599 9.842967 0.391014
92.910276 -41.360599 10.045502 0.297254
96.791652 -41.360599 10.060329 0.185965
100.673028 -41.360599 10.122898 0.302711
104.554404 -41.360599 9.885218 0.428966
108.435780 -41.360599 10.069982 0.146932
112.317156 -41.360599 10.065389 0.218809
116.198532 -41.360599 9.884511 0.104249
120.079908 -41.360599 9.909953 0.228294
123.961284 -41.360599 9.981936 0.155506
127.842660 -41.360599 9.980721 0.033525
131.724036 -41.360599 9.935515 -0.172390
135.605412 -41.360599 10.214608 0.200016
139.486788 -41.360599 9.950208 0.345785
-54.582013 -45.241975 0.000000 0.000000
-50.700637 -45.241975 0.000000 0.000000
-46.819261 -45.241975 0.000000 0.000000
-42.937885 -45.241975 0.000000 0.000000
-39.056509 -45.241975 0.000000 0.000000
-35.175133 -45.241975 0.000000 0.000000
-31.293757 -45.241975 0.000000 0.000000
-27.412381 -45.241975 0.000000 0.000000
-23.531005 -45.241975 0.000000 0.000000
-19.649629 -45.241975 0.000000 0.000000
-15.768253 -45.241975 0.000000 0.000000
-11.886877 -45.241975 0.000000 0.000000
-8.005501 -45.241975 0.000000 0.000000
-4.124125 -45.241975 0.000000 0.000000
-0.242749 -45.241975 0.000000 0.000000
3.638627 -45.241975 0.000000 0.000000
7.520003 -45.241975 0.000000 0.000000
11.401379 -45.241975 0.000000 0.000000
15.282755 -45.241975 0.000000 0.000000
19.164131 -45.241975 0.000000 0.000000
23.045507 -45.241975 0.000000 0.000000
26.926883 -45.241975 0.000000 0.000000
30.808259 -45.241975 0.000000 0.000000
34.689635 -45.241975 0.000000 0.000000
38.571011 -45.241975 0.000000 0.000000
42.452387 -45.241975 0.000000 0.000000
46.333763 -45.241975 0.000000 0.000000
50.215140 -45.241975 0.000000 0.000000
54.096516 -45.241975 0.000000 0.000000
57.977892 -45.241975 0.000000 0.000000
61.859268 -45.241975 0.000000 0.000000
65.740644 -45.241975 0.000000 0.000000
69.622020 -45.241975 0.000000 0.000000
73.503396 -45.241975 0.000000 0.000000
77.384772 -45.241975 0.000000 0.000000
81.266148 -45.241975 0.000000 0.000000
85.147524 -45.241975 0.000000 0.000000
89.028900 -45.241975 0.000000 0.000000
92.910276 -45.241975 0.000000 0.000000
96.791652 -45.241975 0.000000 0.000000
100.673028 -45.241975 0.000000 0.000000
104.554404 -45.241975 0.000000 0.000000
108.435780 -45.241975 0.000000 0.000000
112.317156 -45.241975 0.000000 0.000000
116.198532 -45.241975 0.000000 0.000000
120.079908 -45.241975 0.000000 0.000000
123.961284 -45.241975 0.000000 0.000000
127.842660 -45.241975 0.000000 0.000000
131.724036 -45.241975 0.000000 0.000000
135.605412 -45.241975 0.000000 0.000000
139.486788 -45.241975 0.000000 0.000000
