TITLE = "B00009"
VARIABLES = "position", "position(2)", "Vx", "Vy"
ZONE T="Frame 0", I=26, J=20
-52.641325 100.309626 8.899206 0.919976
-44.878573 100.309626 9.993149 0.774448
-37.115821 100.309626 0.000000 0.000000
-29.353069 100.309626 0.000000 0.000000
-21.590317 100.309626 0.000000 0.000000
-13.827565 100.309626 10.144105 0.193786
-6.064813 100.309626 10.300922 1.630387
1.697939 100.309626 10.031879 1.533307
9.460691 100.309626 10.327037 -0.295163
17.223443 100.309626 9.479513 -0.108601
24.986195 100.309626 10.202677 -0.552567
32.748947 100.309626 9.857227 -0.251947
40.511699 100.309626 9.900320 0.004750
48.274451 100.309626 10.652990 -0.406809
56.037204 100.309626 10.987186 0.219303
63.799956 100.309626 0.000000 0.000000
71.562708 100.309626 10.393258 -0.399597
79.325460 100.309626 10.397866 0.248878
87.088212 100.309626 10.320633 -0.642052
94.850964 100.309626 10.084344 -0.320753
102.613716 100.309626 9.681872 -0.245337
110.376468 100.309626 9.689639 -0.793845
118.139220 100.309626 10.158825 0.032250
125.901972 100.309626 10.237557 -0.086228
133.664724 100.309626 10.013533 0.449775
141.427476 100.309626 0.000000 0.000000
-52.641325 92.546874 10.355724 0.728373
-44.878573 92.546874 10.419113 0.156194
-37.115821 92.546874 0.000000 0.000000
-29.353069 92.546874 0.000000 0.000000
-21.590317 92.546874 0.000000 0.000000
-13.827565 92.546874 10.412963 0.394310
-6.064813 92.546874 10.364818 -0.409989
1.697939 92.546874 10.335637 0.340116
9.460691 92.546874 10.338752 -0.202207
17.223443 92.546874 10.370277 0.133401
24.986195 92.546874 10.162181 0.145253
32.748947 92.546874 10.487049 0.703017
40.511699 92.546874 11.051903 -0.380200
48.274451 92.546874 9.858826 0.905129
56.037204 92.546874 10.224263 -0.115217
63.799956 92.546874 0.000000 0.000000
71.562708 92.546874 10.058599 0.068282
79.325460 92.546874 10.061641 -0.056606
87.088212 92.546874 9.595872 -0.054950
94.850964 92.546874 9.983068 0.396487
102.613716 92.546874 10.048401 -0.007434
110.376468 92.546874 9.517738 -0.061261
118.139220 92.546874 9.815270 0.088440
125.901972 92.546874 10.273172 -0.378825
133.664724 92.546874 9.678060 -0.119610
141.427476 92.546874 0.000000 0.000000
-52.641325 84.784122 10.279361 0.198907
-44.878573 84.784122 10.422932 -0.113709
-37.115821 84.784122 0.000000 0.000000
-29.353069 84.784122 0.000000 0.000000
-21.590317 84.784122 0.000000 0.000000
-13.827565 84.784122 10.336365 0.466154
-6.064813 84.784122 10.402654 0.328783
1.697939 84.784122 10.440552 0.238023
9.460691 84.784122 10.776148 0.168338
17.223443 84.784122 10.579842 0.440798
24.986195 84.784122 10.028370 -0.213158
32.748947 84.784122 10.359191 -0.364617
40.511699 84.784122 10.475149 -0.142436
48.274451 84.784122 10.428546 -0.197491
56.037204 84.784122 10.582643 -0.213676
63.799956 84.784122 0.000000 0.000000
71.562708 84.784122 10.004260 -0.359666
79.325460 84.784122 10.070919 -0.495150
87.088212 84.784122 10.457166 -0.146672
94.850964 84.784122 9.924806 0.271701
102.613716 84.784122 9.589592 -0.204660
110.376468 84.784122 9.933166 -0.292186
118.139220 84.784122 9.836690 0.141742
125.901972 84.784122 9.818182 0.017512
133.664724 84.784122 10.060444 -0.119897
141.427476 84.784122 0.000000 0.000000
-52.641325 77.021370 9.192518 0.945893
-44.878573 77.021370 10.297807 0.865041
-37.115821 77.021370 0.000000 0.000000
-29.353069 77.021370 0.000000 0.000000
-21.590317 77.021370 0.000000 0.000000
-13.827565 77.021370 10.616333 0.036127
-6.064813 77.021370 10.314883 0.227079
1.697939 77.021370 10.576653 0.200532
9.460691 77.021370 10.396540 0.347331
17.223443 77.021370 10.485130 -0.289928
24.986195 77.021370 10.310071 0.110008
32.748947 77.021370 10.343774 -0.311348
40.511699 77.021370 10.182300 -0.397073
48.274451 77.021370 10.397626 -0.230093
56.037204 77.021370 10.347056 -0.240719
63.799956 77.021370 0.000000 0.000000
71.562708 77.021370 10.001101 -0.356415
79.325460 77.021370 10.017339 -0.358460
87.088212 77.021370 10.120416 -0.378140
94.850964 77.021370 10.038758 -0.146539
102.613716 77.021370 9.751122 0.153964
110.376468 77.021370 9.921906 0.097034
118.139220 77.021370 9.940427 -0.100041
125.901972 77.021370 9.694569 -0.096167
133.664724 77.021370 9.904657 0.115717
141.427476 77.021370 0.000000 0.000000
-52.641325 69.258618 9.922894 1.343231
-44.878573 69.258618 9.886174 0.967951
-37.115821 69.258618 0.000000 0.000000
-29.353069 69.258618 0.000000 0.000000
-21.590317 69.258618 0.000000 0.000000
-13.827565 69.258618 10.601896 0.539229
-6.064813 69.258618 10.699661 0.441983
1.697939 69.258618 10.568638 0.350600
9.460691 69.258618 10.667920 -0.072239
17.223443 69.258618 10.481096 -0.125384
24.986195 69.258618 10.421575 -0.426057
32.748947 69.258618 10.308979 -0.179048
40.511699 69.258618 10.432778 -0.071252
48.274451 69.258618 10.236645 -0.374784
56.037204 69.258618 10.262117 -0.444293
63.799956 69.258618 0.000000 0.000000
71.562708 69.258618 10.217815 -0.403246
79.325460 69.258618 10.028530 -0.091447
87.088212 69.258618 9.907039 -0.262691
94.850964 69.258618 10.011781 -0.353972
102.613716 69.258618 9.909006 -0.142162
110.376468 69.258618 9.895422 -0.228643
118.139220 69.258618 10.093912 0.012178
125.901972 69.258618 9.870257 -0.091423
133.664724 69.258618 9.949193 -0.104369
141.427476 69.258618 0.000000 0.000000
-52.641325 61.495866 10.039283 0.982183
-44.878573 61.495866 10.044459 0.843970
-37.115821 61.495866 0.000000 0.000000
-29.353069 61.495866 0.000000 0.000000
-21.590317 61.495866 0.000000 0.000000
-13.827565 61.495866 10.886127 0.515120
-6.064813 61.495866 10.821659 0.271091
1.697939 61.495866 10.800591 0.221820
9.460691 61.495866 10.729897 0.250707
17.223443 61.495866 10.542357 -0.108533
24.986195 61.495866 10.541598 -0.348935
32.748947 61.495866 10.557453 -0.365770
40.511699 61.495866 10.498148 -0.566685
48.274451 61.495866 10.300021 -0.498429
56.037204 61.495866 10.382727 -0.449475
63.799956 61.495866 0.000000 0.000000
71.562708 61.495866 9.998560 -0.547277
79.325460 61.495866 9.890820 -0.254128
87.088212 61.495866 9.870461 -0.130471
94.850964 61.495866 9.607162 -0.241712
102.613716 61.495866 9.958490 -0.397333
110.376468 61.495866 9.866235 -0.161552
118.139220 61.495866 9.883101 -0.437655
125.901972 61.495866 9.853224 0.162952
133.664724 61.495866 10.056107 -0.060240
141.427476 61.495866 0.000000 0.000000
-52.641325 53.733114 9.783652 1.042121
-44.878573 53.733114 9.798244 0.996447
-37.115821 53.733114 0.000000 0.000000
-29.353069 53.733114 0.000000 0.000000
-21.590317 53.733114 10.720261 0.955523
-13.827565 53.733114 11.093372 0.801485
-6.064813 53.733114 11.100041 0.268139
1.697939 53.733114 11.060299 0.204277
9.460691 53.733114 10.792410 -0.350270
17.223443 53.733114 10.897819 -0.422278
24.986195 53.733114 10.708582 -0.263891
32.748947 53.733114 10.587782 -0.467545
40.511699 53.733114 10.477246 -0.498506
48.274451 53.733114 10.254968 -0.567568
56.037204 53.733114 10.552882 -0.785497
63.799956 53.733114 0.000000 0.000000
71.562708 53.733114 10.048703 -0.516137
79.325460 53.733114 9.700774 -0.422876
87.088212 53.733114 9.844204 -0.267611
94.850964 53.733114 9.879992 -0.042969
102.613716 53.733114 10.058790 -0.047217
110.376468 53.733114 10.068705 -0.151440
118.139220 53.733114 10.021947 -0.194419
125.901972 53.733114 9.940742 -0.180538
133.664724 53.733114 10.217680 -0.116966
141.427476 53.733114 0.000000 0.000000
-52.641325 45.970361 9.394544 0.473717
-44.878573 45.970361 9.135706 1.030202
-37.115821 45.970361 9.521045 1.674222
-29.353069 45.970361 0.000000 0.000000
-21.590317 45.970361 11.405304 1.375756
-13.827565 45.970361 11.781661 0.789397
-6.064813 45.970361 11.454800 0.329396
1.697939 45.970361 11.203649 -0.169470
9.460691 45.970361 10.902538 -0.345002
17.223443 45.970361 10.847774 -0.588818
24.986195 45.970361 10.852376 -0.568145
32.748947 45.970361 10.463266 -0.735101
40.511699 45.970361 10.473292 -0.596940
48.274451 45.970361 10.482238 -0.746597
56.037204 45.970361 10.436344 -0.831638
63.799956 45.970361 0.000000 0.000000
71.562708 45.970361 9.962315 -0.814259
79.325460 45.970361 9.201007 -0.247219
87.088212 45.970361 10.048062 0.008551
94.850964 45.970361 9.997881 -0.576020
102.613716 45.970361 9.359990 -0.253706
110.376468 45.970361 10.143970 0.008853
118.139220 45.970361 9.687066 -0.736936
125.901972 45.970361 9.505825 -0.349212
133.664724 45.970361 10.207778 0.224858
141.427476 45.970361 0.000000 0.000000
-52.641325 38.207609 9.547481 0.357393
-44.878573 38.207609 8.495772 0.633095
-37.115821 38.207609 0.000000 0.000000
-29.353069 38.207609 0.000000 0.000000
-21.590317 38.207609 0.000000 0.000000
-13.827565 38.207609 0.000000 0.000000
-6.064813 38.207609 0.000000 0.000000
1.697939 38.207609 0.000000 0.000000
9.460691 38.207609 0.000000 0.000000
17.223443 38.207609 0.000000 0.000000
24.986195 38.207609 0.000000 0.000000
32.748947 38.207609 0.000000 0.000000
40.511699 38.207609 0.000000 0.000000
48.274451 38.207609 0.000000 0.000000
56.037204 38.207609 0.000000 0.000000
63.799956 38.207609 0.000000 0.000000
71.562708 38.207609 9.765046 -1.839550
79.325460 38.207609 8.337623 -1.181803
87.088212 38.207609 0.000000 0.000000
94.850964 38.207609 9.148161 -1.522323
102.613716 38.207609 8.488054 -0.042880
110.376468 38.207609 8.660757 2.015470
118.139220 38.207609 9.435131 -1.284996
125.901972 38.207609 9.071557 1.724613
133.664724 38.207609 9.282245 1.674300
141.427476 38.207609 0.000000 0.000000
-52.641325 30.444857 0.000000 0.000000
-44.878573 30.444857 0.000000 0.000000
-37.115821 30.444857 0.000000 0.000000
-29.353069 30.444857 0.000000 0.000000
-21.590317 30.444857 0.000000 0.000000
-13.827565 30.444857 0.000000 0.000000
-6.064813 30.444857 0.000000 0.000000
1.697939 30.444857 0.000000 0.000000
9.460691 30.444857 0.000000 0.000000
17.223443 30.444857 0.000000 0.000000
24.986195 30.444857 0.000000 0.000000
32.748947 30.444857 0.000000 0.000000
40.511699 30.444857 0.000000 0.000000
48.274451 30.444857 0.000000 0.000000
56.037204 30.444857 0.000000 0.000000
63.799956 30.444857 0.000000 0.000000
71.562708 30.444857 0.000000 0.000000
79.325460 30.444857 9.343752 -0.747519
87.088212 30.444857 9.436525 0.808108
94.850964 30.444857 9.103360 -0.481040
102.613716 30.444857 10.205724 -0.114863
110.376468 30.444857 9.262645 0.675789
118.139220 30.444857 9.759432 -0.500591
125.901972 30.444857 10.259551 0.613452
133.664724 30.444857 9.253144 0.617011
141.427476 30.444857 0.000000 0.000000
-52.641325 22.682105 0.000000 0.000000
-44.878573 22.682105 9.725945 -0.414903
-37.115821 22.682105 0.000000 0.000000
-29.353069 22.682105 0.000000 0.000000
-21.590317 22.682105 0.000000 0.000000
-13.827565 22.682105 0.000000 0.000000
-6.064813 22.682105 0.000000 0.000000
1.697939 22.682105 0.000000 0.000000
9.460691 22.682105 0.000000 0.000000
17.223443 22.682105 0.000000 0.000000
24.986195 22.682105 0.000000 0.000000
32.748947 22.682105 0.000000 0.000000
40.511699 22.682105 0.000000 0.000000
48.274451 22.682105 0.000000 0.000000
56.037204 22.682105 10.077705 0.798980
63.799956 22.682105 9.891029 0.783563
71.562708 22.682105 9.684654 0.548036
79.325460 22.682105 9.672908 0.474714
87.088212 22.682105 9.492092 0.375237
94.850964 22.682105 9.770901 0.101691
102.613716 22.682105 9.638225 0.197627
110.376468 22.682105 9.801772 0.212908
118.139220 22.682105 9.914892 -0.094510
125.901972 22.682105 9.920475 0.155867
133.664724 22.682105 9.841286 0.223868
141.427476 22.682105 0.000000 0.000000
-52.641325 14.919353 9.053790 -0.683405
-44.878573 14.919353 9.843656 -0.376980
-37.115821 14.919353 9.791383 -0.618147
-29.353069 14.919353 10.238946 -0.883271
-21.590317 14.919353 10.427886 -0.605191
-13.827565 14.919353 10.651665 -0.628415
-6.064813 14.919353 10.809795 -0.343404
1.697939 14.919353 10.789628 0.090479
9.460691 14.919353 10.766759 0.165263
17.223443 14.919353 10.650659 0.307896
24.986195 14.919353 10.548070 0.501967
32.748947 14.919353 10.471898 0.562712
40.511699 14.919353 10.402974 0.490723
48.274451 14.919353 10.205663 0.665878
56.037204 14.919353 10.151508 0.634356
63.799956 14.919353 9.958108 0.666526
71.562708 14.919353 9.968096 0.528892
79.325460 14.919353 9.793097 0.403665
87.088212 14.919353 9.721478 0.279959
94.850964 14.919353 9.805936 0.366542
102.613716 14.919353 9.774590 0.295132
110.376468 14.919353 9.612375 0.070055
118.139220 14.919353 9.940056 0.169646
125.901972 14.919353 9.820650 0.108903
133.664724 14.919353 9.994747 0.126381
141.427476 14.919353 0.000000 0.000000
-52.641325 7.156601 9.900190 -0.621185
-44.878573 7.156601 10.000577 -0.539022
-37.115821 7.156601 10.072474 -0.657800
-29.353069 7.156601 10.050974 -0.518784
-21.590317 7.156601 10.288164 -0.335745
-13.827565 7.156601 10.512837 -0.211301
-6.064813 7.156601 10.604402 -0.263209
1.697939 7.156601 10.644496 -0.038598
9.460691 7.156601 10.637160 0.089701
17.223443 7.156601 10.566442 0.368069
24.986195 7.156601 10.717367 0.502836
32.748947 7.156601 10.497087 0.503580
40.511699 7.156601 10.336390 0.384247
48.274451 7.156601 10.190813 0.528451
56.037204 7.156601 10.178654 0.504317
63.799956 7.156601 9.987251 0.505230
71.562708 7.156601 9.898062 0.504829
79.325460 7.156601 9.869178 0.442325
87.088212 7.156601 9.800451 0.346491
94.850964 7.156601 9.862971 0.245081
102.613716 7.156601 9.906569 0.168495
110.376468 7.156601 9.933887 0.296801
118.139220 7.156601 9.876242 0.175134
125.901972 7.156601 9.919099 0.097274
133.664724 7.156601 9.958484 0.045964
141.427476 7.156601 0.000000 0.000000
-52.641325 -0.606151 0.000000 0.000000
-44.878573 -0.606151 9.978855 -0.309140
-37.115821 -0.606151 9.985080 -0.442088
-29.353069 -0.606151 10.241308 -0.152357
-21.590317 -0.606151 10.332447 -0.255467
-13.827565 -0.606151 10.435992 -0.251438
-6.064813 -0.606151 10.347593 -0.168640
1.697939 -0.606151 10.498086 -0.034132
9.460691 -0.606151 10.464025 -0.116806
17.223443 -0.606151 10.498525 0.218852
24.986195 -0.606151 10.378051 0.295987
32.748947 -0.606151 10.266387 0.397120
40.511699 -0.606151 10.267571 0.383998
48.274451 -0.606151 10.243455 0.400368
56.037204 -0.606151 10.097786 0.480186
63.799956 -0.606151 10.092536 0.410128
71.562708 -0.606151 10.007036 0.376308
79.325460 -0.606151 9.920753 0.355579
87.088212 -0.606151 9.870115 0.292100
94.850964 -0.606151 9.857018 0.350890
102.613716 -0.606151 9.873527 0.212121
110.376468 -0.606151 9.897630 0.203349
118.139220 -0.606151 9.921283 0.210801
125.901972 -0.606151 9.915602 0.161792
133.664724 -0.606151 9.900431 0.183897
141.427476 -0.606151 0.000000 0.000000
-52.641325 -8.368903 10.126573 0.050221
-44.878573 -8.368903 10.065102 -0.245115
-37.115821 -8.368903 10.060240 -0.261312
-29.353069 -8.368903 10.299374 -0.120717
-21.590317 -8.368903 10.315993 -0.199854
-13.827565 -8.368903 10.308868 -0.101812
-6.064813 -8.368903 10.389680 -0.143393
1.697939 -8.368903 10.419909 0.041087
9.460691 -8.368903 10.444321 0.209154
17.223443 -8.368903 10.378309 0.288994
24.986195 -8.368903 10.354830 0.403517
32.748947 -8.368903 10.375237 0.383115
40.511699 -8.368903 10.287029 0.391031
48.274451 -8.368903 10.207532 0.468415
56.037204 -8.368903 10.197642 0.397693
63.799956 -8.368903 10.096053 0.514530
71.562708 -8.368903 10.135820 0.360817
79.325460 -8.368903 9.974148 0.401765
87.088212 -8.368903 9.987850 0.387702
94.850964 -8.368903 9.942129 0.276538
102.613716 -8.368903 9.960612 0.245038
110.376468 -8.368903 9.882694 0.205736
118.139220 -8.368903 9.901184 0.175581
125.901972 -8.368903 9.911511 0.137288
133.664724 -8.368903 9.853736 0.154025
141.427476 -8.368903 0.000000 0.000000
-52.641325 -16.131655 0.000000 0.000000
-44.878573 -16.131655 10.163939 -0.388014
-37.115821 -16.131655 10.092234 -0.077866
-29.353069 -16.131655 10.312052 -0.404563
-21.590317 -16.131655 10.104604 -0.086718
-13.827565 -16.131655 10.293247 -0.093980
-6.064813 -16.131655 10.332410 0.098298
1.697939 -16.131655 10.342898 0.120076
9.460691 -16.131655 10.371530 0.224210
17.223443 -16.131655 10.319078 0.235364
24.986195 -16.131655 10.319430 0.291967
32.748947 -16.131655 10.304981 0.342901
40.511699 -16.131655 10.226687 0.418453
48.274451 -16.131655 10.199962 0.324483
56.037204 -16.131655 10.096658 0.403092
63.799956 -16.131655 10.107972 0.335692
71.562708 -16.131655 10.104560 0.359484
79.325460 -16.131655 9.999658 0.374395
87.088212 -16.131655 10.028820 0.288590
94.850964 -16.131655 10.002755 0.225389
102.613716 -16.131655 10.017801 0.249658
110.376468 -16.131655 9.908482 0.207963
118.139220 -16.131655 9.937231 0.199619
125.901972 -16.131655 9.959465 0.199098
133.664724 -16.131655 9.961674 0.190566
141.427476 -16.131655 0.000000 0.000000
-52.641325 -23.894407 0.000000 0.000000
-44.878573 -23.894407 9.525413 0.162665
-37.115821 -23.894407 10.160996 -0.241981
-29.353069 -23.894407 10.121396 -0.204089
-21.590317 -23.894407 10.190091 -0.038441
-13.827565 -23.894407 10.235978 -0.075802
-6.064813 -23.894407 10.255078 0.101852
1.697939 -23.894407 10.330251 -0.041893
9.460691 -23.894407 10.352065 0.228994
17.223443 -23.894407 10.306123 0.216622
24.986195 -23.894407 10.266251 0.257083
32.748947 -23.894407 10.267652 0.262605
40.511699 -23.894407 10.231030 0.337012
48.274451 -23.894407 10.191886 0.276069
56.037204 -23.894407 10.106276 0.323270
63.799956 -23.894407 10.112093 0.325090
71.562708 -23.894407 10.079432 0.354595
79.325460 -23.894407 9.988559 0.301647
87.088212 -23.894407 10.004180 0.283691
94.850964 -23.894407 9.977276 0.241641
102.613716 -23.894407 9.910709 0.225540
110.376468 -23.894407 9.903009 0.299950
118.139220 -23.894407 9.925497 0.194342
125.901972 -23.894407 9.996141 0.165642
133.664724 -23.894407 9.962401 0.224469
141.427476 -23.894407 0.000000 0.000000
-52.641325 -31.657159 0.000000 0.000000
-44.878573 -31.657159 10.128460 -1.789307
-37.115821 -31.657159 10.178400 -0.041837
-29.353069 -31.657159 10.180831 -0.010913
-21.590317 -31.657159 10.208185 0.175245
-13.827565 -31.657159 10.194162 -0.002335
-6.064813 -31.657159 10.222430 0.159226
1.697939 -31.657159 10.260026 0.183619
9.460691 -31.657159 10.304920 0.205801
17.223443 -31.657159 10.229433 0.204336
24.986195 -31.657159 10.257719 0.265313
32.748947 -31.657159 10.267707 0.297662
40.511699 -31.657159 10.227872 0.312906
48.274451 -31.657159 10.148553 0.273404
56.037204 -31.657159 10.123679 0.282781
63.799956 -31.657159 10.165223 0.304935
71.562708 -31.657159 10.058982 0.274039
79.325460 -31.657159 10.107021 0.330710
87.088212 -31.657159 9.947249 0.313254
94.850964 -31.657159 10.041127 0.283401
102.613716 -31.657159 9.991404 0.251636
110.376468 -31.657159 9.943875 0.241216
118.139220 -31.657159 9.989571 0.180649
125.901972 -31.657159 9.966621 0.206745
133.664724 -31.657159 9.944480 0.323338
141.427476 -31.657159 0.000000 0.000000
-52.641325 -39.419911 0.000000 0.000000
-44.878573 -39.419911 0.000000 0.000000
-37.115821 -39.419911 10.297257 0.565282
-29.353069 -39.419911 9.991095 -0.035492
-21.590317 -39.419911 10.245171 0.135644
-13.827565 -39.419911 10.169751 0.110776
-6.064813 -39.419911 10.203250 0.198561
1.697939 -39.419911 10.275320 0.156919
9.460691 -39.419911 10.243054 0.256559
17.223443 -39.419911 10.273894 0.224278
24.986195 -39.419911 10.282235 0.200653
32.748947 -39.419911 10.243850 0.232255
40.511699 -39.419911 10.215490 0.346766
48.274451 -39.419911 10.292248 0.209694
56.037204 -39.419911 10.164162 0.292301
63.799956 -39.419911 10.038401 0.223248
71.562708 -39.419911 10.021232 0.284117
79.325460 -39.419911 10.061955 0.284799
87.088212 -39.419911 10.021145 0.299318
94.850964 -39.419911 10.051171 0.230167
102.613716 -39.419911 10.051689 0.276445
110.376468 -39.419911 10.072844 0.287260
118.139220 -39.419911 9.972451 0.271559
125.901972 -39.419911 9.947447 0.235481
133.664724 -39.419911 9.887272 0.183203
141.427476 -39.419911 0.000000 0.000000
-52.641325 -47.182663 0.000000 0.000000
-44.878573 -47.182663 0.000000 0.000000
-37.115821 -47.182663 0.000000 0.000000
-29.353069 -47.182663 0.000000 0.000000
-21.590317 -47.182663 0.000000 0.000000
-13.827565 -47.182663 0.000000 0.000000
-6.064813 -47.182663 0.000000 0.000000
1.697939 -47.182663 0.000000 0.000000
9.460691 -47.182663 0.000000 0.000000
17.223443 -47.182663 0.000000 0.000000
24.986195 -47.182663 0.000000 0.000000
32.748947 -47.182663 0.000000 0.000000
40.511699 -47.182663 0.000000 0.000000
48.274451 -47.182663 0.000000 0.000000
56.037204 -47.182663 0.000000 0.000000
63.799956 -47.182663 0.000000 0.000000
71.562708 -47.182663 0.000000 0.000000
79.325460 -47.182663 0.000000 0.000000
87.088212 -47.182663 0.000000 0.000000
94.850964 -47.182663 0.000000 0.000000
102.613716 -47.182663 0.000000 0.000000
110.376468 -47.182663 0.000000 0.000000
118.139220 -47.182663 0.000000 0.000000
125.901972 -47.182663 0.000000 0.000000
133.664724 -47.182663 0.000000 0.000000
141.427476 -47.182663 0.000000 0.000000
